123.670000, 2.012522, -2.003891, 1.575297
142.164000, 2.015961, -1.814441, 1.585072
143.167000, 2.004328, -1.620425, 1.581502
144.178000, 1.999058, -1.421612, 1.560124
145.187000, 2.012328, -1.222671, 1.525982
146.243000, 2.035310, -1.013141, 1.507717
147.361000, 2.042913, -0.796409, 1.504998
148.816000, 2.069926, -0.599563, 1.419424
149.458000, 2.073032, -0.593953, 1.210452
154.509000, 2.071504, -0.583396, 1.421772
154.959000, 2.061720, -0.569343, 1.633818
155.401000, 2.051263, -0.552823, 1.924977
155.784000, 2.013349, -0.498467, 2.178552
156.128000, 1.977517, -0.442241, 2.402939
156.460000, 1.919357, -0.407054, 2.607543
156.911000, 1.833812, -0.370987, 2.818248
157.694000, 1.683496, -0.341593, 3.032272
158.702000, 1.489009, -0.339702, -3.102161
159.820000, 1.274626, -0.356352, -3.025785
161.056000, 1.074662, -0.386118, -2.905449
172.458000, 1.044910, -0.393851, -2.676852
172.791000, 1.040652, -0.393372, -2.459389
173.127000, 1.027451, -0.405582, -2.237092
173.461000, 1.010134, -0.428726, -2.016555
173.796000, 0.986301, -0.485323, -1.796145
174.135000, 0.982140, -0.546008, -1.573880
174.475000, 0.987950, -0.610686, -1.350102
174.920000, 1.016275, -0.696655, -1.105849
175.481000, 1.077390, -0.787918, -0.887150
176.247000, 1.191410, -0.888334, -0.674333
177.467000, 1.388747, -1.020956, -0.500076
178.588000, 1.589715, -1.114307, -0.403040
179.930000, 1.802465, -1.193354, -0.353067
181.053000, 1.866479, -1.214306, -0.593657
181.394000, 1.870658, -1.218822, -0.805090
182.737000, 2.024810, -1.428535, -1.019838
183.909000, 2.139105, -1.633246, -1.068857
185.134000, 2.257194, -1.846358, -1.064738
186.376000, 2.379244, -2.063832, -1.056521
187.564000, 2.493790, -2.265703, -1.018193
189.015000, 2.617943, -2.480563, -0.971971
189.690000, 2.658585, -2.531033, -0.757907
190.255000, 2.667815, -2.537062, -0.531971
196.477000, 2.700152, -2.552835, -0.753203
196.815000, 2.708133, -2.560964, -0.967177
197.145000, 2.715476, -2.576713, -1.183703
197.481000, 2.721681, -2.584017, -1.403280
197.818000, 2.726426, -2.584263, -1.621247
198.155000, 2.728705, -2.582087, -1.843211
198.490000, 2.726127, -2.587074, -2.062751
198.833000, 2.717371, -2.600413, -2.290538
199.165000, 2.704877, -2.611580, -2.509933
199.562000, 2.658499, -2.636194, -2.769730
199.897000, 2.611358, -2.649682, -2.987391
200.231000, 2.548705, -2.653396, 3.074082
200.568000, 2.480879, -2.642529, 2.853002
200.906000, 2.428897, -2.620194, 2.630120
201.244000, 2.383408, -2.585763, 2.405636
201.687000, 2.339698, -2.532792, 2.148696
202.136000, 2.301802, -2.451151, 1.916923
202.705000, 2.287472, -2.383235, 1.689136
203.483000, 2.287112, -2.380073, 1.909231
220.060000, 2.284510, -2.373219, 1.635051
220.401000, 2.283769, -2.373697, 1.412397
220.733000, 2.282113, -2.374268, 1.196568
221.065000, 2.280090, -2.374027, 0.980200
221.404000, 2.286417, -2.367791, 0.757642
221.749000, 2.311945, -2.348290, 0.532510
222.076000, 2.325931, -2.340033, 0.317103
222.410000, 2.340629, -2.338245, 0.106944
222.752000, 2.385954, -2.338669, -0.107843
223.319000, 2.469493, -2.356267, -0.341125
223.897000, 2.551307, -2.395825, -0.546571
224.682000, 2.642973, -2.468399, -0.768088
226.231000, 2.797283, -2.614868, -0.559164
226.792000, 2.820687, -2.626600, -0.331735
227.354000, 2.822647, -2.626788, -0.121335
227.804000, 2.820137, -2.626402, 0.079041
228.249000, 2.821795, -2.628191, 0.288157
228.704000, 2.819165, -2.625533, 0.497671
229.261000, 2.821333, -2.626977, 0.727847
229.712000, 2.823908, -2.627454, 0.930992
230.263000, 2.825324, -2.628551, 1.163421
230.828000, 2.821069, -2.627678, 1.400741
231.274000, 2.823514, -2.625315, 1.625252
231.612000, 2.826678, -2.626659, 1.848127
231.949000, 2.825783, -2.627196, 2.069566
232.284000, 2.824016, -2.627136, 2.283356
232.729000, 2.826080, -2.629114, 2.514005
233.292000, 2.824398, -2.630424, 2.746910
233.899000, 2.812796, -2.626032, 2.971633
235.796000, 2.610623, -2.624235, -3.141280
237.457000, 2.402279, -2.623764, -3.140801
239.356000, 2.221258, -2.626591, -2.871977
239.699000, 2.224694, -2.625035, -2.646557
240.034000, 2.226806, -2.626781, -2.424048
240.372000, 2.226631, -2.625271, -2.202855
240.707000, 2.223037, -2.624696, -1.983652
241.040000, 2.218974, -2.624216, -1.766023
241.376000, 2.217689, -2.627713, -1.546069
241.716000, 2.218027, -2.630978, -1.323180
242.057000, 2.217289, -2.631126, -1.097043
242.388000, 2.218675, -2.630512, -0.879506
242.724000, 2.218215, -2.631775, -0.658688
243.059000, 2.219068, -2.629873, -0.439270
243.403000, 2.219932, -2.631116, -0.212394
243.737000, 2.223980, -2.632147, 0.006594
244.074000, 2.224971, -2.628344, 0.226967
244.405000, 2.226437, -2.626153, 0.442570
244.748000, 2.226741, -2.626167, 0.667407
245.081000, 2.233944, -2.622097, 0.883880
245.414000, 2.254926, -2.585547, 1.101540
245.784000, 2.276420, -2.526736, 1.344305
246.117000, 2.282180, -2.480255, 1.561279
246.461000, 2.275618, -2.441308, 1.769369
247.015000, 2.274785, -2.431430, 2.000779
247.693000, 2.247432, -2.381115, 2.212831
249.457000, 2.078489, -2.167300, 2.268507
250.808000, 1.931195, -1.957848, 2.110260
252.040000, 1.813404, -1.742242, 2.027513
253.168000, 1.731416, -1.532808, 1.814859
253.841000, 1.710675, -1.401045, 1.599224
254.402000, 1.721639, -1.289971, 1.394370
255.068000, 1.756380, -1.166713, 1.170763
255.783000, 1.827091, -1.042895, 0.946016
256.796000, 1.959904, -0.897500, 0.725782
258.134000, 2.173163, -0.743075, 0.549884
