0.278215, 3.220162, -2.778315, 1.578072
0.378064, 3.220162, -2.778315, 1.578072
0.477977, 3.220162, -2.778315, 1.578072
0.577786, 3.220162, -2.778315, 1.578072
0.676741, 3.220162, -2.778315, 1.578072
0.776454, 3.220162, -2.778315, 1.578072
0.855418, 3.220162, -2.778315, 1.578072
0.975329, 3.220162, -2.778315, 1.578072
1.075159, 3.220162, -2.778315, 1.578072
1.175408, 3.220162, -2.778315, 1.578072
1.254098, 3.220162, -2.778315, 1.578072
1.373896, 3.220162, -2.778315, 1.578072
1.473943, 3.220162, -2.778315, 1.578072
1.572829, 3.220162, -2.778315, 1.578072
1.672553, 3.220162, -2.778315, 1.578072
1.791347, 3.220162, -2.778315, 1.578072
1.891280, 3.220162, -2.778315, 1.578072
1.971133, 3.220162, -2.778315, 1.578072
2.071192, 3.220162, -2.778315, 1.578072
2.189995, 3.220162, -2.778315, 1.578072
2.269908, 3.220162, -2.778315, 1.578072
2.389731, 3.220162, -2.778315, 1.578072
2.468633, 3.220162, -2.778315, 1.578072
2.588441, 3.220162, -2.778315, 1.578072
2.687435, 3.220162, -2.778315, 1.578072
2.787219, 3.220162, -2.778315, 1.578072
2.867142, 3.220162, -2.778315, 1.578072
2.986904, 3.220162, -2.778315, 1.578072
3.086781, 3.220162, -2.778315, 1.578072
3.185692, 3.220162, -2.778315, 1.578072
3.265629, 3.220162, -2.778315, 1.578072
3.344574, 3.220162, -2.778315, 1.578072
3.484385, 3.220162, -2.778315, 1.578072
3.584240, 3.220162, -2.778315, 1.578072
3.664152, 3.220162, -2.778315, 1.578072
3.783072, 3.220162, -2.778315, 1.578072
3.882966, 3.220162, -2.778315, 1.578072
3.982890, 3.220162, -2.778315, 1.578072
4.061831, 3.220162, -2.778315, 1.578072
4.181597, 3.220162, -2.778315, 1.578072
4.280501, 3.220162, -2.778315, 1.578072
4.381383, 3.220162, -2.778315, 1.578072
4.460253, 3.220162, -2.778315, 1.578072
4.580185, 3.220162, -2.778315, 1.578072
4.680108, 3.220162, -2.778315, 1.578072
4.778959, 3.220162, -2.778315, 1.578072
4.858872, 3.220162, -2.778315, 1.578072
4.977754, 3.220162, -2.778315, 1.578072
5.077546, 3.220162, -2.778315, 1.578072
5.177436, 3.220162, -2.778315, 1.578072
5.257438, 3.220162, -2.778315, 1.578072
5.376318, 3.220162, -2.778315, 1.578072
5.476116, 3.220162, -2.778315, 1.578072
5.576028, 3.220162, -2.778315, 1.578072
5.655063, 3.220162, -2.778315, 1.578072
5.774956, 3.220162, -2.778315, 1.578072
5.873700, 3.220162, -2.778315, 1.578072
5.973564, 3.220162, -2.778315, 1.578072
6.074500, 3.220162, -2.778315, 1.578072
6.192388, 3.220162, -2.778315, 1.578072
6.292195, 3.220162, -2.778315, 1.578072
6.372111, 3.220162, -2.778315, 1.578072
6.472149, 3.220162, -2.778315, 1.578072
6.590776, 3.220162, -2.778315, 1.578072
6.690698, 3.220162, -2.778315, 1.578072
6.770546, 3.220162, -2.778315, 1.578072
6.869519, 3.220162, -2.778315, 1.578072
6.989341, 3.220162, -2.778315, 1.578072
7.089230, 3.220162, -2.778315, 1.578072
7.169162, 3.220162, -2.778315, 1.578072
7.247993, 3.220162, -2.778315, 1.578072
7.387892, 3.220162, -2.778315, 1.578072
7.487872, 3.220162, -2.778315, 1.578072
7.567568, 3.220162, -2.778315, 1.578072
7.686674, 3.220162, -2.778315, 1.578072
7.786399, 3.220162, -2.778315, 1.578072
7.886254, 3.220162, -2.778315, 1.578072
7.965091, 3.220162, -2.778315, 1.578072
8.085064, 3.220162, -2.778315, 1.578072
8.183869, 3.220162, -2.778315, 1.578072
8.283733, 3.220162, -2.778315, 1.578072
8.364605, 3.220162, -2.778315, 1.578072
8.483503, 3.220162, -2.778315, 1.578072
8.583380, 3.220162, -2.778315, 1.578072
8.682381, 3.220162, -2.778315, 1.578072
8.762236, 3.220162, -2.778315, 1.578072
8.881035, 3.220162, -2.778315, 1.578072
8.980963, 3.220162, -2.778315, 1.578072
9.081722, 3.220162, -2.778315, 1.578072
9.160791, 3.220162, -2.778315, 1.578072
9.280546, 3.220162, -2.778315, 1.578072
9.379481, 3.220162, -2.778315, 1.578072
9.479290, 3.220162, -2.778315, 1.578072
9.558303, 3.220162, -2.778315, 1.578072
9.678085, 3.220162, -2.778315, 1.578072
9.778032, 3.220162, -2.778315, 1.578072
9.876939, 3.220162, -2.778315, 1.578072
9.957799, 3.220162, -2.778315, 1.578072
10.076685, 3.220162, -2.778315, 1.578072
10.176584, 3.220162, -2.778315, 1.578072
10.275591, 3.220162, -2.778315, 1.578072
10.355396, 3.220162, -2.778315, 1.578072
10.474291, 3.220162, -2.778315, 1.578072
10.594125, 3.220162, -2.778315, 1.578072
10.675105, 3.220162, -2.778315, 1.578072
10.773956, 3.220162, -2.778315, 1.578072
10.892824, 3.220162, -2.778315, 1.578072
10.992651, 3.220162, -2.778315, 1.578072
11.072638, 3.220162, -2.778315, 1.578072
11.171534, 3.220162, -2.778315, 1.578072
11.291356, 3.220162, -2.778315, 1.578072
11.391311, 3.220162, -2.778315, 1.578072
11.470217, 3.220162, -2.778315, 1.578072
11.590079, 3.220162, -2.778315, 1.578072
11.689912, 3.220162, -2.778315, 1.578072
11.789832, 3.220162, -2.778315, 1.578072
11.868706, 3.220162, -2.778315, 1.578072
11.968623, 3.220162, -2.778315, 1.578072
12.088484, 3.220162, -2.778315, 1.578072
12.187308, 3.220162, -2.778315, 1.578072
12.268240, 3.220162, -2.778315, 1.578072
12.386127, 3.220162, -2.778315, 1.578072
12.486058, 3.220162, -2.778315, 1.578072
12.585918, 3.220162, -2.778315, 1.578072
12.665854, 3.220162, -2.778315, 1.578072
12.784710, 3.220162, -2.778315, 1.578072
12.884474, 3.220162, -2.778315, 1.578072
12.985354, 3.220162, -2.778315, 1.578072
13.063306, 3.220162, -2.778315, 1.578072
13.183172, 3.220162, -2.778315, 1.578072
13.283067, 3.220162, -2.778315, 1.578072
13.382932, 3.220162, -2.778315, 1.578072
13.461888, 3.220162, -2.778315, 1.578072
13.581730, 3.220162, -2.778315, 1.578072
13.681696, 3.220162, -2.778315, 1.578072
13.780421, 3.220162, -2.778315, 1.578072
13.861311, 3.220162, -2.778315, 1.578072
13.980243, 3.220162, -2.778315, 1.578072
14.080083, 3.220162, -2.778315, 1.578072
14.179060, 3.220162, -2.778315, 1.578072
14.258915, 3.220162, -2.778315, 1.578072
14.377767, 3.220162, -2.778315, 1.578072
14.477712, 3.220162, -2.778315, 1.578072
14.577582, 3.220162, -2.778315, 1.578072
14.656490, 3.220162, -2.778315, 1.578072
14.776303, 3.220162, -2.778315, 1.578072
14.876216, 3.220162, -2.778315, 1.578072
14.976104, 3.220162, -2.778315, 1.578072
15.055068, 3.220162, -2.778315, 1.578072
15.174849, 3.220162, -2.778315, 1.578072
15.274812, 3.220162, -2.778315, 1.578072
15.373759, 3.220162, -2.778315, 1.578072
15.473603, 3.220162, -2.778315, 1.578072
15.572487, 3.220162, -2.778315, 1.578072
15.692363, 3.220162, -2.778315, 1.578072
15.772200, 3.220162, -2.778315, 1.578072
15.872078, 3.220162, -2.778315, 1.578072
15.991898, 3.220162, -2.778315, 1.578072
16.090796, 3.220162, -2.778315, 1.578072
16.171734, 3.220162, -2.778315, 1.578072
16.269696, 3.220162, -2.778315, 1.578072
16.389528, 3.220162, -2.778315, 1.578072
16.489453, 3.220162, -2.778315, 1.578072
16.569373, 3.220162, -2.778315, 1.578072
16.668187, 3.220162, -2.778315, 1.578072
16.788062, 3.220162, -2.778315, 1.578072
16.888010, 3.220162, -2.778315, 1.578072
16.966894, 3.220162, -2.778315, 1.578072
17.066734, 3.220162, -2.778315, 1.578072
17.185647, 3.220162, -2.778315, 1.578072
17.285491, 3.220162, -2.778315, 1.578072
17.365459, 3.220162, -2.778315, 1.578072
17.485223, 3.220162, -2.778315, 1.578072
17.585096, 3.220162, -2.778315, 1.578072
17.683991, 3.220162, -2.778315, 1.578072
17.764871, 3.220162, -2.778315, 1.578072
17.882670, 3.220162, -2.778315, 1.578072
17.982628, 3.220162, -2.778315, 1.578072
18.082579, 3.220162, -2.778315, 1.578072
18.162423, 3.220162, -2.778315, 1.578072
18.282326, 3.220162, -2.778315, 1.578072
18.381187, 3.220162, -2.778315, 1.578072
18.481283, 3.220162, -2.778315, 1.578072
18.560041, 3.220162, -2.778315, 1.578072
18.679939, 3.220162, -2.778315, 1.578072
18.778790, 3.220162, -2.778315, 1.578072
18.878717, 3.220162, -2.778315, 1.578072
18.958564, 3.220162, -2.778315, 1.578072
19.077523, 3.220162, -2.778315, 1.578072
19.178425, 3.220162, -2.778315, 1.578072
19.277181, 3.220162, -2.778315, 1.578072
19.357159, 3.220162, -2.778315, 1.578072
19.476125, 3.220162, -2.778315, 1.578072
19.575968, 3.220162, -2.778315, 1.578072
19.675763, 3.220162, -2.778315, 1.578072
19.755737, 3.220162, -2.778315, 1.578072
19.875540, 3.220162, -2.778315, 1.578072
19.974448, 3.220162, -2.778315, 1.578072
20.074264, 3.220162, -2.778315, 1.578072
20.173201, 3.220162, -2.778315, 1.578072
20.273009, 3.220162, -2.778315, 1.578072
20.391913, 3.220123, -2.772899, 1.575803
20.471831, 3.220140, -2.768506, 1.560269
20.571741, 3.220291, -2.761599, 1.530599
20.671520, 3.220833, -2.751678, 1.497088
20.790426, 3.222016, -2.737826, 1.474748
20.890324, 3.223625, -2.722215, 1.458517
20.970225, 3.224967, -2.710608, 1.451710
21.069108, 3.226815, -2.696012, 1.431464
21.188960, 3.229464, -2.678427, 1.409473
21.288959, 3.232020, -2.663505, 1.386958
21.368829, 3.253766, -2.637117, 1.396190
21.468624, 3.256502, -2.622184, 1.377340
21.587483, 3.260113, -2.604423, 1.362854
21.687404, 3.263413, -2.589211, 1.347844
21.766334, 3.266203, -2.577031, 1.344702
21.886228, 3.270445, -2.558972, 1.333532
21.986096, 3.274183, -2.543818, 1.321489
22.084932, 3.277684, -2.530319, 1.311716
22.164954, 3.280658, -2.519240, 1.302814
22.284728, 3.285982, -2.500714, 1.279078
22.383687, 3.290070, -2.487293, 1.263719
22.463607, 3.293031, -2.478076, 1.256738
22.583407, 3.297996, -2.463009, 1.242601
22.682400, 3.302091, -2.451249, 1.226195
22.782307, 3.318372, -2.431208, 1.233374
22.882140, 3.323656, -2.416295, 1.221331
22.961977, 3.327506, -2.405715, 1.223077
23.061927, 3.332013, -2.393332, 1.219586
23.180733, 3.337055, -2.379692, 1.212430
23.280800, 3.341603, -2.367734, 1.199166
23.379593, 3.344748, -2.359668, 1.197595
23.479393, 3.348596, -2.350000, 1.179793
23.579223, 3.352649, -2.340232, 1.179443
23.659203, 3.355690, -2.332813, 1.181363
23.779019, 3.360916, -2.320022, 1.189741
23.857977, 3.364415, -2.311271, 1.189741
23.977763, 3.369942, -2.297636, 1.172113
24.076647, 3.375133, -2.285571, 1.156231
24.176597, 3.379642, -2.275394, 1.150122
24.255481, 3.382906, -2.268164, 1.139475
24.375367, 3.387656, -2.258146, 1.114866
24.475266, 3.392779, -2.247786, 1.104045
24.574079, 3.398678, -2.236242, 1.090432
24.674010, 3.412129, -2.206270, 1.095426
24.773863, 3.417144, -2.196669, 1.079020
24.893711, 3.422295, -2.187091, 1.072388
24.972683, 3.425693, -2.180979, 1.047604
25.072490, 3.430216, -2.173249, 1.037132
25.192420, 3.436618, -2.162618, 1.004843
25.291326, 3.442720, -2.153156, 0.993673
25.372214, 3.445874, -2.148340, 0.977616
25.471073, 3.448118, -2.145070, 0.962432
25.589916, 3.449166, -2.143566, 0.973078
25.689813, 3.449951, -2.142397, 0.988437
25.769771, 3.450602, -2.141396, 1.004494
25.889679, 3.451212, -2.140420, 1.033292
25.988451, 3.451789, -2.139423, 1.063137
26.088355, 3.452373, -2.138333, 1.098742
26.167272, 3.452753, -2.137570, 1.129809
26.267196, 3.453102, -2.136791, 1.173093
26.386934, 3.453591, -2.135563, 1.220217
26.486853, 3.453384, -2.135007, 1.276263
26.565863, 3.453634, -2.134147, 1.305236
26.685577, 3.453861, -2.133237, 1.359690
26.785494, 3.454085, -2.132107, 1.401927
26.884399, 3.454196, -2.131391, 1.441721
26.965333, 3.473572, -2.122940, 1.484652
27.084239, 3.473648, -2.121833, 1.530380
27.183135, 3.473672, -2.120768, 1.576980
27.282914, 3.473661, -2.120128, 1.616948
27.362798, 3.473619, -2.119447, 1.656916
27.461688, 3.492455, -2.112461, 1.691421
27.581577, 3.492302, -2.111406, 1.744479
27.681493, 3.492138, -2.110526, 1.774150
27.760411, 3.492067, -2.110192, 1.799981
27.880229, 3.491848, -2.109324, 1.836982
27.980131, 3.491675, -2.108708, 1.861591
28.080055, 3.498628, -2.108475, 1.889698
28.158934, 3.498436, -2.107910, 1.912562
28.278770, 3.498123, -2.107071, 1.943455
28.378632, 3.497788, -2.106240, 1.970158
28.477536, 3.497688, -2.106005, 1.997560
28.558443, 3.497705, -2.106044, 2.001050
28.677237, 3.497705, -2.106044, 2.001400
28.776162, 3.497705, -2.106044, 2.001749
28.876057, 3.497705, -2.106044, 2.001749
28.956102, 3.497705, -2.106044, 2.001749
29.074901, 3.497705, -2.106044, 2.001749
29.174640, 3.497705, -2.106044, 2.001749
29.274528, 3.497705, -2.106044, 2.001749
29.353504, 3.497705, -2.106044, 2.001749
29.493298, 3.497705, -2.106044, 2.001749
29.573209, 3.497705, -2.106044, 2.001749
29.673100, 3.497705, -2.106044, 2.001749
29.771967, 3.497705, -2.106044, 2.001749
29.891823, 3.497705, -2.106044, 2.001749
29.991719, 3.497705, -2.106044, 2.001749
30.070662, 3.497705, -2.106044, 2.001749
30.170567, 3.497705, -2.106044, 2.001749
30.290404, 3.497705, -2.106044, 2.001749
30.350273, 3.497705, -2.106044, 2.001749
30.469383, 3.497705, -2.106044, 2.001749
30.569123, 3.497705, -2.106044, 2.001749
30.688852, 3.497705, -2.106044, 2.001749
30.787878, 3.497705, -2.106044, 2.001749
30.867781, 3.497705, -2.106044, 2.001749
30.966557, 3.497705, -2.106044, 2.001749
31.027490, 3.497705, -2.106044, 2.001749
31.186325, 3.497705, -2.106044, 2.001749
31.286178, 3.497705, -2.106044, 2.001749
31.365046, 3.497705, -2.106044, 2.001749
31.485061, 3.497705, -2.106044, 2.001749
31.584778, 3.497705, -2.106044, 2.001749
31.683656, 3.497705, -2.106044, 2.001749
31.763520, 3.497705, -2.106044, 2.001749
31.883397, 3.497705, -2.106044, 2.001749
31.983310, 3.497705, -2.106044, 2.001749
32.082184, 3.497705, -2.106044, 2.001749
32.162079, 3.497705, -2.106044, 2.001749
32.301916, 3.497705, -2.106044, 2.001749
32.380831, 3.497705, -2.106044, 2.001749
32.480609, 3.497705, -2.106044, 2.001749
32.560534, 3.497705, -2.106044, 2.001749
32.680455, 3.497705, -2.106044, 2.001749
32.779267, 3.497705, -2.106044, 2.001749
32.879147, 3.497705, -2.106044, 2.001749
32.958165, 3.497705, -2.106044, 2.001749
33.078038, 3.497705, -2.106044, 2.001749
33.177855, 3.497705, -2.106044, 2.001749
33.276791, 3.497705, -2.106044, 2.001749
33.356638, 3.497705, -2.106044, 2.001749
33.476478, 3.497705, -2.106044, 2.001749
33.576269, 3.497705, -2.106044, 2.001749
33.675417, 3.497705, -2.106044, 2.001749
33.755217, 3.497705, -2.106044, 2.001749
33.875298, 3.497705, -2.106044, 2.001749
33.973806, 3.497705, -2.106044, 2.001749
34.073811, 3.497705, -2.106044, 2.001749
34.153814, 3.497705, -2.106044, 2.001749
34.293458, 3.497705, -2.106044, 2.001749
34.393303, 3.497705, -2.106044, 2.001749
34.472158, 3.497705, -2.106044, 2.001749
34.572067, 3.497705, -2.106044, 2.001749
34.690913, 3.497705, -2.106044, 2.001749
34.790824, 3.497705, -2.106044, 2.001749
34.869730, 3.497705, -2.106044, 2.001749
34.969592, 3.497705, -2.106044, 2.001749
35.089532, 3.497705, -2.106044, 2.001749
35.189395, 3.497705, -2.106044, 2.001749
35.268278, 3.497705, -2.106044, 2.001749
35.368192, 3.497705, -2.106044, 2.001749
35.488125, 3.497705, -2.106044, 2.001749
35.587008, 3.497705, -2.106044, 2.001749
35.666800, 3.497705, -2.106044, 2.001749
35.766761, 3.497705, -2.106044, 2.001749
35.886589, 3.497705, -2.106044, 2.001749
35.986478, 3.497705, -2.106044, 2.001749
36.065431, 3.497705, -2.106044, 2.001749
36.185257, 3.497705, -2.106044, 2.001749
36.284114, 3.497705, -2.106044, 2.001749
36.384009, 3.497705, -2.106044, 2.001749
36.462959, 3.497705, -2.106044, 2.001749
36.582787, 3.497705, -2.106044, 2.001749
36.682633, 3.497705, -2.106044, 2.001749
36.782508, 3.497705, -2.106044, 2.001749
36.861467, 3.497705, -2.106044, 2.001749
36.981342, 3.497705, -2.106044, 2.001749
37.081225, 3.497705, -2.106044, 2.001749
37.180069, 3.497705, -2.106044, 2.001749
37.260035, 3.497705, -2.106044, 2.001749
37.379871, 3.497705, -2.106044, 2.001749
37.479638, 3.497705, -2.106044, 2.001749
37.579540, 3.497705, -2.106044, 2.001749
37.658535, 3.497705, -2.106044, 2.001749
37.778379, 3.497705, -2.106044, 2.001749
37.877272, 3.497705, -2.106044, 2.001749
37.977190, 3.497705, -2.106044, 2.001749
38.056989, 3.497705, -2.106044, 2.001749
38.176847, 3.497705, -2.106044, 2.001749
38.275749, 3.497705, -2.106044, 2.001749
38.375656, 3.497705, -2.106044, 2.001749
38.454499, 3.497705, -2.106044, 2.001749
38.574316, 3.497705, -2.106044, 2.001749
38.674205, 3.497705, -2.106044, 2.001749
38.773161, 3.497705, -2.106044, 2.001749
38.873014, 3.497705, -2.106044, 2.001749
38.992831, 3.497705, -2.106044, 2.001749
39.091823, 3.497705, -2.106044, 2.001749
39.172760, 3.497705, -2.106044, 2.001749
39.271596, 3.497705, -2.106044, 2.001749
39.391506, 3.497705, -2.106044, 2.001749
39.490349, 3.497705, -2.106044, 2.001749
39.570232, 3.497705, -2.106044, 2.001749
39.670151, 3.497705, -2.106044, 2.001923
39.789953, 3.496939, -2.104378, 2.001749
39.889901, 3.494455, -2.098948, 1.980630
39.968714, 3.491923, -2.092981, 1.963875
40.088597, 3.491317, -2.091525, 1.939266
40.187486, 3.491067, -2.090844, 1.919369
40.287361, 3.489738, -2.087107, 1.893189
40.367346, 3.487966, -2.081585, 1.868056
40.486145, 3.484771, -2.070258, 1.815871
40.586919, 3.481881, -2.057490, 1.756530
40.685908, 3.470993, -2.048298, 1.705585
40.765834, 3.469549, -2.036445, 1.666141
40.884627, 3.468279, -2.018710, 1.606974
40.984428, 3.468054, -2.003617, 1.553218
41.083303, 3.467320, -1.990456, 1.504103
41.163284, 3.468333, -1.978388, 1.460470
41.283096, 3.470841, -1.960097, 1.397813
41.383004, 3.473856, -1.944958, 1.344755
41.482856, 3.473356, -1.928930, 1.279030
41.561837, 3.477083, -1.917093, 1.242727
41.681812, 3.483567, -1.899169, 1.198221
41.780641, 3.489430, -1.884750, 1.163314
41.880457, 3.495943, -1.870239, 1.129630
41.960299, 3.489131, -1.856187, 1.111894
42.079231, 3.498029, -1.838993, 1.071577
42.179105, 3.505591, -1.825388, 1.047666
42.279015, 3.513949, -1.811406, 1.018344
42.358895, 3.520728, -1.800556, 0.998099
42.477931, 3.531408, -1.784356, 0.974362
42.577594, 3.540609, -1.771068, 0.950975
42.676444, 3.550118, -1.758051, 0.925493
42.756386, 3.558081, -1.747660, 0.904025
42.876247, 3.564485, -1.728621, 0.885755
42.976062, 3.574940, -1.716017, 0.870571
43.075964, 3.585604, -1.703421, 0.865335
43.154953, 3.594213, -1.693331, 0.861146
43.274879, 3.607248, -1.678387, 0.844740
43.373667, 3.618334, -1.665932, 0.837933
43.473534, 3.629744, -1.653482, 0.820654
43.553506, 3.638753, -1.643807, 0.819607
43.692240, 3.654827, -1.626666, 0.813673
43.793261, 3.666329, -1.614536, 0.811928
43.872033, 3.675558, -1.604833, 0.808961
43.971945, 3.687142, -1.592661, 0.811928
44.090847, 3.701071, -1.577954, 0.811055
44.190745, 3.712707, -1.565714, 0.811230
44.269694, 3.722040, -1.555875, 0.814022
44.369555, 3.733823, -1.543364, 0.816989
44.490408, 3.747797, -1.528405, 0.821004
44.588221, 3.758263, -1.514963, 0.823421
44.669243, 3.767619, -1.504853, 0.824642
44.768089, 3.779388, -1.492096, 0.828133
44.887838, 3.793408, -1.476774, 0.833194
44.986776, 3.805083, -1.463872, 0.839652
45.066801, 3.814226, -1.453627, 0.844015
45.166657, 3.825840, -1.440556, 0.846110
45.285441, 3.839820, -1.424739, 0.845935
45.386354, 3.851380, -1.411678, 0.848204
45.465216, 3.860685, -1.401120, 0.849077
45.585046, 3.874930, -1.384911, 0.849077
45.684057, 3.886330, -1.371936, 0.851869
45.783999, 3.897455, -1.359174, 0.856233
45.882946, 3.908646, -1.346243, 0.860945
45.982615, 3.918770, -1.334419, 0.862865
46.062487, 3.927889, -1.323757, 0.865483
46.182506, 3.949224, -1.313956, 0.876835
46.281281, 3.958488, -1.302802, 0.879278
46.381100, 3.967025, -1.292485, 0.879628
46.461080, 3.973677, -1.284428, 0.882246
46.579863, 3.986438, -1.268971, 0.887307
46.679776, 3.996648, -1.256168, 0.904935
46.779742, 4.006022, -1.244172, 0.913487
46.859560, 4.013586, -1.234279, 0.924308
46.979549, 4.026026, -1.217756, 0.935304
47.078482, 4.036460, -1.203251, 0.959913
47.178340, 4.045822, -1.189711, 0.975446
47.257365, 4.052463, -1.179838, 0.984871
47.377073, 4.061957, -1.165359, 0.997612
47.476972, 4.069316, -1.153867, 1.006164
47.575774, 4.076796, -1.141796, 1.028853
47.655722, 4.081929, -1.133238, 1.031471
47.775573, 4.089280, -1.120789, 1.053986
47.874397, 4.099799, -1.113279, 1.061979
47.974410, 4.108697, -1.097293, 1.063725
48.054383, 4.115198, -1.085586, 1.064423
48.193185, 4.125190, -1.067525, 1.066692
48.293065, 4.131970, -1.055242, 1.066517
48.373183, 4.137290, -1.045562, 1.068961
48.452875, 4.141963, -1.037035, 1.070531
48.591749, 4.150283, -1.021851, 1.069484
48.691695, 4.155185, -1.012915, 1.066168
48.771475, 4.159578, -1.005013, 1.063550
48.870371, 4.164643, -0.995874, 1.065644
48.990261, 4.172904, -0.980804, 1.081003
49.090118, 4.178529, -0.970030, 1.095140
49.169123, 4.181103, -0.965024, 1.095315
49.249019, 4.182119, -0.963052, 1.094617
49.389094, 4.183249, -0.960805, 1.131618
49.487697, 4.184101, -0.958943, 1.155529
49.567604, 4.184643, -0.957691, 1.182581
49.667578, 4.185859, -0.963126, 1.242279
49.786345, 4.186580, -0.960894, 1.286436
49.886322, 4.186928, -0.959575, 1.339494
49.966117, 4.187231, -0.958200, 1.378240
50.065010, 4.187476, -0.956815, 1.428680
50.184847, 4.184831, -0.956455, 1.493225
50.284786, 4.184912, -0.955093, 1.540523
50.364594, 4.184928, -0.953728, 1.585378
50.483553, 4.184870, -0.952109, 1.641229
50.583365, 4.192590, -0.958304, 1.687655
50.683243, 4.192431, -0.957077, 1.730591
50.763138, 4.192232, -0.955943, 1.763054
50.881973, 4.191854, -0.954149, 1.804592
50.981833, 4.191552, -0.952950, 1.838801
51.081866, 4.191342, -0.954520, 1.873905
51.160823, 4.190935, -0.953262, 1.899910
51.280630, 4.190446, -0.951898, 1.934293
51.379503, 4.190071, -0.950945, 1.970596
51.479315, 4.189419, -0.949462, 2.002012
51.559592, 4.189311, -0.949230, 2.024876
51.678112, 4.189293, -0.949191, 2.023829
51.777915, 4.189293, -0.949191, 2.024003
51.877807, 4.189293, -0.949191, 2.023829
51.957756, 4.189293, -0.949191, 2.024178
52.076591, 4.189293, -0.949191, 2.023829
52.176478, 4.189293, -0.949191, 2.023829
52.276513, 4.189293, -0.949191, 2.023829
52.356302, 4.189293, -0.949191, 2.023829
52.475364, 4.189293, -0.949191, 2.023829
52.575197, 4.189293, -0.949191, 2.023829
52.675104, 4.189293, -0.949191, 2.023829
52.753832, 4.189293, -0.949191, 2.023829
52.893657, 4.189293, -0.949191, 2.023829
52.972589, 4.189293, -0.949191, 2.023829
53.072507, 4.189293, -0.949191, 2.023829
53.173506, 4.189293, -0.949191, 2.023829
53.291241, 4.189293, -0.949191, 2.023829
53.391367, 4.189293, -0.949191, 2.023829
53.470930, 4.189293, -0.949191, 2.023829
53.570828, 4.189293, -0.949191, 2.023829
53.669758, 4.189293, -0.949191, 2.023829
53.789648, 4.189293, -0.949191, 2.023829
53.869562, 4.189293, -0.949191, 2.023829
53.968406, 4.189293, -0.949191, 2.023829
54.088282, 4.189293, -0.949191, 2.023829
54.188212, 4.189293, -0.949191, 2.023829
54.268005, 4.189293, -0.949191, 2.023829
54.367117, 4.189293, -0.949191, 2.023829
54.486833, 4.189293, -0.949191, 2.023829
54.586697, 4.189293, -0.949191, 2.023829
54.665742, 4.189293, -0.949191, 2.023829
54.785480, 4.189293, -0.949191, 2.023829
54.884375, 4.189293, -0.949191, 2.023829
54.984214, 4.189293, -0.949191, 2.023829
55.064081, 4.189293, -0.949191, 2.023829
55.183975, 4.189293, -0.949191, 2.023829
55.283916, 4.189293, -0.949191, 2.023829
55.382838, 4.189293, -0.949191, 2.023829
55.462665, 4.189293, -0.949191, 2.023829
55.581528, 4.189293, -0.949191, 2.023829
55.681418, 4.189293, -0.949191, 2.023829
55.781284, 4.189293, -0.949191, 2.023829
55.861185, 4.189293, -0.949191, 2.023829
55.980050, 4.189293, -0.949191, 2.023829
56.079914, 4.189293, -0.949191, 2.023829
56.179831, 4.189293, -0.949191, 2.023829
56.258692, 4.189293, -0.949191, 2.023829
56.378573, 4.189293, -0.949191, 2.023829
56.477520, 4.189293, -0.949191, 2.023829
56.577373, 4.189293, -0.949191, 2.023829
56.657310, 4.189293, -0.949191, 2.023829
56.777259, 4.189293, -0.949191, 2.023829
56.856062, 4.189293, -0.949191, 2.023829
56.975982, 4.189293, -0.949191, 2.023829
57.055803, 4.189293, -0.949191, 2.023829
57.174824, 4.189293, -0.949191, 2.023829
57.274722, 4.189293, -0.949191, 2.023829
57.374576, 4.189293, -0.949191, 2.023829
57.474435, 4.189293, -0.949191, 2.023829
57.573325, 4.189293, -0.949191, 2.023829
57.693298, 4.189293, -0.949191, 2.023829
57.773102, 4.189293, -0.949191, 2.023829
57.872044, 4.189293, -0.949191, 2.023829
57.971906, 4.189293, -0.949191, 2.023829
58.090898, 4.189293, -0.949191, 2.023829
58.170702, 4.189293, -0.949191, 2.023829
58.270631, 4.189293, -0.949191, 2.023829
58.389481, 4.189293, -0.949191, 2.023829
58.489419, 4.189293, -0.949191, 2.023829
58.569427, 4.189293, -0.949191, 2.023829
58.669269, 4.189293, -0.949191, 2.023829
58.788073, 4.189293, -0.949191, 2.023829
58.887950, 4.189293, -0.949191, 2.023829
58.966776, 4.189293, -0.949191, 2.023829
59.066692, 4.189293, -0.949191, 2.023829
59.187521, 4.189293, -0.949191, 2.023829
59.285403, 4.189293, -0.949191, 2.023829
59.366317, 4.189293, -0.949191, 2.023829
59.485215, 4.189293, -0.949191, 2.023829
59.585052, 4.189293, -0.949191, 2.023829
59.683864, 4.189293, -0.949191, 2.023829
59.763821, 4.189293, -0.949191, 2.023829
59.883625, 4.189293, -0.949191, 2.023829
59.982490, 4.189293, -0.949191, 2.023829
60.082451, 4.189293, -0.949191, 2.023829
60.162318, 4.189293, -0.949191, 2.024003
60.282374, 4.186365, -0.943170, 2.014404
60.381169, 4.183545, -0.937004, 1.985432
60.481050, 4.183136, -0.936066, 1.967978
60.560918, 4.183394, -0.936697, 1.943020
60.679714, 4.183185, -0.936138, 1.910731
60.799588, 4.183213, -0.936218, 1.882806
60.879640, 4.183136, -0.935974, 1.860117
60.959473, 4.183124, -0.935933, 1.830446
61.078375, 4.183125, -0.935933, 1.805663
61.178198, 4.183061, -0.935642, 1.775468
61.277046, 4.183095, -0.935809, 1.748241
61.357042, 4.183066, -0.935641, 1.723109
61.476840, 4.182596, -0.946350, 1.677677
61.575810, 4.182588, -0.946266, 1.641723
61.675649, 4.182584, -0.946223, 1.599660
61.755619, 4.182585, -0.946266, 1.572782
61.855396, 4.182584, -0.946180, 1.536479
61.974309, 4.183880, -0.952315, 1.485331
62.074121, 4.183892, -0.952188, 1.446236
62.173995, 4.183894, -0.952188, 1.410107
62.253862, 4.183915, -0.952062, 1.380786
62.373808, 4.183934, -0.951979, 1.328601
62.492653, 4.184997, -0.947937, 1.280604
62.572518, 4.190365, -0.955704, 1.234902
62.671366, 4.191663, -0.952137, 1.205580
62.791331, 4.192350, -0.950576, 1.147286
62.890280, 4.193471, -0.948181, 1.109064
62.970018, 4.193825, -0.947548, 1.065954
63.069969, 4.195740, -0.949686, 1.034604
63.188875, 4.196435, -0.948663, 0.975961
63.288718, 4.197978, -0.946412, 0.943847
63.368635, 4.198399, -0.945874, 0.907544
63.488474, 4.201821, -0.941622, 0.869845
63.587286, 4.206971, -0.933917, 0.814622
63.687181, 4.215682, -0.924959, 0.774304
63.767152, 4.223919, -0.917161, 0.729799
63.866145, 4.235837, -0.907019, 0.674297
63.985873, 4.247570, -0.895482, 0.615506
64.085844, 4.260367, -0.886773, 0.571175
64.165708, 4.270862, -0.880231, 0.533127
64.284728, 4.287246, -0.871002, 0.487574
64.384490, 4.301218, -0.863856, 0.453365
64.483362, 4.315469, -0.857083, 0.431199
64.563153, 4.330515, -0.852597, 0.409715
64.683033, 4.348195, -0.845135, 0.380568
64.781971, 4.363089, -0.839311, 0.362766
64.881824, 4.378240, -0.833684, 0.343567
64.961684, 4.390349, -0.829425, 0.329255
65.081543, 4.408778, -0.823351, 0.305694
65.180537, 4.424369, -0.818485, 0.294872
65.280342, 4.440035, -0.813862, 0.279165
65.360143, 4.452663, -0.810249, 0.277594
65.479046, 4.471747, -0.804859, 0.274103
65.578967, 4.487758, -0.800358, 0.273056
65.678815, 4.503774, -0.795873, 0.273230
65.797656, 4.522992, -0.790486, 0.275848
65.877615, 4.539920, -0.786398, 0.276235
65.977524, 4.556042, -0.781818, 0.277980
66.076420, 4.572240, -0.777194, 0.279551
66.156322, 4.585107, -0.773484, 0.281645
66.276085, 4.604599, -0.767816, 0.284961
66.374999, 4.620761, -0.763067, 0.287230
66.474995, 4.636912, -0.758282, 0.289499
66.554875, 4.649947, -0.754387, 0.290895
66.693804, 4.672817, -0.747512, 0.294037
66.793574, 4.689265, -0.742526, 0.296306
66.873580, 4.702314, -0.738533, 0.297702
66.972413, 4.718535, -0.733534, 0.299797
67.092206, 4.737928, -0.729816, 0.307794
67.192036, 4.754390, -0.724590, 0.308144
67.271089, 4.767432, -0.720430, 0.309191
67.370877, 4.782421, -0.715637, 0.310238
67.490757, 4.801499, -0.709491, 0.316696
67.590554, 4.815917, -0.704736, 0.319663
67.669434, 4.827129, -0.701016, 0.320710
67.769285, 4.839307, -0.696957, 0.322281
67.889232, 4.851359, -0.692926, 0.324550
67.988115, 4.862832, -0.689045, 0.327168
68.067969, 4.875306, -0.684795, 0.329960
68.187792, 4.890837, -0.679470, 0.330658
68.286728, 4.902609, -0.675411, 0.334323
68.387000, 4.914279, -0.671314, 0.347763
68.466458, 4.922637, -0.668219, 0.359107
68.565418, 4.931466, -0.664921, 0.358409
68.685151, 4.944743, -0.653664, 0.371382
68.785130, 4.955801, -0.649272, 0.381854
68.864975, 4.963837, -0.646052, 0.380283
68.983803, 4.980461, -0.639386, 0.384995
69.083823, 4.992192, -0.634608, 0.386392
69.183649, 5.002304, -0.630494, 0.385344
69.262548, 5.009699, -0.627508, 0.383599
69.382335, 5.025621, -0.621038, 0.387788
69.482176, 5.042143, -0.614233, 0.398958
69.581157, 5.056855, -0.607964, 0.405067
69.661048, 5.068807, -0.602831, 0.411350
69.780946, 5.085554, -0.595363, 0.426534
69.880727, 5.097374, -0.589933, 0.436308
69.979705, 5.109809, -0.584108, 0.443115
70.059551, 5.119911, -0.579236, 0.457077
70.179429, 5.143040, -0.570016, 0.463682
70.278433, 5.154566, -0.564176, 0.477296
70.378159, 5.165721, -0.558358, 0.484452
70.457062, 5.173827, -0.554074, 0.490386
70.576977, 5.186141, -0.547438, 0.504523
70.676816, 5.189484, -0.545554, 0.523023
70.776807, 5.189263, -0.545682, 0.521453
70.855562, 5.189152, -0.545745, 0.521802
70.975559, 5.189042, -0.545810, 0.534542
71.075433, 5.189005, -0.545832, 0.550949
71.174351, 5.189258, -0.545674, 0.564737
71.254193, 5.189545, -0.545490, 0.578525
71.374107, 5.189617, -0.545444, 0.591615
71.492888, 5.189441, -0.545564, 0.610464
71.572753, 5.189337, -0.545638, 0.624078
71.672714, 5.189577, -0.545461, 0.643451
71.791545, 5.188676, -0.543948, 0.663134
71.891434, 5.188643, -0.543975, 0.676573
71.971357, 5.188676, -0.543948, 0.691932
72.070188, 5.188545, -0.544057, 0.710956
72.190137, 5.188545, -0.544057, 0.727885
72.289962, 5.188545, -0.544057, 0.727362
72.369717, 5.188545, -0.544057, 0.727187
72.469707, 5.188545, -0.544057, 0.727187
72.588590, 5.188545, -0.544057, 0.727187
72.688397, 5.188545, -0.544057, 0.727187
72.767353, 5.188545, -0.544057, 0.727187
72.887226, 5.188545, -0.544057, 0.727187
72.987102, 5.188545, -0.544057, 0.727187
73.086968, 5.188545, -0.544057, 0.727187
73.165917, 5.188545, -0.544057, 0.727187
73.285683, 5.188545, -0.544057, 0.727187
73.385561, 5.188545, -0.544057, 0.727187
73.484461, 5.188545, -0.544057, 0.727187
73.564320, 5.188545, -0.544057, 0.727187
73.683209, 5.188545, -0.544057, 0.727187
73.783090, 5.188545, -0.544057, 0.727187
73.883036, 5.188545, -0.544057, 0.727187
73.942847, 5.188545, -0.544057, 0.727187
74.082724, 5.188545, -0.544057, 0.727187
74.181654, 5.188545, -0.544057, 0.727187
74.281498, 5.188545, -0.544057, 0.727187
74.360504, 5.188545, -0.544057, 0.727187
74.480239, 5.188545, -0.544057, 0.727187
74.580091, 5.188545, -0.544057, 0.727187
74.680018, 5.188545, -0.544057, 0.727187
74.759006, 5.188545, -0.544057, 0.727187
74.878831, 5.188545, -0.544057, 0.727187
74.978737, 5.188545, -0.544057, 0.727187
75.077549, 5.188545, -0.544057, 0.727187
75.157417, 5.188545, -0.544057, 0.727187
75.276220, 5.188545, -0.544057, 0.727187
75.376155, 5.188545, -0.544057, 0.727187
75.476058, 5.188545, -0.544057, 0.727187
75.555995, 5.188545, -0.544057, 0.727187
75.675759, 5.188545, -0.544057, 0.727187
75.774697, 5.188545, -0.544057, 0.727187
75.874587, 5.188545, -0.544057, 0.727187
75.953400, 5.188545, -0.544057, 0.727187
76.093240, 5.188545, -0.544057, 0.727187
76.193205, 5.188545, -0.544057, 0.727187
76.272958, 5.188545, -0.544057, 0.727187
76.372911, 5.188545, -0.544057, 0.727187
76.491759, 5.188545, -0.544057, 0.727187
76.591642, 5.188545, -0.544057, 0.727187
76.670623, 5.188545, -0.544057, 0.727187
76.770477, 5.188545, -0.544057, 0.727187
76.889330, 5.188545, -0.544057, 0.727187
76.989288, 5.188545, -0.544057, 0.727187
77.069205, 5.188545, -0.544057, 0.727187
77.169100, 5.188545, -0.544057, 0.727187
77.287922, 5.188545, -0.544057, 0.727187
77.387757, 5.188545, -0.544057, 0.727187
77.487610, 5.188545, -0.544057, 0.727187
77.586500, 5.188545, -0.544057, 0.727187
77.666423, 5.188545, -0.544057, 0.727187
77.785238, 5.188545, -0.544057, 0.727187
77.885088, 5.188545, -0.544057, 0.727187
77.984997, 5.188545, -0.544057, 0.727187
78.064941, 5.188545, -0.544057, 0.727187
78.183918, 5.188545, -0.544057, 0.727187
78.283762, 5.188545, -0.544057, 0.727187
78.383548, 5.188545, -0.544057, 0.727187
78.462519, 5.188545, -0.544057, 0.727187
78.582387, 5.188545, -0.544057, 0.727187
78.682230, 5.188545, -0.544057, 0.727187
78.762180, 5.188545, -0.544057, 0.727187
78.862019, 5.188545, -0.544057, 0.727187
78.940890, 5.188545, -0.544057, 0.727187
79.080889, 5.188545, -0.544057, 0.727187
79.179700, 5.188545, -0.544057, 0.727187
79.279542, 5.188545, -0.544057, 0.727187
79.358497, 5.188545, -0.544057, 0.727187
79.478306, 5.188545, -0.544057, 0.727187
79.579128, 5.188545, -0.544057, 0.727187
79.677051, 5.188545, -0.544057, 0.727187
79.756991, 5.188545, -0.544057, 0.727187
79.876823, 5.188545, -0.544057, 0.727187
79.976602, 5.188545, -0.544057, 0.727187
80.075544, 5.188545, -0.544057, 0.727187
80.155462, 5.188545, -0.544057, 0.727187
80.275510, 5.188545, -0.544057, 0.727187
80.374180, 5.188545, -0.544057, 0.727187
80.474140, 5.188545, -0.544057, 0.727187
80.553969, 5.188545, -0.544057, 0.727187
80.673770, 5.188545, -0.544057, 0.727187
80.792675, 5.188545, -0.544057, 0.727187
80.872686, 5.188545, -0.544057, 0.727187
80.971504, 5.188545, -0.544057, 0.727187
81.091262, 5.188545, -0.544057, 0.727187
81.191329, 5.188545, -0.544057, 0.727187
81.270102, 5.188545, -0.544057, 0.727187
81.370040, 5.188545, -0.544057, 0.727187
81.489852, 5.188545, -0.544057, 0.727187
81.589801, 5.188545, -0.544057, 0.727187
81.668650, 5.188545, -0.544057, 0.727187
81.768524, 5.188545, -0.544057, 0.727187
81.888463, 5.188545, -0.544057, 0.727187
81.987389, 5.188545, -0.544057, 0.727187
82.067141, 5.188545, -0.544057, 0.727187
82.167030, 5.188545, -0.544057, 0.727187
82.286966, 5.188545, -0.544057, 0.727187
82.385782, 5.188545, -0.544057, 0.727187
82.465807, 5.188545, -0.544057, 0.727187
82.585476, 5.188545, -0.544057, 0.727187
82.684454, 5.188545, -0.544057, 0.727187
82.784323, 5.188545, -0.544057, 0.727187
82.863265, 5.188545, -0.544057, 0.727187
82.983049, 5.188545, -0.544057, 0.727187
83.082972, 5.188545, -0.544057, 0.727187
83.182841, 5.188545, -0.544057, 0.727187
83.361782, 5.188545, -0.544057, 0.727187
83.481502, 5.188545, -0.544057, 0.727187
83.580477, 5.188545, -0.544057, 0.727187
83.680313, 5.188545, -0.544057, 0.727187
83.760223, 5.188545, -0.544057, 0.727187
83.880222, 5.188545, -0.544057, 0.727187
83.978932, 5.188545, -0.544057, 0.727187
84.078876, 5.188545, -0.544057, 0.727187
84.157741, 5.188545, -0.544057, 0.727187
84.277588, 5.188545, -0.544057, 0.727187
84.377510, 5.188545, -0.544057, 0.727187
84.476444, 5.188545, -0.544057, 0.727187
84.556297, 5.188545, -0.544057, 0.727187
84.676080, 5.188545, -0.544057, 0.727187
84.775950, 5.188545, -0.544057, 0.727187
84.874825, 5.188545, -0.544057, 0.727187
84.954894, 5.188545, -0.544057, 0.727187
85.074606, 5.188545, -0.544057, 0.727187
85.173464, 5.188545, -0.544057, 0.727187
85.273568, 5.188545, -0.544057, 0.727187
85.353421, 5.188545, -0.544057, 0.727187
85.473106, 5.188545, -0.544057, 0.727187
85.593066, 5.188545, -0.544057, 0.727187
85.671883, 5.188545, -0.544057, 0.727187
85.771694, 5.188545, -0.544057, 0.727187
85.870640, 5.188545, -0.544057, 0.727187
85.990486, 5.188545, -0.544057, 0.727187
86.069685, 5.188545, -0.544057, 0.727187
86.169392, 5.188545, -0.544057, 0.727187
86.289165, 5.188545, -0.544057, 0.727187
86.389078, 5.188545, -0.544057, 0.727187
86.467979, 5.188545, -0.544057, 0.727187
86.587868, 5.188545, -0.544057, 0.727187
86.687649, 5.188545, -0.544057, 0.727187
86.786562, 5.188545, -0.544057, 0.727187
86.866433, 5.188545, -0.544057, 0.727187
86.946330, 5.188545, -0.544057, 0.727187
87.085138, 5.188545, -0.544057, 0.727187
87.186043, 5.188545, -0.544057, 0.727187
87.264996, 5.188545, -0.544057, 0.727187
87.383774, 5.188545, -0.544057, 0.727187
87.483739, 5.188545, -0.544057, 0.727187
87.584044, 5.188545, -0.544057, 0.727187
87.662555, 5.188545, -0.544057, 0.727187
87.782359, 5.188672, -0.543944, 0.727187
87.882340, 5.193644, -0.539523, 0.719508
87.981138, 5.199147, -0.534869, 0.688092
88.061018, 5.199874, -0.534276, 0.677620
88.180918, 5.199741, -0.534383, 0.659469
88.279810, 5.199775, -0.534357, 0.635034
88.379789, 5.199706, -0.534407, 0.620548
88.459791, 5.199706, -0.534408, 0.602745
88.578545, 5.199883, -0.534289, 0.579358
88.678343, 5.199991, -0.534221, 0.557018
88.778212, 5.199955, -0.534243, 0.539914
88.858338, 5.199991, -0.534221, 0.529267
88.976906, 5.200251, -0.534073, 0.505356
89.076797, 5.198450, -0.530592, 0.476742
89.176813, 5.198450, -0.530592, 0.454576
89.255745, 5.198603, -0.530518, 0.437646
89.375576, 5.198797, -0.530429, 0.406405
89.474542, 5.198719, -0.530463, 0.385985
89.574323, 5.198799, -0.530433, 0.366437
89.654164, 5.198999, -0.530359, 0.349158
89.794021, 5.198837, -0.530415, 0.314252
89.892956, 5.195701, -0.529975, 0.289929
89.972870, 5.195742, -0.529963, 0.264447
90.072917, 5.195659, -0.529984, 0.227446
90.171606, 5.195909, -0.529930, 0.198997
90.291541, 5.195699, -0.529967, 0.158156
90.371464, 5.195868, -0.529942, 0.137212
90.470249, 5.196037, -0.529919, 0.105098
90.590102, 5.190605, -0.524730, 0.066305
90.689939, 5.190903, -0.524716, 0.032620
90.769884, 5.190477, -0.524727, 0.009233
90.888740, 5.190903, -0.524734, -0.034051
90.988614, 5.190647, -0.524722, -0.064071
91.088535, 5.193198, -0.528517, -0.115751
91.167503, 5.192987, -0.528489, -0.148738
91.287374, 5.193113, -0.528512, -0.203716
91.387139, 5.193029, -0.528495, -0.245080
91.486124, 5.193070, -0.528506, -0.293077
91.565939, 5.194281, -0.529523, -0.326710
91.685842, 5.194283, -0.529519, -0.385004
91.784761, 5.194361, -0.529553, -0.428114
91.884665, 5.194286, -0.529514, -0.476634
91.964462, 5.192114, -0.529135, -0.511443
92.083328, 5.192076, -0.529115, -0.566421
92.183236, 5.192113, -0.529137, -0.617559
92.283127, 5.192044, -0.529087, -0.661367
92.363032, 5.192043, -0.529088, -0.702208
92.481896, 5.191763, -0.538177, -0.756248
92.581775, 5.191794, -0.538207, -0.804594
92.681638, 5.191619, -0.538020, -0.854336
92.761597, 5.191727, -0.538152, -0.890464
92.880452, 5.192697, -0.539422, -0.951332
92.980284, 5.192601, -0.539281, -0.999328
93.080209, 5.192579, -0.539245, -1.048896
93.159190, 5.192538, -0.539170, -1.088340
93.279402, 5.194219, -0.545454, -1.152468
93.377873, 5.194201, -0.545416, -1.195926
93.477758, 5.194114, -0.545175, -1.248635
93.557698, 5.194140, -0.545257, -1.286509
93.676565, 5.196847, -0.549247, -1.347346
93.776479, 5.196839, -0.549205, -1.403894
93.876344, 5.196838, -0.549205, -1.450145
93.956246, 5.196832, -0.549163, -1.493953
94.075193, 5.192502, -0.551409, -1.552595
94.175042, 5.192502, -0.551409, -1.605653
94.274911, 5.192502, -0.551409, -1.657489
94.353776, 5.192506, -0.551367, -1.699901
94.473596, 5.195867, -0.554138, -1.764539
94.592489, 5.195864, -0.554137, -1.823007
94.672406, 5.195897, -0.554014, -1.868037
94.772353, 5.195913, -0.553974, -1.916731
94.892261, 5.195898, -0.554014, -1.979912
94.992235, 5.197601, -0.560321, -2.036223
95.070910, 5.197601, -0.560321, -2.078634
95.170996, 5.197601, -0.560321, -2.130645
95.289764, 5.197159, -0.560948, -2.190859
95.389575, 5.195974, -0.563100, -2.259516
95.469495, 5.195643, -0.563490, -2.300881
95.569337, 5.195897, -0.563202, -2.355335
95.689180, 5.194067, -0.560268, -2.429267
95.787976, 5.193403, -0.560804, -2.484594
95.868169, 5.191286, -0.562387, -2.532765
95.966930, 5.186808, -0.565356, -2.588615
96.086661, 5.180888, -0.565812, -2.655350
96.186628, 5.180387, -0.566052, -2.704743
96.265507, 5.177032, -0.567531, -2.756055
96.385433, 5.174954, -0.565284, -2.821052
96.485255, 5.167447, -0.567567, -2.881789
96.585186, 5.159939, -0.569353, -2.941654
96.664056, 5.153988, -0.570473, -2.980052
96.783985, 5.149284, -0.569694, -3.056795
96.882837, 5.142220, -0.570141, -3.111599
96.982596, 5.134460, -0.570157, 3.109104
97.062532, 5.123678, -0.570326, 3.062030
97.182363, 5.105003, -0.568150, 2.981221
97.261227, 5.092320, -0.565914, 2.943696
97.381181, 5.073609, -0.561664, 2.884181
97.481007, 5.062394, -0.556163, 2.832523
97.579929, 5.047334, -0.551047, 2.784352
97.659797, 5.034820, -0.546165, 2.746653
97.779783, 5.016977, -0.538435, 2.711920
97.878569, 5.001984, -0.531337, 2.682773
97.978454, 4.987250, -0.523901, 2.660782
98.058469, 4.975580, -0.517689, 2.640886
98.178209, 4.962630, -0.509004, 2.614854
98.277107, 4.948311, -0.500544, 2.597051
98.376952, 4.935925, -0.492924, 2.579249
98.456041, 4.924745, -0.485788, 2.561621
98.575717, 4.909525, -0.475636, 2.544517
98.675541, 4.898075, -0.467752, 2.528111
98.775458, 4.884152, -0.457822, 2.515195
98.854419, 4.873112, -0.449800, 2.511530
98.994198, 4.855972, -0.437188, 2.497393
99.074154, 4.846606, -0.430059, 2.483430
99.172953, 4.836657, -0.422360, 2.481511
99.272917, 4.823705, -0.412269, 2.478194
99.392740, 4.807317, -0.399511, 2.482034
99.491598, 4.793671, -0.388924, 2.483605
99.571625, 4.783070, -0.380742, 2.485001
99.671417, 4.768935, -0.369881, 2.487096
99.771300, 4.751135, -0.364101, 2.492262
99.890176, 4.734696, -0.351691, 2.498196
99.970046, 4.723587, -0.343402, 2.505177
100.068918, 4.709721, -0.333249, 2.517569
100.188836, 4.692635, -0.321144, 2.533626
100.288655, 4.678341, -0.311298, 2.546716
100.368548, 4.666680, -0.303497, 2.557712
100.467458, 4.652091, -0.293936, 2.567311
100.587308, 4.634220, -0.282541, 2.583019
100.687261, 4.619261, -0.273326, 2.599600
100.766063, 4.607286, -0.266179, 2.609373
100.885964, 4.588912, -0.255529, 2.626652
100.985871, 4.573604, -0.246993, 2.642535
101.084662, 4.557330, -0.236825, 2.663402
101.164594, 4.544842, -0.230429, 2.676143
101.284612, 4.525875, -0.221164, 2.702672
101.383428, 4.509665, -0.213747, 2.723965
101.483480, 4.493164, -0.206566, 2.745083
101.563259, 4.479988, -0.201155, 2.765329
101.682065, 4.460206, -0.193668, 2.800061
101.781927, 4.443140, -0.187824, 2.827114
101.881865, 4.426219, -0.182496, 2.849978
101.961704, 4.407761, -0.180683, 2.870354
102.081684, 4.386830, -0.175095, 2.898279
102.180558, 4.369525, -0.171000, 2.924808
102.280360, 4.351993, -0.167338, 2.952734
102.359304, 4.337814, -0.164742, 2.973503
102.479189, 4.316445, -0.161454, 3.007362
102.579115, 4.298467, -0.159156, 3.026037
102.677906, 4.280363, -0.157205, 3.046632
102.757856, 4.258338, -0.157676, 3.069256
102.877614, 4.236711, -0.156415, 3.098403
102.976707, 4.218470, -0.155783, 3.119522
103.076576, 4.200305, -0.155495, 3.136277
103.156282, 4.185593, -0.155503, -3.130328
103.275226, 4.163634, -0.155911, -3.111827
103.375040, 4.145439, -0.156631, -3.089487
103.475006, 4.127090, -0.157704, -3.074303
103.554839, 4.112374, -0.158777, -3.061038
103.693681, 4.086633, -0.161079, -3.039920
103.793570, 4.068358, -0.163040, -3.025957
103.873481, 4.052418, -0.169532, -3.010024
103.972316, 4.034174, -0.172087, -2.991698
104.092170, 4.012239, -0.175625, -2.967438
104.192052, 3.994122, -0.178968, -2.947715
104.271882, 3.979741, -0.181867, -2.934102
104.371814, 3.961610, -0.185791, -2.916998
104.490748, 3.939913, -0.190955, -2.896577
104.590706, 3.921736, -0.195611, -2.883836
104.669433, 3.907358, -0.199456, -2.872317
104.769329, 3.889272, -0.204613, -2.852246
104.888219, 3.867906, -0.211160, -2.836887
104.988135, 3.851347, -0.217110, -2.834582
105.067935, 3.836883, -0.221723, -2.828997
105.167874, 3.818937, -0.227626, -2.819048
105.286798, 3.797483, -0.234875, -2.810845
105.386665, 3.779746, -0.240998, -2.807180
105.466605, 3.765577, -0.245954, -2.801421
105.565488, 3.747945, -0.252248, -2.793218
105.685283, 3.726652, -0.260081, -2.784491
105.785239, 3.708926, -0.266737, -2.777859
105.865193, 3.694788, -0.272152, -2.772972
105.984012, 3.673659, -0.280415, -2.763372
106.084030, 3.652194, -0.290668, -2.758760
106.183916, 3.634561, -0.297798, -2.755444
106.262739, 3.620542, -0.303515, -2.753175
106.382569, 3.599282, -0.312253, -2.747415
106.481531, 3.581897, -0.319538, -2.742703
106.581433, 3.564490, -0.326881, -2.740259
106.661333, 3.550442, -0.332860, -2.737292
106.781184, 3.529486, -0.341881, -2.732580
106.879942, 3.512083, -0.349450, -2.729613
106.979993, 3.494699, -0.357061, -2.727519
107.059741, 3.480728, -0.363217, -2.725250
107.178679, 3.459682, -0.372566, -2.721933
107.278674, 3.444103, -0.377049, -2.718628
107.378487, 3.426772, -0.384885, -2.714789
107.458325, 3.412917, -0.391196, -2.713043
107.577219, 3.392061, -0.400760, -2.709378
107.677135, 3.374726, -0.408790, -2.706586
107.777023, 3.357478, -0.416808, -2.703968
107.855925, 3.343659, -0.423298, -2.701175
107.975778, 3.322647, -0.433234, -2.698732
108.075727, 3.305312, -0.441466, -2.696637
108.174742, 3.288076, -0.449707, -2.691925
108.254457, 3.274265, -0.456414, -2.686863
108.374287, 3.250042, -0.465764, -2.686785
108.493159, 3.229440, -0.475860, -2.685040
108.573018, 3.215628, -0.482660, -2.683469
108.672962, 3.198224, -0.491241, -2.683469
108.792780, 3.177460, -0.501492, -2.682073
108.891700, 3.160262, -0.510008, -2.681375
108.972557, 3.146778, -0.516701, -2.678059
109.051477, 3.132833, -0.523712, -2.673870
109.190364, 3.108580, -0.535951, -2.672648
109.290251, 3.091423, -0.544643, -2.672823
109.370219, 3.077654, -0.551625, -2.672299
109.489032, 3.056810, -0.562193, -2.671252
109.588865, 3.039441, -0.569105, -2.669526
109.688818, 3.022311, -0.577851, -2.669526
109.767713, 3.008447, -0.584928, -2.669002
109.887527, 2.987869, -0.595454, -2.669700
109.987415, 2.970594, -0.604290, -2.668828
110.087368, 2.953397, -0.613094, -2.667431
110.166293, 2.939706, -0.620133, -2.665861
110.266028, 2.922313, -0.629114, -2.664813
110.385998, 2.901586, -0.639816, -2.664813
110.484870, 2.884348, -0.648726, -2.663068
110.565808, 2.870498, -0.655923, -2.661323
110.684657, 2.847538, -0.667589, -2.660070
110.784552, 2.830152, -0.676675, -2.659896
110.883418, 2.813036, -0.685633, -2.659372
110.963255, 2.799248, -0.692857, -2.658499
111.082217, 2.778588, -0.703689, -2.657976
111.182084, 2.761373, -0.712735, -2.657103
111.281974, 2.744279, -0.721735, -2.657627
111.361851, 2.730430, -0.729026, -2.655532
111.480703, 2.709729, -0.739964, -2.656405
111.580576, 2.692491, -0.749057, -2.656056
111.680561, 2.675208, -0.758154, -2.657976
111.759432, 2.661428, -0.765395, -2.657627
111.879231, 2.644532, -0.775854, -2.657625
111.980078, 2.627360, -0.784888, -2.655879
112.078021, 2.610167, -0.793975, -2.655705
112.158943, 2.596437, -0.801218, -2.654658
112.277788, 2.575612, -0.812286, -2.652912
112.377606, 2.558293, -0.821498, -2.651865
112.476493, 2.541126, -0.830635, -2.650992
112.556405, 2.527371, -0.838012, -2.648025
112.676248, 2.506980, -0.848987, -2.646455
112.775148, 2.489574, -0.858398, -2.645407
112.874975, 2.472363, -0.867723, -2.644535
112.954910, 2.458724, -0.875136, -2.643138
113.074745, 2.442470, -0.884688, -2.643729
113.173714, 2.425336, -0.893975, -2.646347
113.273677, 2.408144, -0.903245, -2.647219
113.373467, 2.390960, -0.912531, -2.646172
113.492396, 2.370847, -0.923391, -2.644427
113.592107, 2.354096, -0.932491, -2.643554
113.672011, 2.341169, -0.939516, -2.644078
113.772028, 2.324656, -0.948517, -2.641111
113.891007, 2.304859, -0.959335, -2.641983
113.990726, 2.288505, -0.968271, -2.636747
114.070626, 2.275901, -0.975266, -2.633431
114.169520, 2.259638, -0.984366, -2.629417
114.289497, 2.243415, -0.994024, -2.631409
114.389249, 2.227184, -1.003095, -2.632107
114.469116, 2.214183, -1.010339, -2.635947
114.588022, 2.194858, -1.020954, -2.642579
114.687873, 2.178514, -1.029819, -2.647292
114.786749, 2.162733, -1.038292, -2.647292
114.866694, 2.150019, -1.045173, -2.645197
114.986615, 2.130887, -1.055516, -2.647292
115.085404, 2.115191, -1.063967, -2.647117
115.185346, 2.099990, -1.072167, -2.643103
115.265135, 2.088070, -1.078724, -2.630188
115.384979, 2.069669, -1.089154, -2.622857
115.483924, 2.060197, -1.096304, -2.616980
115.583699, 2.044898, -1.105201, -2.611046
115.663654, 2.032735, -1.112364, -2.608254
115.782433, 2.014127, -1.123376, -2.605287
115.882391, 1.999639, -1.131970, -2.605112
115.982160, 1.984325, -1.141093, -2.601971
116.062131, 1.972234, -1.148378, -2.597084
116.181108, 1.960616, -1.155373, -2.600051
116.280917, 1.957621, -1.157179, -2.597607
116.380928, 1.955922, -1.158241, -2.560257
116.460765, 1.954474, -1.159221, -2.529365
116.580750, 1.952145, -1.160949, -2.465835
116.679497, 1.951419, -1.165255, -2.415857
116.779390, 1.949762, -1.166792, -2.357388
116.858224, 1.948423, -1.168166, -2.317944
116.978144, 1.946769, -1.170062, -2.248829
117.077013, 1.944838, -1.177676, -2.196863
117.176913, 1.943779, -1.179225, -2.136475
117.256922, 1.942910, -1.180643, -2.094238
117.376667, 1.939647, -1.179889, -2.027096
117.475542, 1.938784, -1.181745, -1.972118
117.575390, 1.938107, -1.183449, -1.915395
117.655400, 1.937629, -1.184862, -1.866875
117.774241, 1.935157, -1.192097, -1.800983
117.894164, 1.934694, -1.194352, -1.733264
117.974027, 1.934482, -1.195787, -1.688933
118.053953, 1.934392, -1.196635, -1.641984
118.192799, 1.936682, -1.194647, -1.569360
118.292745, 1.936710, -1.195968, -1.517000
118.372559, 1.936741, -1.196479, -1.459579
118.471471, 1.936015, -1.201531, -1.387963
118.591337, 1.936487, -1.203742, -1.323386
118.691142, 1.936974, -1.205509, -1.264743
118.770154, 1.937381, -1.206722, -1.220586
118.870975, 1.937113, -1.211640, -1.159543
118.989822, 1.937948, -1.213415, -1.091649
119.088789, 1.938703, -1.214800, -1.035799
119.168706, 1.936159, -1.222779, -0.988430
119.288471, 1.937205, -1.224284, -0.919490
119.387529, 1.938296, -1.225651, -0.865036
119.487211, 1.939177, -1.226636, -0.808138
119.567140, 1.940478, -1.232246, -0.768826
119.685928, 1.941604, -1.233289, -0.714721
119.786011, 1.942977, -1.234438, -0.671088
119.885738, 1.944190, -1.235379, -0.640195
119.965623, 1.944881, -1.235879, -0.606860
120.084529, 1.946373, -1.236871, -0.561307
120.184422, 1.947382, -1.237278, -0.527964
120.284229, 1.947751, -1.237492, -0.500388
120.363183, 1.947751, -1.237492, -0.503878
120.483148, 1.947751, -1.237492, -0.503355
120.582983, 1.947751, -1.237492, -0.502656
120.681852, 1.947751, -1.237492, -0.502656
120.761758, 1.947751, -1.237492, -0.503006
120.881664, 1.947751, -1.237492, -0.502831
120.980464, 1.947751, -1.237492, -0.502831
121.080363, 1.947751, -1.237492, -0.502831
121.160169, 1.947751, -1.237492, -0.502831
121.279161, 1.947751, -1.237492, -0.502831
121.379053, 1.947751, -1.237492, -0.502831
121.478978, 1.947751, -1.237492, -0.502831
121.558868, 1.947751, -1.237492, -0.502831
121.677635, 1.947751, -1.237492, -0.502831
121.777514, 1.947751, -1.237492, -0.502831
121.878476, 1.947751, -1.237492, -0.502831
121.957297, 1.947751, -1.237492, -0.502831
122.076184, 1.947751, -1.237492, -0.502831
122.176068, 1.947751, -1.237492, -0.502831
122.275930, 1.947751, -1.237492, -0.502831
122.354903, 1.947751, -1.237492, -0.502831
122.474755, 1.947751, -1.237492, -0.502831
122.573712, 1.947751, -1.237492, -0.502831
122.674592, 1.947751, -1.237492, -0.502831
122.774502, 1.947751, -1.237492, -0.502831
122.893315, 1.947751, -1.237492, -0.502831
122.993253, 1.947751, -1.237492, -0.502831
123.072125, 1.947751, -1.237492, -0.502831
123.152025, 1.947751, -1.237492, -0.502831
123.291960, 1.947751, -1.237492, -0.502831
123.390754, 1.947751, -1.237492, -0.502831
123.471680, 1.947751, -1.237492, -0.502831
123.569567, 1.947751, -1.237492, -0.502831
123.689458, 1.947751, -1.237492, -0.502831
123.789307, 1.947751, -1.237492, -0.502831
123.869191, 1.947751, -1.237492, -0.502831
123.968064, 1.947751, -1.237492, -0.502831
124.087944, 1.947751, -1.237492, -0.502831
124.187819, 1.947751, -1.237492, -0.502831
124.266735, 1.947751, -1.237492, -0.502831
124.386650, 1.947751, -1.237492, -0.502831
124.486447, 1.947751, -1.237492, -0.502831
124.586437, 1.947751, -1.237492, -0.502831
124.665429, 1.947751, -1.237492, -0.502831
124.785059, 1.947751, -1.237492, -0.502831
124.884948, 1.947751, -1.237492, -0.502831
124.983871, 1.947751, -1.237492, -0.502831
125.064853, 1.947751, -1.237492, -0.502831
125.183529, 1.947751, -1.237492, -0.502831
125.283427, 1.947751, -1.237492, -0.502831
125.382367, 1.947751, -1.237492, -0.502831
125.462279, 1.947751, -1.237492, -0.502831
125.581131, 1.947751, -1.237492, -0.502831
125.680966, 1.947751, -1.237492, -0.502831
125.782101, 1.947751, -1.237492, -0.502831
125.860782, 1.947751, -1.237492, -0.502831
125.980762, 1.947751, -1.237492, -0.502831
126.079551, 1.947751, -1.237492, -0.502831
126.179367, 1.947751, -1.237492, -0.502831
126.258555, 1.947751, -1.237492, -0.502831
126.378108, 1.947751, -1.237492, -0.502831
126.479046, 1.947751, -1.237492, -0.502831
126.576890, 1.947751, -1.237492, -0.502831
126.697732, 1.947751, -1.237492, -0.502831
126.776638, 1.947751, -1.237492, -0.502831
126.876477, 1.947751, -1.237492, -0.502831
126.975288, 1.947751, -1.237492, -0.502831
127.055287, 1.947751, -1.237492, -0.502831
127.175119, 1.947751, -1.237492, -0.502831
127.294029, 1.947751, -1.237492, -0.502831
127.374863, 1.947751, -1.237492, -0.502831
127.453766, 1.947751, -1.237492, -0.502831
127.593751, 1.947751, -1.237492, -0.502831
127.692553, 1.947751, -1.237492, -0.502831
127.772399, 1.947751, -1.237492, -0.502831
127.872334, 1.947751, -1.237492, -0.502831
127.991219, 1.947751, -1.237492, -0.502831
128.091017, 1.947751, -1.237492, -0.502831
128.171074, 1.947751, -1.237492, -0.502831
128.270875, 1.947751, -1.237492, -0.502831
128.389629, 1.947751, -1.237492, -0.502831
128.489522, 1.947751, -1.237492, -0.502831
128.568417, 1.947751, -1.237492, -0.502831
128.668238, 1.947751, -1.237492, -0.502831
128.789086, 1.947751, -1.237492, -0.502831
128.888005, 1.947751, -1.237492, -0.502831
128.968049, 1.947751, -1.237492, -0.502831
129.066702, 1.947751, -1.237492, -0.502831
129.186671, 1.947751, -1.237492, -0.502831
129.285574, 1.947751, -1.237492, -0.502831
129.365389, 1.947751, -1.237492, -0.502831
129.486264, 1.947751, -1.237492, -0.502831
129.585142, 1.947751, -1.237492, -0.502831
129.684961, 1.947751, -1.237492, -0.502831
129.763878, 1.947751, -1.237492, -0.502831
129.883771, 1.947751, -1.237492, -0.502831
129.982721, 1.947751, -1.237492, -0.502831
130.082520, 1.947751, -1.237492, -0.502831
130.162394, 1.947751, -1.237492, -0.502831
130.281275, 1.947751, -1.237492, -0.502831
130.382143, 1.947751, -1.237492, -0.502831
130.480986, 1.947751, -1.237492, -0.502831
130.561171, 1.947751, -1.237492, -0.502831
130.679727, 1.947751, -1.237492, -0.502831
130.779723, 1.947751, -1.237492, -0.502831
130.878572, 1.947751, -1.237492, -0.502831
130.959504, 1.947751, -1.237492, -0.502831
131.079714, 1.947751, -1.237492, -0.502831
131.178204, 1.947751, -1.237492, -0.502831
131.278230, 1.947751, -1.237492, -0.502831
131.357019, 1.947751, -1.237492, -0.502831
131.477257, 1.947751, -1.237492, -0.502831
131.575835, 1.947751, -1.237492, -0.502831
131.675698, 1.947751, -1.237492, -0.502831
131.755665, 1.947751, -1.237492, -0.502831
131.874427, 1.947751, -1.237492, -0.502831
131.975364, 1.947751, -1.237492, -0.502831
132.074214, 1.947751, -1.237492, -0.502831
132.154087, 1.947751, -1.237492, -0.502831
132.292946, 1.947751, -1.237492, -0.502831
132.392778, 1.947751, -1.237492, -0.502831
132.472714, 1.947751, -1.237492, -0.502831
132.572631, 1.947751, -1.237492, -0.502831
132.691454, 1.947751, -1.237492, -0.502831
132.791411, 1.947751, -1.237492, -0.502831
132.871353, 1.947751, -1.237492, -0.502831
132.970178, 1.947751, -1.237492, -0.502831
133.090048, 1.947751, -1.237492, -0.502831
133.189001, 1.947751, -1.237492, -0.502831
133.268839, 1.947751, -1.237492, -0.502831
133.368755, 1.947751, -1.237492, -0.502831
133.487574, 1.947751, -1.237492, -0.502831
133.587496, 1.947751, -1.237492, -0.502831
133.667481, 1.947751, -1.237492, -0.502831
133.767237, 1.947751, -1.237492, -0.502831
133.886206, 1.947751, -1.237492, -0.502831
133.985989, 1.947751, -1.237492, -0.502831
134.066039, 1.947751, -1.237492, -0.502831
134.184886, 1.947751, -1.237492, -0.502831
134.284750, 1.947751, -1.237492, -0.502831
134.384580, 1.947751, -1.237492, -0.502831
134.464537, 1.947751, -1.237492, -0.502831
134.583431, 1.947751, -1.237492, -0.502831
134.683364, 1.947751, -1.237492, -0.502831
134.782217, 1.947751, -1.237492, -0.502831
134.862050, 1.947751, -1.237492, -0.502831
134.982852, 1.947751, -1.237492, -0.502831
135.080972, 1.947751, -1.237492, -0.502831
135.180723, 1.947751, -1.237492, -0.502831
135.260567, 1.947751, -1.237492, -0.502831
135.380450, 1.947751, -1.237492, -0.502831
135.479378, 1.947751, -1.237492, -0.502831
135.579201, 1.947751, -1.237492, -0.502831
135.659066, 1.947751, -1.237492, -0.502831
135.777983, 1.947751, -1.237492, -0.502831
135.877843, 1.947751, -1.237492, -0.502831
135.977802, 1.947751, -1.237492, -0.502831
136.057673, 1.947751, -1.237492, -0.502831
136.176462, 1.947751, -1.237492, -0.502831
136.276317, 1.947751, -1.237492, -0.502831
136.375265, 1.947751, -1.237492, -0.502831
136.456145, 1.947751, -1.237492, -0.502831
136.576069, 1.947751, -1.237492, -0.502831
136.673917, 1.947751, -1.237492, -0.502831
136.774740, 1.947751, -1.237492, -0.502831
136.853672, 1.947751, -1.237492, -0.502831
136.973529, 1.947751, -1.237492, -0.502831
137.093377, 1.947751, -1.237492, -0.502831
137.172281, 1.947751, -1.237492, -0.502831
137.273209, 1.947751, -1.237492, -0.502831
137.371054, 1.947751, -1.237492, -0.502831
137.490938, 1.947751, -1.237492, -0.502831
137.570822, 1.947751, -1.237492, -0.502831
137.670738, 1.947751, -1.237492, -0.502831
137.789565, 1.947751, -1.237492, -0.502831
137.889471, 1.947751, -1.237492, -0.502831
137.968446, 1.947751, -1.237492, -0.502831
138.069352, 1.947751, -1.237492, -0.502831
138.169086, 1.947751, -1.237492, -0.502831
138.268006, 1.947751, -1.237492, -0.502831
138.387811, 1.947751, -1.237492, -0.502831
138.466752, 1.947751, -1.237492, -0.502831
138.566611, 1.947751, -1.237492, -0.502831
138.686571, 1.947751, -1.237492, -0.502831
138.785429, 1.947751, -1.237492, -0.502831
138.866274, 1.947751, -1.237492, -0.502831
138.984086, 1.947751, -1.237492, -0.502831
139.083950, 1.947751, -1.237492, -0.502831
139.184025, 1.947751, -1.237492, -0.502831
139.263803, 1.947751, -1.237492, -0.502831
139.382807, 1.947751, -1.237492, -0.502831
139.482582, 1.947751, -1.237492, -0.502831
139.582514, 1.947751, -1.237492, -0.502831
139.662334, 1.947751, -1.237492, -0.502831
139.781205, 1.947751, -1.237492, -0.502831
139.880120, 1.947751, -1.237492, -0.502831
139.980998, 1.947751, -1.237492, -0.502831
140.059879, 1.947751, -1.237492, -0.502831
140.179740, 1.947751, -1.237492, -0.502831
140.279646, 1.947751, -1.237492, -0.502831
140.378524, 1.947751, -1.237492, -0.502831
140.459401, 1.947751, -1.237492, -0.502831
140.577295, 1.947751, -1.237492, -0.502831
140.677148, 1.947751, -1.237492, -0.502831
140.777098, 1.947751, -1.237492, -0.502831
140.856965, 1.947751, -1.237492, -0.502831
140.975870, 1.947751, -1.237492, -0.502831
141.075710, 1.947751, -1.237492, -0.502831
141.175588, 1.947751, -1.237492, -0.502831
141.255552, 1.947751, -1.237492, -0.502831
141.374435, 1.947751, -1.237492, -0.502831
141.493254, 1.947751, -1.237492, -0.502831
141.574161, 1.947751, -1.237492, -0.502831
141.653058, 1.947751, -1.237492, -0.502831
141.732999, 1.947751, -1.237492, -0.502831
141.892875, 1.947751, -1.237492, -0.502831
141.991666, 1.947751, -1.237492, -0.502831
142.071508, 1.947751, -1.237492, -0.502831
142.170403, 1.947751, -1.237492, -0.502831
142.290299, 1.947751, -1.237492, -0.502831
142.390174, 1.947751, -1.237492, -0.502831
142.470325, 1.947751, -1.237492, -0.502831
142.569029, 1.947751, -1.237492, -0.502831
142.688943, 1.947751, -1.237492, -0.502831
142.788791, 1.947751, -1.237492, -0.502831
142.867653, 1.947751, -1.237492, -0.502831
142.967617, 1.947751, -1.237492, -0.502831
143.086462, 1.947751, -1.237492, -0.502831
143.186302, 1.947751, -1.237492, -0.502831
143.266223, 1.947751, -1.237492, -0.502831
143.386059, 1.947751, -1.237492, -0.502831
143.485985, 1.947751, -1.237492, -0.502831
143.584923, 1.947751, -1.237492, -0.502831
143.664797, 1.947751, -1.237492, -0.502831
143.783649, 1.947751, -1.237492, -0.502831
143.883484, 1.947751, -1.237492, -0.502831
