0.278958, 0.814715, -1.609676, -0.006327
0.378666, 0.814715, -1.609676, -0.006327
0.477659, 0.814715, -1.609676, -0.006327
0.577690, 0.814715, -1.609676, -0.006327
0.677569, 0.814715, -1.609676, -0.006327
0.756633, 0.814715, -1.609676, -0.006327
0.876434, 0.814715, -1.609676, -0.006327
0.976323, 0.814715, -1.609676, -0.006327
1.075300, 0.814715, -1.609676, -0.006327
1.155240, 0.814715, -1.609676, -0.006327
1.275136, 0.814715, -1.609676, -0.006327
1.374342, 0.814715, -1.609676, -0.006327
1.474175, 0.814715, -1.609676, -0.006327
1.554166, 0.814715, -1.609676, -0.006327
1.673012, 0.814715, -1.609676, -0.006327
1.772979, 0.814715, -1.609676, -0.006327
1.872994, 0.814715, -1.609676, -0.006327
1.952001, 0.814715, -1.609676, -0.006327
2.071951, 0.814715, -1.609676, -0.006327
2.171724, 0.814715, -1.609676, -0.006327
2.270729, 0.814715, -1.609676, -0.006327
2.350605, 0.814715, -1.609676, -0.006327
2.470680, 0.814715, -1.609676, -0.006327
2.569550, 0.814715, -1.609676, -0.006327
2.669584, 0.814715, -1.609676, -0.006327
2.748521, 0.814715, -1.609676, -0.006327
2.868434, 0.814715, -1.609676, -0.006327
2.968385, 0.814715, -1.609676, -0.006327
3.068371, 0.814715, -1.609676, -0.006327
3.147229, 0.814715, -1.609676, -0.006327
3.267295, 0.814715, -1.609676, -0.006327
3.367238, 0.814715, -1.609676, -0.006327
3.466115, 0.814715, -1.609676, -0.006327
3.546031, 0.814715, -1.609676, -0.006327
3.686055, 0.814715, -1.609676, -0.006327
3.765091, 0.814715, -1.609676, -0.006327
3.865009, 0.814715, -1.609676, -0.006327
3.963937, 0.814715, -1.609676, -0.006327
4.083923, 0.814715, -1.609676, -0.006327
4.183922, 0.814715, -1.609676, -0.006327
4.262792, 0.814715, -1.609676, -0.006327
4.362614, 0.814715, -1.609676, -0.006327
4.482498, 0.814715, -1.609676, -0.006327
4.582501, 0.814715, -1.609676, -0.006327
4.661622, 0.814715, -1.609676, -0.006327
4.761431, 0.814715, -1.609676, -0.006327
4.881198, 0.814715, -1.609676, -0.006327
4.980138, 0.814715, -1.609676, -0.006327
5.060367, 0.814715, -1.609676, -0.006327
5.159311, 0.814715, -1.609676, -0.006327
5.279092, 0.814715, -1.609676, -0.006327
5.379111, 0.814715, -1.609676, -0.006327
5.458088, 0.814715, -1.609676, -0.006327
5.578060, 0.814715, -1.609676, -0.006327
5.678042, 0.814715, -1.609676, -0.006327
5.777964, 0.814715, -1.609676, -0.006327
5.856919, 0.814715, -1.609676, -0.006327
5.976795, 0.814715, -1.609676, -0.006327
6.075676, 0.814715, -1.609676, -0.006327
6.175599, 0.814715, -1.609676, -0.006327
6.255649, 0.814715, -1.609676, -0.006327
6.374485, 0.814715, -1.609676, -0.006327
6.474511, 0.814715, -1.609676, -0.006327
6.574448, 0.814715, -1.609676, -0.006327
6.653528, 0.814715, -1.609676, -0.006327
6.773329, 0.814715, -1.609676, -0.006327
6.873391, 0.814715, -1.609676, -0.006327
6.972276, 0.814715, -1.609676, -0.006327
7.052247, 0.814715, -1.609676, -0.006327
7.172171, 0.814715, -1.609676, -0.006327
7.271179, 0.814715, -1.609676, -0.006327
7.371195, 0.814715, -1.609676, -0.006327
7.451117, 0.814715, -1.609676, -0.006327
7.570151, 0.814715, -1.609676, -0.006327
7.669955, 0.814715, -1.609676, -0.006327
7.769962, 0.814715, -1.609676, -0.006327
7.848900, 0.814715, -1.609676, -0.006327
7.968970, 0.814715, -1.609676, -0.006327
8.068865, 0.814715, -1.609676, -0.006327
8.167938, 0.814715, -1.609676, -0.006327
8.247635, 0.814715, -1.609676, -0.006327
8.367613, 0.814715, -1.609676, -0.006327
8.466642, 0.814715, -1.609676, -0.006327
8.566819, 0.814715, -1.609676, -0.006327
8.646458, 0.814715, -1.609676, -0.006327
8.785372, 0.814715, -1.609676, -0.006327
8.885285, 0.814715, -1.609676, -0.006327
8.965413, 0.814715, -1.609676, -0.006327
9.084073, 0.814715, -1.609676, -0.006327
9.183212, 0.814715, -1.609676, -0.006327
9.283140, 0.814715, -1.609676, -0.006327
9.362972, 0.814715, -1.609676, -0.006327
9.482058, 0.814715, -1.609676, -0.006327
9.581911, 0.814715, -1.609676, -0.006327
9.681877, 0.814715, -1.609676, -0.006327
9.762077, 0.814715, -1.609676, -0.006327
9.862026, 0.814715, -1.609676, -0.006327
9.980744, 0.814715, -1.609676, -0.006327
10.080555, 0.814715, -1.609676, -0.006327
10.160580, 0.814715, -1.609676, -0.006327
10.259521, 0.814715, -1.609676, -0.006327
10.379566, 0.814715, -1.609676, -0.006327
10.478460, 0.814715, -1.609676, -0.006327
10.558480, 0.814715, -1.609676, -0.006327
10.677304, 0.814715, -1.609676, -0.006327
10.778424, 0.814715, -1.609676, -0.006327
10.876230, 0.814715, -1.609676, -0.006327
10.956309, 0.814715, -1.609676, -0.006327
11.077154, 0.814715, -1.609676, -0.006327
11.175040, 0.814715, -1.609676, -0.006327
11.275069, 0.814715, -1.609676, -0.006327
11.355140, 0.814715, -1.609676, -0.006327
11.473986, 0.814715, -1.609676, -0.006327
11.573884, 0.814715, -1.609676, -0.006327
11.673868, 0.814715, -1.609676, -0.006327
11.752854, 0.814715, -1.609676, -0.006327
11.872745, 0.814715, -1.609676, -0.006327
11.972706, 0.814715, -1.609676, -0.006327
12.071852, 0.814715, -1.609676, -0.006327
12.151773, 0.814715, -1.609676, -0.006327
12.270610, 0.814715, -1.609676, -0.006327
12.370487, 0.814715, -1.609676, -0.006327
12.470522, 0.814715, -1.609676, -0.006327
12.549533, 0.814715, -1.609676, -0.006327
12.669454, 0.814715, -1.609676, -0.006327
12.769454, 0.814715, -1.609676, -0.006327
12.868274, 0.814715, -1.609676, -0.006327
12.948195, 0.814715, -1.609676, -0.006327
13.068199, 0.814715, -1.609676, -0.006327
13.167200, 0.814715, -1.609676, -0.006327
13.266907, 0.814715, -1.609676, -0.006327
13.347202, 0.814715, -1.609676, -0.006327
13.466062, 0.814715, -1.609676, -0.006327
13.585953, 0.814715, -1.609676, -0.006327
13.666049, 0.814715, -1.609676, -0.006327
13.764710, 0.814715, -1.609676, -0.006327
13.884744, 0.814715, -1.609676, -0.006327
13.984634, 0.814715, -1.609676, -0.006327
14.063526, 0.814715, -1.609676, -0.006327
14.163621, 0.814715, -1.609676, -0.006327
14.282545, 0.814715, -1.609676, -0.006327
14.382543, 0.814715, -1.609676, -0.006327
14.462458, 0.814715, -1.609676, -0.006327
14.561482, 0.814715, -1.609676, -0.006327
14.681348, 0.814715, -1.609676, -0.006327
14.780233, 0.814715, -1.609676, -0.006327
14.861244, 0.814715, -1.609676, -0.006327
14.959967, 0.814715, -1.609676, -0.006327
15.079197, 0.814715, -1.609676, -0.006327
15.179096, 0.814715, -1.609676, -0.006327
15.259114, 0.814715, -1.609676, -0.006327
15.378144, 0.814715, -1.609676, -0.006327
15.477940, 0.814715, -1.609676, -0.006327
15.577808, 0.814715, -1.609676, -0.006327
15.657999, 0.814715, -1.609676, -0.006327
15.776816, 0.814715, -1.609676, -0.006327
15.876669, 0.814715, -1.609676, -0.006327
15.975804, 0.814715, -1.609676, -0.006327
16.056648, 0.814715, -1.609676, -0.006327
16.174583, 0.814715, -1.609676, -0.006327
16.274508, 0.814715, -1.609676, -0.006327
16.374566, 0.814715, -1.609676, -0.006327
16.454385, 0.814715, -1.609676, -0.006327
16.573421, 0.814715, -1.609676, -0.006327
16.674381, 0.814715, -1.609676, -0.006327
16.772376, 0.814715, -1.609676, -0.006327
16.852222, 0.814715, -1.609676, -0.006327
16.973120, 0.814715, -1.609676, -0.006327
17.071211, 0.814715, -1.609676, -0.006327
17.170998, 0.814715, -1.609676, -0.006327
17.251051, 0.814715, -1.609676, -0.006327
17.369981, 0.814715, -1.609676, -0.006327
17.469948, 0.814715, -1.609676, -0.006327
17.570825, 0.814715, -1.609676, -0.006327
17.648748, 0.814715, -1.609676, -0.006327
17.768779, 0.814715, -1.609676, -0.006327
17.869734, 0.814715, -1.609676, -0.006327
17.967613, 0.814715, -1.609676, -0.006327
18.047617, 0.814715, -1.609676, -0.006327
18.168600, 0.814715, -1.609676, -0.006327
18.286557, 0.814715, -1.609676, -0.006327
18.366534, 0.814715, -1.609676, -0.006327
18.467384, 0.814715, -1.609676, -0.006327
18.585408, 0.814715, -1.609676, -0.006327
18.685284, 0.814715, -1.609676, -0.006327
18.765253, 0.814715, -1.609676, -0.006327
18.864248, 0.814715, -1.609676, -0.006327
18.984136, 0.816122, -1.609685, -0.006152
19.084127, 0.822562, -1.609713, 0.009207
19.163054, 0.832028, -1.609551, 0.023693
19.263225, 0.846565, -1.609170, 0.035561
19.382834, 0.864119, -1.608424, 0.049698
19.481684, 0.878724, -1.607614, 0.062614
19.561998, 0.890511, -1.606832, 0.071864
19.661761, 0.905308, -1.605690, 0.084779
19.780697, 0.923233, -1.604087, 0.094379
19.880615, 0.938215, -1.602613, 0.102407
19.960847, 0.950344, -1.601335, 0.109214
20.079543, 0.968522, -1.599263, 0.117068
20.179483, 0.983850, -1.597423, 0.123700
20.259802, 0.995950, -1.595897, 0.128936
20.358456, 1.011379, -1.593838, 0.138710
20.439382, 1.019441, -1.598532, 0.138127
20.578515, 1.041178, -1.595388, 0.151741
20.677219, 1.056810, -1.592945, 0.161340
20.757078, 1.069177, -1.590882, 0.172510
20.877133, 1.087810, -1.587516, 0.188567
20.976084, 1.103466, -1.584471, 0.197643
21.076040, 1.119218, -1.581252, 0.207242
21.156105, 1.131729, -1.578577, 0.215446
21.274887, 1.150671, -1.574369, 0.222950
21.374820, 1.166680, -1.570723, 0.225394
21.474824, 1.182557, -1.567074, 0.226790
21.554859, 1.195228, -1.564137, 0.228361
21.673756, 1.207371, -1.556536, 0.226913
21.773433, 1.223373, -1.552861, 0.223597
21.872588, 1.239390, -1.549250, 0.218710
21.952556, 1.252341, -1.546392, 0.215220
22.072398, 1.271721, -1.542189, 0.210507
22.171484, 1.287910, -1.538766, 0.203875
22.271497, 1.304252, -1.535450, 0.196894
22.351231, 1.317260, -1.532865, 0.193927
22.470340, 1.337026, -1.529061, 0.187818
22.570360, 1.353578, -1.525930, 0.182931
22.670164, 1.370111, -1.522932, 0.174728
22.750204, 1.383512, -1.520594, 0.170190
22.850078, 1.400205, -1.517768, 0.161813
22.948997, 1.424667, -1.516477, 0.169069
23.067827, 1.444818, -1.513126, 0.160168
23.168039, 1.461705, -1.510430, 0.155281
23.267928, 1.478691, -1.507812, 0.149172
23.348008, 1.492276, -1.505808, 0.143238
23.486973, 1.516100, -1.502502, 0.130497
23.566802, 1.529679, -1.500772, 0.121422
23.666991, 1.546999, -1.498704, 0.114266
23.765624, 1.564165, -1.496799, 0.104492
23.865565, 1.581474, -1.495032, 0.097336
23.984461, 1.602411, -1.493111, 0.084944
24.064497, 1.616267, -1.491981, 0.075170
24.164424, 1.632713, -1.495060, 0.072394
24.284134, 1.653689, -1.493632, 0.061748
24.383249, 1.671314, -1.492609, 0.053370
24.463251, 1.685326, -1.491887, 0.048134
24.563194, 1.703007, -1.491093, 0.039408
24.682128, 1.724061, -1.490371, 0.026667
24.782211, 1.741840, -1.489968, 0.017591
24.862182, 1.756125, -1.489750, 0.011657
24.962171, 1.773908, -1.489610, 0.001010
25.080940, 1.795230, -1.489678, -0.008589
25.180750, 1.813226, -1.489906, -0.020283
25.260859, 1.827508, -1.490247, -0.028486
25.360038, 1.833718, -1.489741, -0.032193
25.479644, 1.855280, -1.490591, -0.048075
25.578618, 1.873336, -1.491553, -0.059769
25.658551, 1.887595, -1.492436, -0.068845
25.758431, 1.905408, -1.493839, -0.088392
25.877315, 1.926935, -1.495866, -0.100784
25.977315, 1.944835, -1.497721, -0.107067
26.057517, 1.959374, -1.499330, -0.114572
26.177244, 1.981021, -1.501840, -0.117888
26.276120, 1.999015, -1.504013, -0.126964
26.376071, 2.015483, -1.506334, -0.156984
26.456253, 2.028359, -1.508457, -0.179149
26.574995, 2.038865, -1.510504, -0.219467
26.674970, 2.027772, -1.513509, -0.250544
26.774845, 2.043257, -1.517825, -0.293304
26.853981, 2.056353, -1.521813, -0.301507
26.973801, 2.075369, -1.528142, -0.344093
27.073762, 2.085361, -1.531736, -0.352122
27.172714, 2.086639, -1.532215, -0.389123
27.252755, 2.088689, -1.533060, -0.393137
27.372706, 2.097188, -1.536721, -0.428393
27.471556, 2.098156, -1.537168, -0.454223
27.571518, 2.085484, -1.541178, -0.473557
27.650393, 2.085598, -1.541237, -0.482633
27.770444, 2.085334, -1.541097, -0.502006
27.870367, 2.085185, -1.541014, -0.518761
27.970296, 2.088503, -1.542943, -0.538135
28.049320, 2.094389, -1.546478, -0.541102
28.169162, 2.105436, -1.553017, -0.530281
28.269173, 2.117885, -1.560282, -0.517191
28.368097, 2.131394, -1.567841, -0.501134
28.448165, 2.142052, -1.573594, -0.482982
28.586990, 2.161133, -1.583205, -0.447552
28.666971, 2.172082, -1.588381, -0.430099
28.766902, 2.186235, -1.594653, -0.398159
28.866899, 2.200496, -1.600450, -0.364823
28.965890, 2.214817, -1.605740, -0.337771
29.085786, 2.232532, -1.611659, -0.302864
29.166114, 2.276276, -1.610440, -0.270669
29.265000, 2.291249, -1.614369, -0.235588
29.384843, 2.309032, -1.618277, -0.190558
29.483624, 2.325917, -1.621240, -0.149543
29.563638, 2.338370, -1.623022, -0.133137
29.663483, 2.353994, -1.624891, -0.093343
29.783473, 2.372742, -1.629894, -0.057186
29.882414, 2.388802, -1.630628, -0.026294
29.962395, 2.401679, -1.630821, 0.001457
30.082328, 2.421677, -1.630524, 0.036364
30.181312, 2.437777, -1.629734, 0.067954
30.281208, 2.454275, -1.628471, 0.094483
30.360085, 2.467339, -1.627111, 0.116649
30.480196, 2.511794, -1.624242, 0.148599
30.580039, 2.528216, -1.621614, 0.172859
30.680141, 2.544318, -1.618630, 0.202181
30.758937, 2.557288, -1.615862, 0.222950
30.878917, 2.576652, -1.611211, 0.254191
30.978920, 2.592747, -1.606852, 0.282466
31.057729, 2.605456, -1.603060, 0.304631
31.177910, 2.624556, -1.596711, 0.340236
31.277702, 2.674771, -1.588679, 0.362218
31.376620, 2.690114, -1.582716, 0.388223
31.456827, 2.702459, -1.577529, 0.413880
31.576495, 2.721102, -1.569078, 0.440758
31.675418, 2.736359, -1.561738, 0.459956
31.775373, 2.751583, -1.554044, 0.481075
31.855248, 2.763636, -1.547645, 0.499401
31.974191, 2.781574, -1.537608, 0.522439
32.074187, 2.796404, -1.528923, 0.541114
32.174068, 2.828494, -1.517682, 0.560684
32.293127, 2.845828, -1.506556, 0.582500
32.373043, 2.857578, -1.498733, 0.595765
32.472109, 2.871706, -1.489023, 0.610425
32.572019, 2.885887, -1.479014, 0.622294
32.651942, 2.897202, -1.470790, 0.636954
32.770888, 2.913757, -1.458463, 0.644808
32.870837, 2.927550, -1.448068, 0.646205
32.970794, 2.940995, -1.437919, 0.648648
33.050795, 2.952290, -1.429312, 0.654233
33.169676, 2.969044, -1.416400, 0.660516
33.269796, 2.983046, -1.405436, 0.668719
33.368551, 2.996985, -1.394393, 0.673432
33.448455, 3.008023, -1.385526, 0.681635
33.568370, 3.024582, -1.371957, 0.691758
33.667396, 3.049949, -1.354153, 0.703662
33.767293, 3.063447, -1.342641, 0.710294
33.848256, 3.074391, -1.333194, 0.715705
33.967225, 3.090413, -1.319124, 0.725828
34.085975, 3.106510, -1.304753, 0.730715
34.166072, 3.117237, -1.295125, 0.734729
34.266039, 3.130528, -1.283054, 0.740489
34.384981, 3.145367, -1.269390, 0.748168
34.484835, 3.158200, -1.257390, 0.758465
34.564939, 3.167131, -1.248897, 0.761258
34.663932, 3.178705, -1.237860, 0.762131
34.783750, 3.191992, -1.225160, 0.763178
34.883715, 3.202713, -1.214898, 0.764574
34.963766, 3.211047, -1.206891, 0.766319
35.062486, 3.220999, -1.197306, 0.767890
35.182548, 3.236578, -1.182313, 0.767716
35.281411, 3.248341, -1.170859, 0.776791
35.361452, 3.266068, -1.164673, 0.782195
35.481303, 3.278405, -1.152343, 0.789176
35.580317, 3.287375, -1.143281, 0.789525
35.680099, 3.295380, -1.135243, 0.784638
35.760141, 3.301638, -1.129017, 0.781322
35.879222, 3.314567, -1.116193, 0.783242
35.979157, 3.324892, -1.105832, 0.788129
36.079115, 3.335913, -1.094779, 0.784289
36.159067, 3.344424, -1.086283, 0.786733
36.278008, 3.357019, -1.073488, 0.808026
36.377980, 3.366868, -1.063022, 0.825479
36.476695, 3.375964, -1.053021, 0.838220
36.557826, 3.382960, -1.045261, 0.833508
36.676606, 3.393063, -1.034158, 0.831239
36.775712, 3.401470, -1.024972, 0.831588
36.875587, 3.409281, -1.016338, 0.839791
36.955681, 3.415868, -1.008956, 0.846598
37.074498, 3.424939, -0.998703, 0.847121
37.174416, 3.432538, -0.990109, 0.845725
37.274529, 3.439837, -0.981877, 0.844852
37.354365, 3.445249, -0.975789, 0.843281
37.473332, 3.453590, -0.966428, 0.843281
37.573272, 3.466846, -0.946719, 0.848542
37.673177, 3.476790, -0.935474, 0.844877
37.753221, 3.484911, -0.926317, 0.846622
37.872187, 3.490646, -0.919775, 0.860061
37.972141, 3.490674, -0.919743, 0.862330
38.071040, 3.490674, -0.919743, 0.861807
38.150867, 3.490674, -0.919743, 0.861108
38.270904, 3.490674, -0.919743, 0.861283
38.369986, 3.490674, -0.919743, 0.861807
38.469764, 3.490674, -0.919743, 0.861458
38.549877, 3.490674, -0.919743, 0.861458
38.668709, 3.490674, -0.919743, 0.861458
38.768629, 3.490674, -0.919743, 0.861458
38.868533, 3.490674, -0.919743, 0.861458
38.968548, 3.490674, -0.919743, 0.861458
39.087365, 3.490674, -0.919743, 0.861458
39.186368, 3.490674, -0.919743, 0.861458
39.267259, 3.490674, -0.919743, 0.861458
39.366269, 3.490674, -0.919743, 0.861458
39.485217, 3.490674, -0.919743, 0.861458
39.585146, 3.490674, -0.919743, 0.861458
39.665221, 3.490674, -0.919743, 0.861458
39.764999, 3.490674, -0.919743, 0.861458
39.884879, 3.490674, -0.919743, 0.861458
39.983948, 3.490674, -0.919743, 0.861458
40.064061, 3.490674, -0.919743, 0.861458
40.163898, 3.490674, -0.919743, 0.861458
40.282638, 3.490674, -0.919743, 0.861458
40.382738, 3.490674, -0.919743, 0.861458
40.462676, 3.490674, -0.919743, 0.861458
40.561767, 3.490674, -0.919743, 0.861458
40.681720, 3.490674, -0.919743, 0.861458
40.781561, 3.490674, -0.919743, 0.861458
40.860495, 3.490674, -0.919743, 0.861458
40.960565, 3.490674, -0.919743, 0.861458
41.080329, 3.490674, -0.919743, 0.861458
41.179188, 3.490674, -0.919743, 0.861458
41.259302, 3.490674, -0.919743, 0.861458
41.379225, 3.490674, -0.919743, 0.861458
41.478089, 3.490674, -0.919743, 0.861458
41.578084, 3.490674, -0.919743, 0.861458
41.657112, 3.490674, -0.919743, 0.861458
41.776946, 3.490674, -0.919743, 0.861458
41.876769, 3.490674, -0.919743, 0.861458
41.976722, 3.490674, -0.919743, 0.861458
42.055877, 3.490674, -0.919743, 0.861458
42.175732, 3.490674, -0.919743, 0.861458
42.275740, 3.490674, -0.919743, 0.861458
42.374909, 3.490674, -0.919743, 0.861458
42.454625, 3.490674, -0.919743, 0.861458
42.574477, 3.490674, -0.919743, 0.861458
42.673498, 3.490674, -0.919743, 0.861458
42.773437, 3.490674, -0.919743, 0.861458
42.852457, 3.490674, -0.919743, 0.861458
42.972394, 3.490674, -0.919743, 0.861458
43.072298, 3.490674, -0.919743, 0.861458
43.172151, 3.490674, -0.919743, 0.861458
43.251020, 3.490674, -0.919743, 0.861458
43.371067, 3.490674, -0.919743, 0.861458
43.471118, 3.490674, -0.919743, 0.861458
43.569977, 3.490674, -0.919743, 0.861458
43.649961, 3.490674, -0.919743, 0.861458
43.768922, 3.490674, -0.919743, 0.861458
43.869056, 3.490674, -0.919743, 0.861458
43.968865, 3.490674, -0.919743, 0.861458
44.047810, 3.490674, -0.919743, 0.861458
44.187739, 3.490674, -0.919743, 0.861458
44.267778, 3.490674, -0.919743, 0.861458
44.366672, 3.490674, -0.919743, 0.861458
44.466707, 3.490674, -0.919743, 0.861458
44.566473, 3.490674, -0.919743, 0.861458
44.665575, 3.490674, -0.919743, 0.861458
44.765621, 3.490674, -0.919743, 0.861458
44.865465, 3.490674, -0.919743, 0.861458
44.985200, 3.490674, -0.919743, 0.861458
45.064211, 3.490674, -0.919743, 0.861458
45.164079, 3.490674, -0.919743, 0.861458
45.263232, 3.490674, -0.919743, 0.861458
45.383146, 3.490674, -0.919743, 0.861458
45.483038, 3.490674, -0.919743, 0.861458
45.562073, 3.490674, -0.919743, 0.861458
45.681907, 3.490674, -0.919743, 0.861458
45.781916, 3.490674, -0.919743, 0.861458
45.881087, 3.490674, -0.919743, 0.861458
45.961016, 3.490674, -0.919743, 0.861458
46.080833, 3.490674, -0.919743, 0.861458
46.179737, 3.490674, -0.919743, 0.861458
46.279643, 3.490674, -0.919743, 0.861458
46.359768, 3.490674, -0.919743, 0.861458
46.478538, 3.490674, -0.919743, 0.861458
46.578339, 3.490674, -0.919743, 0.861458
46.678294, 3.490674, -0.919743, 0.861458
46.757251, 3.490674, -0.919743, 0.861458
46.877370, 3.490674, -0.919743, 0.861458
46.977185, 3.490674, -0.919743, 0.861458
47.076157, 3.490674, -0.919743, 0.861458
47.156251, 3.490674, -0.919743, 0.861458
47.276050, 3.490674, -0.919743, 0.861458
47.375038, 3.490674, -0.919743, 0.861458
47.474947, 3.490674, -0.919743, 0.861458
47.554753, 3.490674, -0.919743, 0.861458
47.673789, 3.490674, -0.919743, 0.861458
47.773729, 3.490674, -0.919743, 0.861458
47.873629, 3.490674, -0.919743, 0.861458
47.952561, 3.490674, -0.919743, 0.861458
48.072507, 3.490674, -0.919743, 0.861458
48.172519, 3.490674, -0.919743, 0.861458
48.271443, 3.490674, -0.919743, 0.861458
48.351346, 3.490674, -0.919743, 0.861458
48.471343, 3.490674, -0.919743, 0.861458
48.570336, 3.490674, -0.919743, 0.861458
48.650253, 3.490674, -0.919743, 0.861458
48.770205, 3.490674, -0.919743, 0.861458
48.869188, 3.490674, -0.919743, 0.861458
48.969302, 3.490674, -0.919743, 0.861458
49.048971, 3.490674, -0.919743, 0.861458
49.168188, 3.490674, -0.919743, 0.861458
49.268087, 3.490674, -0.919743, 0.861458
49.367839, 3.490674, -0.919743, 0.861458
49.446832, 3.490674, -0.919743, 0.861458
49.586762, 3.490674, -0.919743, 0.861458
49.667851, 3.490674, -0.919743, 0.861458
49.765687, 3.490674, -0.919743, 0.861458
49.865710, 3.490674, -0.919743, 0.861458
49.985539, 3.490674, -0.919743, 0.861458
50.084432, 3.490674, -0.919743, 0.861458
50.164328, 3.490674, -0.919743, 0.861458
50.265294, 3.490674, -0.919743, 0.861458
50.383165, 3.490674, -0.919743, 0.861458
50.483127, 3.490674, -0.919743, 0.861458
50.564304, 3.490674, -0.919743, 0.861458
50.682062, 3.490674, -0.919743, 0.861458
50.782044, 3.490674, -0.919743, 0.861458
50.881862, 3.490674, -0.919743, 0.861458
50.961016, 3.490674, -0.919743, 0.861458
51.060868, 3.490674, -0.919743, 0.861458
51.180890, 3.490674, -0.919743, 0.861458
51.279903, 3.490674, -0.919743, 0.861458
51.359867, 3.490674, -0.919743, 0.861458
51.479753, 3.490674, -0.919743, 0.861458
51.578820, 3.490674, -0.919743, 0.861458
51.678415, 3.490674, -0.919743, 0.861458
51.759490, 3.490674, -0.919743, 0.861458
51.877416, 3.490674, -0.919743, 0.861458
51.977313, 3.490674, -0.919743, 0.861458
52.078355, 3.490674, -0.919743, 0.861458
52.156336, 3.490674, -0.919743, 0.861458
52.276246, 3.490674, -0.919743, 0.861458
52.377160, 3.490674, -0.919743, 0.861458
52.475275, 3.490674, -0.919743, 0.861458
52.555163, 3.490674, -0.919743, 0.861458
52.676027, 3.490674, -0.919743, 0.861458
52.773850, 3.490674, -0.919743, 0.861458
52.874000, 3.490674, -0.919743, 0.861458
52.953928, 3.490674, -0.919743, 0.861458
53.072830, 3.490674, -0.919743, 0.861458
53.172732, 3.490674, -0.919743, 0.861458
53.273664, 3.490674, -0.919743, 0.861458
53.351673, 3.490674, -0.919743, 0.861458
53.471599, 3.490674, -0.919743, 0.861458
53.572504, 3.490674, -0.919743, 0.861458
53.670503, 3.490674, -0.919743, 0.861458
53.751487, 3.490674, -0.919743, 0.861458
53.871459, 3.490674, -0.919743, 0.861458
53.969612, 3.490674, -0.919743, 0.861458
54.069478, 3.490674, -0.919743, 0.861458
54.149359, 3.490674, -0.919743, 0.861458
54.268219, 3.490674, -0.919743, 0.861458
54.368266, 3.490674, -0.919743, 0.861458
54.469327, 3.490674, -0.919743, 0.861458
54.568155, 3.490674, -0.919743, 0.861458
54.686970, 3.490674, -0.919743, 0.861458
54.787919, 3.490674, -0.919743, 0.861458
54.866932, 3.490674, -0.919743, 0.861458
54.966876, 3.490674, -0.919743, 0.861458
55.086809, 3.490674, -0.919743, 0.861458
55.184680, 3.490674, -0.919743, 0.861458
55.265701, 3.490674, -0.919743, 0.861458
55.364701, 3.490674, -0.919743, 0.861458
55.483607, 3.490674, -0.919743, 0.861458
55.583506, 3.490674, -0.919743, 0.861458
55.663528, 3.490674, -0.919743, 0.861458
55.782446, 3.490674, -0.919743, 0.861458
55.882344, 3.490674, -0.919743, 0.861458
55.983318, 3.490674, -0.919743, 0.861458
56.061377, 3.490674, -0.919743, 0.861458
56.162371, 3.490674, -0.919743, 0.861458
56.282373, 3.490674, -0.919743, 0.861458
56.381021, 3.490674, -0.919743, 0.861458
56.461141, 3.490674, -0.919743, 0.861458
56.580979, 3.490674, -0.919743, 0.861458
56.680006, 3.490674, -0.919743, 0.861458
56.779911, 3.490674, -0.919743, 0.861458
56.858903, 3.490674, -0.919743, 0.861458
56.958850, 3.490674, -0.919743, 0.861458
57.078712, 3.490674, -0.919743, 0.861458
57.178577, 3.490674, -0.919743, 0.861458
57.257553, 3.490674, -0.919743, 0.861458
57.377448, 3.490674, -0.919743, 0.861458
57.477402, 3.490674, -0.919743, 0.861458
57.576287, 3.490674, -0.919743, 0.861458
57.656449, 3.490674, -0.919743, 0.861458
57.775378, 3.490674, -0.919743, 0.861458
57.875265, 3.490674, -0.919743, 0.861458
57.975247, 3.490674, -0.919743, 0.861458
58.054214, 3.490674, -0.919743, 0.861458
58.174064, 3.490674, -0.919743, 0.861458
58.274060, 3.490674, -0.919743, 0.861458
58.373027, 3.490674, -0.919743, 0.861458
58.452992, 3.490674, -0.919743, 0.861458
58.572922, 3.490674, -0.919743, 0.861458
58.671935, 3.490674, -0.919743, 0.861458
58.771888, 3.490674, -0.919743, 0.861458
58.851856, 3.490674, -0.919743, 0.861458
58.970719, 3.490674, -0.919743, 0.861458
59.070657, 3.490674, -0.919743, 0.861458
59.170539, 3.490674, -0.919743, 0.861458
59.249490, 3.490674, -0.919743, 0.861458
59.369489, 3.490674, -0.919743, 0.861458
59.469434, 3.490674, -0.919743, 0.861458
59.568347, 3.490674, -0.919743, 0.861458
59.648312, 3.490674, -0.919743, 0.861458
59.768234, 3.490674, -0.919743, 0.861458
59.888056, 3.490674, -0.919743, 0.861458
59.967103, 3.490674, -0.919743, 0.861458
60.067153, 3.490674, -0.919743, 0.861458
60.187033, 3.490674, -0.919743, 0.861458
60.286010, 3.490674, -0.919743, 0.861458
60.366027, 3.490674, -0.919743, 0.861458
60.464873, 3.490674, -0.919743, 0.861458
60.584953, 3.490674, -0.919743, 0.861458
60.684806, 3.490674, -0.919743, 0.861458
60.763906, 3.490674, -0.919743, 0.861458
60.863916, 3.490674, -0.919743, 0.861458
60.983577, 3.490674, -0.919743, 0.861458
61.082519, 3.490674, -0.919743, 0.861458
61.162521, 3.490674, -0.919743, 0.861458
61.282365, 3.493591, -0.916345, 0.861458
61.381280, 3.497682, -0.911652, 0.844004
61.481186, 3.499761, -0.909335, 0.824806
61.561417, 3.499557, -0.909552, 0.807178
61.680082, 3.499587, -0.909522, 0.785536
61.780041, 3.499527, -0.909583, 0.761450
61.879935, 3.499619, -0.909494, 0.736492
61.960128, 3.499651, -0.909465, 0.714501
62.078891, 3.499749, -0.909383, 0.686925
62.178926, 3.499682, -0.909436, 0.654636
62.278761, 3.496943, -0.903578, 0.644359
62.358845, 3.497046, -0.903502, 0.613816
62.477755, 3.496973, -0.903547, 0.574371
62.577648, 3.496974, -0.903548, 0.540686
62.676536, 3.496973, -0.903546, 0.506652
62.757758, 3.496973, -0.903547, 0.476633
62.876435, 3.489230, -0.894561, 0.441055
62.975385, 3.489152, -0.894597, 0.403006
63.075385, 3.489152, -0.894596, 0.357977
63.155506, 3.489112, -0.894611, 0.333019
63.275317, 3.489193, -0.894584, 0.280135
63.374257, 3.489110, -0.894605, 0.247672
63.474167, 3.499068, -0.891972, 0.205740
63.554139, 3.498900, -0.892005, 0.183051
63.672986, 3.500798, -0.891719, 0.127026
63.772854, 3.502110, -0.891558, 0.094912
63.872968, 3.501770, -0.891582, 0.053547
63.953019, 3.501898, -0.891580, 0.022481
64.071963, 3.491442, -0.884454, -0.020941
64.171725, 3.492848, -0.884499, -0.074174
64.270679, 3.494632, -0.884663, -0.115189
64.350878, 3.498606, -0.885182, -0.155506
64.470654, 3.505608, -0.886484, -0.211531
64.570616, 3.505530, -0.893482, -0.274686
64.669449, 3.519397, -0.897714, -0.322334
64.769530, 3.534117, -0.903025, -0.377486
64.888390, 3.551090, -0.910075, -0.419723
64.968466, 3.562565, -0.915334, -0.447823
65.068214, 3.576784, -0.922369, -0.474003
65.168158, 3.580197, -0.931927, -0.515949
65.287087, 3.596484, -0.941498, -0.547888
65.385953, 3.609953, -0.949880, -0.567960
65.466845, 3.620671, -0.956788, -0.581573
65.566002, 3.633782, -0.965566, -0.604612
65.685092, 3.649541, -0.976593, -0.615782
65.784946, 3.662764, -0.986035, -0.627126
65.865039, 3.673306, -0.993727, -0.636551
65.964025, 3.686472, -1.003536, -0.643533
66.083918, 3.702084, -1.015273, -0.644405
66.182799, 3.715245, -1.025161, -0.644231
66.262823, 3.725792, -1.033061, -0.641438
66.363903, 3.739227, -1.043081, -0.640042
66.481607, 3.755222, -1.054946, -0.634631
66.581643, 3.768654, -1.064754, -0.624683
66.661625, 3.779485, -1.072555, -0.624858
66.780433, 3.777477, -1.086056, -0.624160
66.880456, 3.791231, -1.095928, -0.620495
66.980328, 3.804849, -1.105624, -0.615084
67.059428, 3.815978, -1.113448, -0.608801
67.179299, 3.832743, -1.125045, -0.599551
67.279320, 3.846804, -1.134551, -0.585588
67.378189, 3.861060, -1.143919, -0.574418
67.458289, 3.872554, -1.151275, -0.560455
67.578157, 3.890121, -1.162111, -0.541257
67.676904, 3.904894, -1.170810, -0.518218
67.776892, 3.919948, -1.179277, -0.505129
67.856980, 3.932097, -1.185947, -0.496402
67.975950, 3.950397, -1.195676, -0.477901
68.075637, 3.965796, -1.203499, -0.459052
68.176078, 3.960868, -1.215735, -0.446145
68.254786, 3.973362, -1.221635, -0.432706
68.374652, 3.992444, -1.230254, -0.412286
68.474719, 4.008472, -1.237135, -0.393611
68.573658, 4.024585, -1.243700, -0.375808
68.653949, 4.037709, -1.248780, -0.358530
68.773480, 4.057420, -1.255972, -0.336888
68.872422, 4.073966, -1.261624, -0.318736
68.972300, 4.090730, -1.267025, -0.300934
69.052405, 4.104266, -1.271175, -0.292905
69.171327, 4.124637, -1.277179, -0.278245
69.271230, 4.141304, -1.281871, -0.272834
69.371283, 4.158405, -1.286592, -0.262013
69.451054, 4.163275, -1.280272, -0.248261
69.569958, 4.184055, -1.285418, -0.235695
69.670075, 4.201403, -1.289517, -0.225921
69.769067, 4.218840, -1.293420, -0.213180
69.849007, 4.232939, -1.296421, -0.203231
69.968906, 4.254139, -1.300670, -0.189967
70.087878, 4.275425, -1.304696, -0.182986
70.168033, 4.289645, -1.307303, -0.178971
70.247846, 4.303749, -1.309833, -0.174957
70.386713, 4.328668, -1.314142, -0.165707
70.486636, 4.346600, -1.317058, -0.154013
70.565624, 4.360681, -1.319206, -0.143716
70.665628, 4.379409, -1.307638, -0.111614
70.785427, 4.401036, -1.309944, -0.097477
70.884495, 4.419083, -1.311615, -0.086830
70.964237, 4.433574, -1.312840, -0.079849
71.084281, 4.455642, -1.314529, -0.071297
71.183218, 4.473850, -1.315807, -0.068853
71.283121, 4.492106, -1.317007, -0.062221
71.363054, 4.506749, -1.317893, -0.056113
71.462161, 4.525018, -1.318878, -0.050528
71.582048, 4.547169, -1.319929, -0.043546
71.682024, 4.565491, -1.320685, -0.037612
71.761152, 4.580109, -1.321214, -0.033598
71.880880, 4.575353, -1.314700, -0.019329
71.980785, 4.593774, -1.315015, -0.014093
72.079847, 4.612195, -1.315247, -0.010254
72.159885, 4.626908, -1.315377, -0.006414
72.279594, 4.649211, -1.315462, -0.000654
72.378520, 4.667762, -1.315433, 0.004756
72.478584, 4.686398, -1.315318, 0.008421
72.558640, 4.700727, -1.315184, 0.010341
72.677497, 4.719660, -1.314963, 0.013657
72.777387, 4.734798, -1.314750, 0.014705
72.877318, 4.751641, -1.314497, 0.015403
72.956318, 4.765969, -1.314273, 0.015926
73.076275, 4.772868, -1.300637, 0.022096
73.175198, 4.791074, -1.300229, 0.022969
73.275179, 4.809407, -1.299803, 0.024016
73.355283, 4.823731, -1.299449, 0.025238
73.475045, 4.844453, -1.299026, 0.022096
73.574001, 4.861121, -1.298568, 0.032743
73.673998, 4.876465, -1.298067, 0.034488
73.753060, 4.888185, -1.297638, 0.038677
73.872903, 4.904761, -1.296976, 0.042691
73.972787, 4.917841, -1.296392, 0.047753
74.072667, 4.931173, -1.295747, 0.050022
74.151730, 4.941820, -1.295196, 0.053861
74.271754, 4.957448, -1.294339, 0.055956
74.371843, 4.972562, -1.293469, 0.059970
74.470578, 4.985612, -1.259545, 0.082926
74.550324, 4.998276, -1.258481, 0.085195
74.670318, 5.016457, -1.256871, 0.094969
74.769329, 5.030085, -1.255576, 0.092874
74.868212, 5.042865, -1.254377, 0.093921
74.948230, 5.053056, -1.253422, 0.092351
75.068210, 5.068258, -1.252016, 0.092002
75.187037, 5.082568, -1.250690, 0.092700
75.267203, 5.091783, -1.249837, 0.091478
75.365985, 5.103887, -1.248733, 0.090954
75.485823, 5.118454, -1.247399, 0.091129
75.585950, 5.130728, -1.246287, 0.089733
75.665049, 5.138968, -1.245548, 0.089384
75.764835, 5.141772, -1.245294, 0.098285
75.884763, 5.144484, -1.244988, 0.136857
75.983848, 5.146761, -1.244647, 0.169145
76.063833, 5.148479, -1.244324, 0.216793
76.163744, 5.159393, -1.236019, 0.263349
76.282562, 5.161763, -1.235313, 0.324086
76.382541, 5.163889, -1.234547, 0.376446
76.462523, 5.165390, -1.233935, 0.410655
76.581409, 5.167630, -1.232888, 0.469472
76.681223, 5.167444, -1.225283, 0.508680
76.780351, 5.168922, -1.224432, 0.543587
76.860312, 5.170118, -1.223690, 0.575876
76.980112, 5.172097, -1.222355, 0.615320
77.080244, 5.173547, -1.221303, 0.642373
77.179165, 5.175034, -1.220159, 0.676756
77.259031, 5.175992, -1.219376, 0.701714
77.378993, 5.191716, -1.228400, 0.740035
77.477734, 5.191716, -1.228400, 0.743700
77.577828, 5.191716, -1.228400, 0.743525
77.657890, 5.191716, -1.228400, 0.743874
77.776718, 5.191716, -1.228400, 0.743525
77.876655, 5.191716, -1.228400, 0.743351
77.976585, 5.191716, -1.228400, 0.743176
78.056720, 5.191716, -1.228400, 0.743176
78.175487, 5.191716, -1.228400, 0.743176
78.275460, 5.191716, -1.228400, 0.743176
78.374349, 5.191716, -1.228400, 0.743176
78.455420, 5.191716, -1.228400, 0.743176
78.573323, 5.191716, -1.228400, 0.743176
78.673204, 5.191716, -1.228400, 0.743176
78.773108, 5.191716, -1.228400, 0.743176
78.853142, 5.191716, -1.228400, 0.743176
78.972058, 5.191716, -1.228400, 0.743176
79.071964, 5.191716, -1.228400, 0.743176
79.172060, 5.191716, -1.228400, 0.743176
79.252083, 5.191716, -1.228400, 0.743176
79.370813, 5.191716, -1.228400, 0.743176
79.470826, 5.191716, -1.228400, 0.743176
79.570810, 5.191716, -1.228400, 0.743176
79.650652, 5.191716, -1.228400, 0.743176
79.769693, 5.191716, -1.228400, 0.743176
79.869611, 5.191716, -1.228400, 0.743176
79.968503, 5.191716, -1.228400, 0.743176
80.068470, 5.191716, -1.228400, 0.743176
80.187422, 5.191716, -1.228400, 0.743176
80.287212, 5.191716, -1.228400, 0.743176
80.367376, 5.191716, -1.228400, 0.743176
80.467469, 5.191716, -1.228400, 0.743176
80.586117, 5.191716, -1.228400, 0.743176
80.684999, 5.191716, -1.228400, 0.743176
80.766108, 5.191716, -1.228400, 0.743176
80.866081, 5.191716, -1.228400, 0.743176
80.983946, 5.191716, -1.228400, 0.743176
81.083756, 5.191716, -1.228400, 0.743176
81.164993, 5.191716, -1.228400, 0.743176
81.263965, 5.191716, -1.228400, 0.743176
81.382804, 5.191716, -1.228400, 0.743176
81.482640, 5.191716, -1.228400, 0.743176
81.561846, 5.191716, -1.228400, 0.743176
81.661622, 5.191716, -1.228400, 0.743176
81.781435, 5.191716, -1.228400, 0.743176
81.880518, 5.191716, -1.228400, 0.743176
81.960264, 5.191716, -1.228400, 0.743176
82.080374, 5.191716, -1.228400, 0.743176
82.179215, 5.191716, -1.228400, 0.743176
82.279212, 5.191716, -1.228400, 0.743176
82.360181, 5.191716, -1.228400, 0.743176
82.478055, 5.191716, -1.228400, 0.743176
82.578063, 5.191716, -1.228400, 0.743176
82.679020, 5.191716, -1.228400, 0.743176
82.757962, 5.191716, -1.228400, 0.743176
82.876871, 5.191716, -1.228400, 0.743176
82.978001, 5.191716, -1.228400, 0.743176
83.075706, 5.191716, -1.228400, 0.743176
83.155567, 5.191716, -1.228400, 0.743176
83.255788, 5.191716, -1.228400, 0.743176
83.354604, 5.191716, -1.228400, 0.743176
83.454601, 5.191716, -1.228400, 0.743176
83.575509, 5.191716, -1.228400, 0.743176
83.673440, 5.191716, -1.228400, 0.743351
83.773515, 5.195013, -1.225370, 0.742827
83.853280, 5.200293, -1.220591, 0.725025
83.972227, 5.208014, -1.213872, 0.698321
84.072199, 5.209131, -1.212948, 0.680693
84.172249, 5.210693, -1.211692, 0.670047
84.252122, 5.214910, -1.208431, 0.643518
84.371115, 5.220244, -1.204527, 0.611578
84.472155, 5.220734, -1.204186, 0.601979
84.571025, 5.222216, -1.203180, 0.586620
84.650060, 5.234551, -1.238568, 0.545147
84.770899, 5.235098, -1.238236, 0.521236
84.869741, 5.235469, -1.238027, 0.503085
84.968852, 5.235395, -1.238069, 0.484759
85.048790, 5.235471, -1.238030, 0.469400
85.187820, 5.235853, -1.237841, 0.444267
85.287507, 5.235814, -1.237858, 0.428210
85.367512, 5.235814, -1.237857, 0.408663
85.467505, 5.236287, -1.237661, 0.382134
85.586476, 5.236485, -1.237582, 0.355605
85.687291, 5.235899, -1.223794, 0.339246
85.766339, 5.235979, -1.223766, 0.321967
85.865412, 5.236304, -1.223660, 0.298056
85.965132, 5.236304, -1.223661, 0.283221
86.085191, 5.236468, -1.223616, 0.249885
86.164068, 5.236551, -1.223594, 0.224054
86.264069, 5.236718, -1.223559, 0.188449
86.384041, 5.235368, -1.211204, 0.146550
86.482687, 5.235580, -1.211179, 0.105360
86.562795, 5.235707, -1.211167, 0.071152
86.682767, 5.235792, -1.211160, 0.025948
86.781621, 5.235835, -1.211161, -0.018384
86.882568, 5.227729, -1.186394, -0.048918
86.961752, 5.227771, -1.186397, -0.082777
87.080369, 5.227984, -1.186417, -0.134439
87.181423, 5.228110, -1.186438, -0.177374
87.280326, 5.228278, -1.186470, -0.221007
87.359385, 5.222115, -1.156870, -0.244982
87.479157, 5.222197, -1.156893, -0.295073
87.559153, 5.222400, -1.156961, -0.332946
87.678113, 5.222438, -1.156978, -0.387052
87.758287, 5.222597, -1.157042, -0.423180
87.878123, 5.212179, -1.105345, -0.458733
87.977159, 5.212029, -1.105265, -0.496956
88.076969, 5.212400, -1.105475, -0.534655
88.156906, 5.212255, -1.105386, -0.562754
88.275963, 5.212503, -1.105552, -0.598359
88.376012, 5.212609, -1.105623, -0.626983
88.476020, 5.212574, -1.105599, -0.653861
88.555979, 5.211956, -1.106249, -0.682232
88.674711, 5.213455, -1.107513, -0.709634
88.774705, 5.217027, -1.110684, -0.746809
88.873549, 5.221571, -1.115003, -0.780669
88.953732, 5.228407, -1.121917, -0.804405
89.073485, 5.238703, -1.132723, -0.812434
89.172631, 5.245851, -1.140344, -0.826047
89.272373, 5.254618, -1.149952, -0.840533
89.352252, 5.262291, -1.158595, -0.850831
89.471334, 5.271362, -1.169018, -0.861303
89.571214, 5.279946, -1.179128, -0.875615
89.671220, 5.288758, -1.189826, -0.886436
89.751168, 5.294261, -1.196564, -0.885563
89.869986, 5.303545, -1.207923, -0.884865
89.970196, 5.311506, -1.217553, -0.870204
90.068971, 5.315371, -1.222104, -0.857289
90.148989, 5.315813, -1.222624, -0.835297
90.287855, 5.316681, -1.223564, -0.809292
90.387718, 5.316981, -1.223867, -0.773338
90.467776, 5.317166, -1.224043, -0.758677
90.567820, 5.317761, -1.224593, -0.723247
90.686500, 5.318148, -1.224929, -0.691831
90.786527, 5.318847, -1.225488, -0.652038
90.866578, 5.319289, -1.225822, -0.634934
90.966561, 5.319635, -1.226072, -0.598631
91.085360, 5.320278, -1.226492, -0.555172
91.185270, 5.316088, -1.214712, -0.510081
91.265449, 5.316425, -1.214896, -0.485647
91.364142, 5.316993, -1.215190, -0.451613
91.484077, 5.317301, -1.215338, -0.419673
91.583049, 5.317732, -1.215524, -0.391573
91.663142, 5.318245, -1.215732, -0.374294
91.763135, 5.318604, -1.215869, -0.352478
91.863001, 5.318925, -1.215984, -0.328567
91.962212, 5.311511, -1.187316, -0.292334
92.061746, 5.312084, -1.187483, -0.272786
92.161918, 5.312742, -1.187661, -0.251493
92.280733, 5.313156, -1.187763, -0.221648
92.380641, 5.313323, -1.187798, -0.197737
92.460790, 5.313993, -1.187928, -0.176968
92.579474, 5.314456, -1.188006, -0.150264
92.679466, 5.314709, -1.188042, -0.124433
92.779452, 5.315472, -1.188127, -0.096857
92.858555, 5.313367, -1.179885, -0.064166
92.958386, 5.313665, -1.179899, -0.024373
93.078212, 5.314262, -1.179900, 0.026591
93.177303, 5.314603, -1.179885, 0.072667
93.257603, 5.315070, -1.179843, 0.106701
93.377138, 5.311411, -1.161377, 0.172569
93.476085, 5.311747, -1.161316, 0.216028
93.576146, 5.312244, -1.161194, 0.261930
93.655062, 5.312367, -1.161160, 0.296662
93.775118, 5.312771, -1.161025, 0.356003
93.875008, 5.311308, -1.169738, 0.399282
93.974915, 5.311659, -1.169584, 0.447453
94.054023, 5.311888, -1.169470, 0.483931
94.173838, 5.312113, -1.169347, 0.539781
94.273853, 5.312365, -1.169188, 0.594061
94.372674, 5.319915, -1.209565, 0.621922
94.452716, 5.320120, -1.209412, 0.662240
94.572567, 5.320318, -1.209250, 0.724548
94.671521, 5.320509, -1.209079, 0.769752
94.771535, 5.320686, -1.208895, 0.821937
94.851465, 5.324477, -1.237490, 0.851659
94.970370, 5.324699, -1.237231, 0.912397
95.070318, 5.326075, -1.235332, 0.965106
95.170353, 5.326892, -1.234134, 1.024447
95.249481, 5.332537, -1.287091, 1.040113
95.369261, 5.332747, -1.286720, 1.106436
95.469078, 5.333746, -1.284598, 1.155305
95.568029, 5.334337, -1.283227, 1.214122
95.667959, 5.338379, -1.311360, 1.246931
95.787919, 5.338465, -1.311074, 1.316046
95.886777, 5.338524, -1.310825, 1.363170
95.966825, 5.338565, -1.310616, 1.403662
96.066963, 5.340538, -1.308897, 1.462951
96.185611, 5.340575, -1.308473, 1.521070
96.285553, 5.340579, -1.308345, 1.570987
96.365644, 5.340577, -1.308345, 1.615318
96.464564, 5.344603, -1.316236, 1.663612
96.584548, 5.344260, -1.313615, 1.724175
96.684426, 5.343329, -1.308540, 1.789450
96.763433, 5.342197, -1.303812, 1.830989
96.863320, 5.342544, -1.322352, 1.880279
96.983159, 5.339921, -1.314822, 1.947125
97.082091, 5.337383, -1.308766, 1.997739
97.162223, 5.334483, -1.302732, 2.046260
97.282087, 5.334099, -1.320386, 2.117263
97.380863, 5.325639, -1.307170, 2.171717
97.480927, 5.318093, -1.296736, 2.239087
97.560948, 5.311054, -1.288171, 2.286386
97.660093, 5.316549, -1.319083, 2.338126
97.779821, 5.305990, -1.308719, 2.403751
97.879768, 5.295198, -1.299493, 2.483687
97.958725, 5.286053, -1.292639, 2.527146
98.078574, 5.284042, -1.312690, 2.582033
98.178532, 5.270875, -1.304968, 2.654988
98.277577, 5.257534, -1.298277, 2.711013
98.357435, 5.247772, -1.293994, 2.757614
98.477452, 5.243545, -1.316079, 2.816234
98.556281, 5.237012, -1.313967, 2.855853
98.676257, 5.227047, -1.311288, 2.909609
98.776153, 5.217135, -1.309108, 2.947657
98.875154, 5.201282, -1.306443, 3.006824
98.955329, 5.190419, -1.326026, 3.040220
99.075101, 5.170828, -1.324388, 3.079141
99.174004, 5.153960, -1.323606, 3.115967
99.274041, 5.137159, -1.323362, -3.141213
99.354186, 5.123556, -1.323464, -3.123061
99.472831, 5.103354, -1.324140, -3.086060
99.572771, 5.086250, -1.325289, -3.056564
99.671936, 5.071173, -1.326346, -3.034339
99.751733, 5.057532, -1.327925, -3.016362
99.871810, 5.037250, -1.330684, -2.991753
99.970702, 5.020402, -1.333354, -2.973078
100.070626, 5.003448, -1.336417, -2.948294
100.150561, 4.989863, -1.339168, -2.931888
100.269513, 4.969925, -1.343607, -2.908501
100.369460, 4.953047, -1.347833, -2.881972
100.469341, 4.936181, -1.352445, -2.861726
100.548319, 4.922803, -1.356382, -2.844447
100.688125, 4.903558, -1.383433, -2.831177
100.788028, 4.886798, -1.388845, -2.825941
100.867179, 4.873474, -1.393240, -2.817738
100.966910, 4.856709, -1.398911, -2.813025
101.086918, 4.835490, -1.406190, -2.809709
101.185825, 4.818796, -1.411934, -2.810756
101.265838, 4.805463, -1.416571, -2.800459
101.366024, 4.788634, -1.422577, -2.798015
101.485072, 4.768536, -1.429827, -2.794699
101.584667, 4.751894, -1.435849, -2.792954
101.664704, 4.738505, -1.440707, -2.794874
101.763542, 4.721742, -1.446773, -2.794525
101.883489, 4.703424, -1.464151, -2.799834
101.983386, 4.686580, -1.470116, -2.803499
102.062330, 4.673098, -1.474843, -2.805943
102.162293, 4.656096, -1.480743, -2.810306
102.282263, 4.635787, -1.487646, -2.820429
102.381258, 4.618895, -1.493208, -2.828981
102.461164, 4.605202, -1.497572, -2.838231
102.581049, 4.584662, -1.503902, -2.851321
102.680075, 4.567401, -1.508995, -2.859175
102.779997, 4.550050, -1.513930, -2.875232
102.860047, 4.536170, -1.517656, -2.885181
102.978845, 4.515832, -1.542875, -2.903785
103.078862, 4.498281, -1.547043, -2.914955
103.178837, 4.480398, -1.551103, -2.923507
103.257788, 4.466484, -1.554151, -2.930488
103.377621, 4.445022, -1.558608, -2.946022
103.477647, 4.427146, -1.562078, -2.955621
103.576520, 4.409486, -1.565310, -2.967664
103.656537, 4.394942, -1.567800, -2.979183
103.776499, 4.373491, -1.571118, -3.003967
103.875332, 4.355400, -1.573547, -3.013042
103.975360, 4.337288, -1.575800, -3.024038
104.054423, 4.322673, -1.577495, -3.028576
104.174195, 4.298819, -1.586996, -3.043093
104.274071, 4.280561, -1.588701, -3.056008
104.374067, 4.262201, -1.590227, -3.064386
104.453232, 4.247613, -1.591310, -3.071891
104.573039, 4.225357, -1.592766, -3.083410
104.672937, 4.207045, -1.593730, -3.099118
104.772088, 4.188464, -1.594423, -3.110812
104.851945, 4.173715, -1.594851, -3.114477
104.971972, 4.151546, -1.595386, -3.121284
105.070819, 4.133168, -1.595677, -3.132454
105.170749, 4.114574, -1.595756, 3.137816
105.249828, 4.096584, -1.595835, 3.129592
105.369522, 4.074156, -1.595428, 3.117723
105.469654, 4.055527, -1.594916, 3.108473
105.569723, 4.036903, -1.594231, 3.098001
105.668416, 4.018245, -1.593356, 3.089798
105.788352, 3.995977, -1.592097, 3.079675
105.888171, 3.977378, -1.590916, 3.074614
105.967117, 3.962405, -1.589842, 3.062396
106.067222, 3.943877, -1.588276, 3.050528
106.187118, 3.921424, -1.586090, 3.036565
106.286019, 3.902898, -1.584069, 3.026268
106.366098, 3.890443, -1.583232, 3.012216
106.465048, 3.871759, -1.580736, 3.004537
106.584827, 3.849214, -1.577526, 2.996159
106.684892, 3.830695, -1.574776, 2.990399
106.764901, 3.815903, -1.572484, 2.983767
106.863899, 3.797172, -1.569432, 2.976786
106.983593, 3.774972, -1.565666, 2.969106
107.083545, 3.756410, -1.562391, 2.963521
107.162646, 3.741598, -1.559700, 2.959158
107.282418, 3.719220, -1.555476, 2.949559
107.382503, 3.700771, -1.551826, 2.940483
107.481329, 3.682313, -1.547906, 2.930898
107.561378, 3.667470, -1.544715, 2.928280
107.681115, 3.645182, -1.539834, 2.920426
107.780071, 3.626719, -1.535637, 2.915016
107.880155, 3.608111, -1.531303, 2.909431
107.960129, 3.593344, -1.527777, 2.903147
108.078893, 3.571271, -1.522351, 2.898609
108.178904, 3.552856, -1.517765, 2.894595
108.278862, 3.534268, -1.512992, 2.881854
108.357987, 3.519641, -1.509088, 2.880633
108.477700, 3.497406, -1.503096, 2.874175
108.577672, 3.482601, -1.498556, 2.868065
108.676474, 3.464705, -1.493508, 2.865098
108.756915, 3.450841, -1.489563, 2.861782
108.876644, 3.431175, -1.483885, 2.858292
108.975630, 3.416316, -1.479542, 2.855848
109.075446, 3.401631, -1.475212, 2.853754
109.155519, 3.390513, -1.471903, 2.849739
109.274374, 3.374138, -1.466974, 2.846947
109.374161, 3.361500, -1.463095, 2.838046
109.474269, 3.348407, -1.458952, 2.832984
109.554189, 3.337033, -1.455318, 2.830192
109.673270, 3.315560, -1.448262, 2.815007
109.773030, 3.297375, -1.442132, 2.819720
109.872118, 3.276115, -1.435557, 2.816191
109.952042, 3.262416, -1.430939, 2.817064
110.072002, 3.242613, -1.424268, 2.817936
110.170917, 3.227086, -1.419062, 2.817238
110.270928, 3.211765, -1.413915, 2.817587
110.350763, 3.200490, -1.410115, 2.813399
110.469725, 3.182381, -1.403893, 2.810257
110.569685, 3.167663, -1.398826, 2.807988
110.669789, 3.152867, -1.393595, 2.791407
110.768793, 3.138112, -1.388123, 2.783030
110.888378, 3.120328, -1.381262, 2.759119
110.968642, 3.108358, -1.376394, 2.748123
111.068285, 3.093642, -1.370134, 2.729099
111.167482, 3.078996, -1.363606, 2.711646
111.267426, 3.067278, -1.356097, 2.701204
111.387173, 3.050117, -1.347897, 2.687939
111.466261, 3.038767, -1.342274, 2.671009
111.566349, 3.024781, -1.335063, 2.657221
111.685924, 3.012109, -1.328284, 2.640466
111.785022, 3.010014, -1.327137, 2.638372
111.865006, 3.010276, -1.327280, 2.640117
111.964944, 3.009677, -1.326953, 2.644829
112.083874, 3.009376, -1.326792, 2.658443
112.183883, 3.008922, -1.326557, 2.671358
112.263752, 3.008579, -1.326384, 2.681830
112.362699, 3.008081, -1.326141, 2.700331
112.482614, 3.007616, -1.325926, 2.723020
112.582484, 3.007499, -1.325875, 2.753913
112.662759, 3.007182, -1.325749, 2.774682
112.781408, 3.006702, -1.325570, 2.821980
112.881336, 3.006418, -1.325481, 2.850255
112.980244, 3.013079, -1.314514, 2.885424
113.060310, 3.012790, -1.314441, 2.907765
113.179976, 3.012498, -1.314381, 2.943544
113.279175, 3.012079, -1.314301, 2.974785
113.378959, 3.012205, -1.314318, 3.003234
113.458914, 3.011825, -1.314268, 3.024004
113.577933, 3.011359, -1.314217, 3.052801
113.677989, 3.011571, -1.314234, 3.073745
113.777809, 3.019415, -1.308296, 3.089641
113.857833, 3.019031, -1.308278, 3.107094
113.976761, 3.018904, -1.308273, 3.130656
114.076676, 3.019031, -1.308274, -3.131760
114.175637, 3.018861, -1.308278, -3.109071
114.255825, 3.018435, -1.308293, -3.093014
114.375636, 3.018477, -1.308290, -3.067532
114.474411, 3.018605, -1.308279, -3.043446
114.574476, 3.018605, -1.308279, -3.039258
114.654461, 3.018605, -1.308279, -3.039607
114.774258, 3.018605, -1.308279, -3.039781
114.873229, 3.018605, -1.308279, -3.039781
114.973310, 3.018605, -1.308279, -3.039781
115.052183, 3.018605, -1.308279, -3.039781
115.172217, 3.018605, -1.308279, -3.039781
115.272087, 3.018605, -1.308279, -3.039781
115.372159, 3.018605, -1.308279, -3.039781
115.451039, 3.018605, -1.308279, -3.039781
115.570987, 3.018605, -1.308279, -3.039781
115.670953, 3.018605, -1.308279, -3.039781
115.769722, 3.018605, -1.308279, -3.039781
115.849931, 3.018605, -1.308279, -3.039781
115.988660, 3.018605, -1.308279, -3.039781
116.068686, 3.018605, -1.308279, -3.039781
116.168707, 3.018605, -1.308279, -3.039781
116.268490, 3.018605, -1.308279, -3.039781
116.387479, 3.018605, -1.308279, -3.039781
116.487638, 3.018605, -1.308279, -3.039781
116.567336, 3.018605, -1.308279, -3.039781
116.666426, 3.018605, -1.308279, -3.039781
116.786213, 3.018605, -1.308279, -3.039781
116.885184, 3.018605, -1.308279, -3.039781
116.965167, 3.018605, -1.308279, -3.039781
117.065088, 3.018605, -1.308279, -3.039781
117.185045, 3.018605, -1.308279, -3.039781
117.283890, 3.018605, -1.308279, -3.039781
117.363866, 3.018605, -1.308279, -3.039781
117.462899, 3.018605, -1.308279, -3.039781
117.582929, 3.018605, -1.308279, -3.039781
117.682722, 3.018605, -1.308279, -3.039781
117.761754, 3.018605, -1.308279, -3.039781
117.881747, 3.018605, -1.308279, -3.039781
117.981665, 3.018605, -1.308279, -3.039781
118.081738, 3.018605, -1.308279, -3.039781
118.160630, 3.018605, -1.308279, -3.039781
118.280352, 3.018605, -1.308279, -3.039781
118.380368, 3.018605, -1.308279, -3.039781
118.479365, 3.018605, -1.308279, -3.039781
118.559292, 3.018605, -1.308279, -3.039781
118.679332, 3.018605, -1.308279, -3.039781
118.778204, 3.018605, -1.308279, -3.039781
118.878253, 3.018605, -1.308279, -3.039781
118.957140, 3.018605, -1.308279, -3.039781
119.077061, 3.018605, -1.308279, -3.039781
119.177139, 3.018605, -1.308279, -3.039781
119.276071, 3.018605, -1.308279, -3.039781
119.356182, 3.018605, -1.308279, -3.039781
119.475901, 3.018605, -1.308279, -3.039781
119.574766, 3.018605, -1.308279, -3.039781
119.674717, 3.018605, -1.308279, -3.039781
119.754743, 3.018605, -1.308279, -3.039781
119.873686, 3.018605, -1.308279, -3.039781
119.972541, 3.018605, -1.308279, -3.039781
120.072448, 3.018605, -1.308279, -3.039781
120.152396, 3.018605, -1.308279, -3.039781
120.272328, 3.018605, -1.308279, -3.039781
120.371259, 3.018605, -1.308279, -3.039781
120.471338, 3.018605, -1.308279, -3.039781
120.551247, 3.018605, -1.308279, -3.039781
120.670255, 3.018605, -1.308279, -3.039781
120.770120, 3.018605, -1.308279, -3.039781
120.869052, 3.018605, -1.308279, -3.039781
120.969049, 3.018605, -1.308279, -3.039781
121.068971, 3.018605, -1.308279, -3.039781
121.187919, 3.018605, -1.308279, -3.039781
121.267935, 3.018605, -1.308279, -3.039781
121.367649, 3.018605, -1.308279, -3.039781
121.486616, 3.018605, -1.308279, -3.039781
121.586650, 3.018605, -1.308279, -3.039781
121.666589, 3.018605, -1.308279, -3.039781
121.766529, 3.018605, -1.308279, -3.039781
121.885338, 3.018605, -1.308279, -3.039781
121.985387, 3.018605, -1.308279, -3.039781
122.065573, 3.018605, -1.308279, -3.039781
122.184178, 3.018605, -1.308279, -3.039781
122.284006, 3.018605, -1.308279, -3.039781
122.383128, 3.018605, -1.308279, -3.039781
122.464041, 3.018605, -1.308279, -3.039781
122.563082, 3.018605, -1.308279, -3.039781
122.681990, 3.018605, -1.308279, -3.039781
122.781919, 3.018605, -1.308279, -3.039781
122.861837, 3.018605, -1.308279, -3.039781
122.980737, 3.018605, -1.308279, -3.039781
123.080882, 3.018605, -1.308279, -3.039781
123.180623, 3.018605, -1.308279, -3.039781
123.260688, 3.018605, -1.308279, -3.039781
123.379601, 3.018605, -1.308279, -3.039781
123.479591, 3.018605, -1.308279, -3.039781
123.579355, 3.018605, -1.308279, -3.039781
123.659395, 3.018605, -1.308279, -3.039781
123.778226, 3.018605, -1.308279, -3.039781
123.878278, 3.018605, -1.308279, -3.039781
123.977289, 3.018605, -1.308279, -3.039781
124.057348, 3.018605, -1.308279, -3.039781
124.177158, 3.018605, -1.308279, -3.039781
124.276095, 3.018605, -1.308279, -3.039781
124.375931, 3.018605, -1.308279, -3.039781
124.455986, 3.018605, -1.308279, -3.039781
124.574841, 3.018605, -1.308279, -3.039781
124.674783, 3.018605, -1.308279, -3.039781
124.774755, 3.018605, -1.308279, -3.039781
124.853865, 3.018605, -1.308279, -3.039781
124.973614, 3.018605, -1.308279, -3.039781
125.073527, 3.018605, -1.308279, -3.039781
125.173627, 3.018605, -1.308279, -3.039781
125.252633, 3.018605, -1.308279, -3.039781
125.372520, 3.018605, -1.308279, -3.039781
125.472418, 3.018605, -1.308279, -3.039781
125.571414, 3.018605, -1.308279, -3.039781
125.651346, 3.018605, -1.308279, -3.039781
125.771434, 3.018605, -1.308279, -3.039781
125.870491, 3.018605, -1.308279, -3.039781
125.970172, 3.018605, -1.308279, -3.039781
126.049209, 3.018605, -1.308279, -3.039781
126.169269, 3.018605, -1.308279, -3.039781
126.269078, 3.018605, -1.308279, -3.039781
126.368969, 3.018605, -1.308279, -3.039781
126.467915, 3.018605, -1.308279, -3.039781
126.587926, 3.018605, -1.308279, -3.039781
126.687787, 3.018605, -1.308279, -3.039781
126.766656, 3.018605, -1.308279, -3.039781
126.866763, 3.018605, -1.308279, -3.039781
126.986561, 3.018605, -1.308279, -3.039781
127.085400, 3.018605, -1.308279, -3.039781
127.165645, 3.018605, -1.308279, -3.039781
127.285417, 3.018605, -1.308279, -3.039781
127.384387, 3.018605, -1.308279, -3.039781
127.484193, 3.018605, -1.308279, -3.039781
127.563285, 3.018605, -1.308279, -3.039781
127.683141, 3.018605, -1.308279, -3.039781
127.783170, 3.018605, -1.308279, -3.039781
127.883093, 3.018605, -1.308279, -3.039781
127.962090, 3.018605, -1.308279, -3.039781
128.081954, 3.018605, -1.308279, -3.039781
128.181898, 3.018605, -1.308279, -3.039781
128.280732, 3.018605, -1.308279, -3.039781
128.360814, 3.018605, -1.308279, -3.039781
128.480633, 3.018605, -1.308279, -3.039781
128.579764, 3.018605, -1.308279, -3.039781
128.679613, 3.018605, -1.308279, -3.039781
128.758500, 3.018605, -1.308279, -3.039781
128.878403, 3.018605, -1.308279, -3.039781
128.978246, 3.018605, -1.308279, -3.039781
129.077180, 3.018605, -1.308279, -3.039781
129.157146, 3.018605, -1.308279, -3.039781
129.277407, 3.018605, -1.308279, -3.039781
129.376131, 3.018605, -1.308279, -3.039781
129.476130, 3.018605, -1.308279, -3.039781
129.556121, 3.018605, -1.308279, -3.039781
129.675030, 3.018605, -1.308279, -3.039781
129.774883, 3.018605, -1.308279, -3.039781
129.874837, 3.018605, -1.308279, -3.039781
129.953792, 3.018605, -1.308279, -3.039781
130.073634, 3.018605, -1.308279, -3.039781
130.173723, 3.018605, -1.308279, -3.039781
130.272637, 3.018605, -1.308279, -3.039781
130.352648, 3.018605, -1.308279, -3.039781
130.472632, 3.018605, -1.308279, -3.039781
130.571547, 3.018605, -1.308279, -3.039781
130.671438, 3.018605, -1.308279, -3.039781
130.751263, 3.018605, -1.308279, -3.039781
130.870372, 3.018605, -1.308279, -3.039781
130.970191, 3.018605, -1.308279, -3.039781
131.070159, 3.018605, -1.308279, -3.039781
131.149355, 3.018605, -1.308279, -3.039781
131.288987, 3.018605, -1.308279, -3.039781
131.369352, 3.018605, -1.308279, -3.039781
131.468005, 3.018605, -1.308279, -3.039781
131.567989, 3.018605, -1.308279, -3.039781
131.687835, 3.018605, -1.308279, -3.039781
131.786717, 3.018605, -1.308279, -3.039781
131.866739, 3.018605, -1.308279, -3.039781
131.966584, 3.018605, -1.308279, -3.039781
132.085496, 3.018605, -1.308279, -3.039781
132.185437, 3.018605, -1.308279, -3.039781
132.265366, 3.018605, -1.308279, -3.039781
132.364337, 3.018605, -1.308279, -3.039781
132.484049, 3.018605, -1.308279, -3.039781
132.583988, 3.018605, -1.308279, -3.039781
132.662966, 3.018605, -1.308279, -3.039781
132.763171, 3.018605, -1.308279, -3.039781
132.883120, 3.018605, -1.308279, -3.039781
132.982139, 3.018605, -1.308279, -3.039781
133.061928, 3.018605, -1.308279, -3.039781
133.182109, 3.018605, -1.308279, -3.039781
133.280907, 3.018605, -1.308279, -3.039781
133.380885, 3.018605, -1.308279, -3.039781
133.460801, 3.018605, -1.308279, -3.039781
133.579549, 3.018605, -1.308279, -3.039781
133.679553, 3.018605, -1.308279, -3.039781
133.779546, 3.018605, -1.308279, -3.039781
133.858777, 3.018605, -1.308279, -3.039781
133.978400, 3.018605, -1.308279, -3.039781
134.078322, 3.018605, -1.308279, -3.039781
134.177411, 3.018605, -1.308279, -3.039781
134.257345, 3.018605, -1.308279, -3.039781
134.377144, 3.018605, -1.308279, -3.039781
134.476065, 3.018605, -1.308279, -3.039781
134.575970, 3.018605, -1.308279, -3.039781
134.656957, 3.018605, -1.308279, -3.039781
134.774796, 3.018605, -1.308279, -3.039781
134.874762, 3.018605, -1.308279, -3.039781
134.974725, 3.018605, -1.308279, -3.039781
135.053850, 3.018605, -1.308279, -3.039781
135.173565, 3.018605, -1.308279, -3.039781
135.274545, 3.018605, -1.308279, -3.039781
135.372559, 3.018605, -1.308279, -3.039781
135.453307, 3.018605, -1.308279, -3.039781
135.573332, 3.018605, -1.308279, -3.039781
135.671313, 3.018605, -1.308279, -3.039781
135.771331, 3.018605, -1.308279, -3.039781
135.851221, 3.018605, -1.308279, -3.039781
135.970158, 3.018605, -1.308279, -3.039781
136.070123, 3.018605, -1.308279, -3.039781
136.171114, 3.018605, -1.308279, -3.039781
136.270037, 3.018605, -1.308279, -3.039781
136.388929, 3.018605, -1.308279, -3.039781
136.488910, 3.018605, -1.308279, -3.039781
136.568950, 3.018605, -1.308279, -3.039781
136.648871, 3.018605, -1.308279, -3.039781
136.787832, 3.018605, -1.308279, -3.039781
136.887821, 3.018605, -1.308279, -3.039781
136.967602, 3.018605, -1.308279, -3.039781
137.067613, 3.018605, -1.308279, -3.039781
137.185496, 3.018605, -1.308279, -3.039781
137.285548, 3.018605, -1.308279, -3.039781
137.366453, 3.018605, -1.308279, -3.039781
137.465389, 3.018605, -1.308279, -3.039781
137.584389, 3.018605, -1.308279, -3.039781
137.685385, 3.018605, -1.308279, -3.039781
137.764124, 3.018605, -1.308279, -3.039781
137.883229, 3.018605, -1.308279, -3.039781
137.984174, 3.018605, -1.308279, -3.039781
138.082097, 3.018605, -1.308279, -3.039781
138.163085, 3.018605, -1.308279, -3.039781
138.242185, 3.018605, -1.308279, -3.039781
138.381907, 3.018605, -1.308279, -3.039781
138.480916, 3.018605, -1.308279, -3.039781
138.560983, 3.018605, -1.308279, -3.039781
138.680754, 3.018605, -1.308279, -3.039781
138.780546, 3.018605, -1.308279, -3.039781
138.880809, 3.018605, -1.308279, -3.039781
138.959620, 3.018605, -1.308279, -3.039781
139.078491, 3.018605, -1.308279, -3.039781
139.179366, 3.018605, -1.308279, -3.039781
139.278522, 3.018605, -1.308279, -3.039781
139.358428, 3.018605, -1.308279, -3.039781
139.478344, 3.018605, -1.308279, -3.039781
139.577254, 3.018605, -1.308279, -3.039781
139.677152, 3.018605, -1.308279, -3.039781
139.756209, 3.018605, -1.308279, -3.039781
139.876018, 3.018605, -1.308279, -3.039781
139.976080, 3.018605, -1.308279, -3.039781
140.074902, 3.018605, -1.308279, -3.039781
140.154953, 3.018605, -1.308279, -3.039781
140.274770, 3.018605, -1.308279, -3.039781
140.373844, 3.018605, -1.308279, -3.039781
140.473728, 3.018605, -1.308279, -3.039781
140.553878, 3.018605, -1.308279, -3.039781
140.672613, 3.018605, -1.308279, -3.039781
140.772596, 3.018605, -1.308279, -3.039781
140.872637, 3.018605, -1.308279, -3.039781
140.951499, 3.018605, -1.308279, -3.039781
141.071309, 3.018605, -1.308279, -3.039781
141.171385, 3.018605, -1.308279, -3.039781
141.270310, 3.018605, -1.308279, -3.039781
141.350228, 3.018605, -1.308279, -3.039781
141.490170, 3.018605, -1.308279, -3.039781
141.569216, 3.018605, -1.308279, -3.039781
141.669147, 3.018605, -1.308279, -3.039781
141.769135, 3.018605, -1.308279, -3.039781
141.888926, 3.018605, -1.308279, -3.039781
141.988011, 3.018605, -1.308279, -3.039781
142.068069, 3.018605, -1.308279, -3.039781
142.166788, 3.018605, -1.308279, -3.039781
142.286624, 3.018605, -1.308279, -3.039781
142.386665, 3.018605, -1.308279, -3.039781
142.465556, 3.018605, -1.308279, -3.039781
142.565748, 3.018605, -1.308279, -3.039781
142.685544, 3.018605, -1.308279, -3.039781
142.784457, 3.018605, -1.308279, -3.039781
142.864465, 3.018605, -1.308279, -3.039781
142.964313, 3.018605, -1.308279, -3.039781
143.083275, 3.018605, -1.308279, -3.039781
143.183194, 3.018605, -1.308279, -3.039781
143.263211, 3.018605, -1.308279, -3.039781
143.382030, 3.018605, -1.308279, -3.039781
143.482158, 3.018605, -1.308279, -3.039781
143.582013, 3.018605, -1.308279, -3.039781
143.661071, 3.018605, -1.308279, -3.039781
143.780928, 3.018605, -1.308279, -3.039781
143.881002, 3.018605, -1.308279, -3.039781
