0.282872, 2.404686, -0.035628, -1.558095
0.382849, 2.404686, -0.035628, -1.558095
0.482709, 2.404686, -0.035628, -1.558095
0.582690, 2.404686, -0.035628, -1.558095
0.682563, 2.404686, -0.035628, -1.558095
0.762476, 2.404686, -0.035628, -1.558095
0.883378, 2.404686, -0.035628, -1.558095
0.982302, 2.404686, -0.035628, -1.558095
1.083225, 2.404686, -0.035628, -1.558095
1.161975, 2.404686, -0.035628, -1.558095
1.283011, 2.404686, -0.035628, -1.558095
1.383026, 2.404686, -0.035628, -1.558095
1.482903, 2.404686, -0.035628, -1.558095
1.562860, 2.404686, -0.035628, -1.558095
1.683781, 2.404686, -0.035628, -1.558095
1.782781, 2.404686, -0.035628, -1.558095
1.882590, 2.404686, -0.035628, -1.558095
1.962520, 2.404686, -0.035628, -1.558095
2.082439, 2.404686, -0.035628, -1.558095
2.182333, 2.404686, -0.035628, -1.558095
2.262304, 2.404686, -0.035628, -1.558095
2.363193, 2.404686, -0.035628, -1.558095
2.483104, 2.404686, -0.035628, -1.558095
2.581937, 2.404686, -0.035628, -1.558095
2.682901, 2.404686, -0.035628, -1.558095
2.761956, 2.404686, -0.035628, -1.558095
2.882801, 2.404686, -0.035628, -1.558095
2.982735, 2.404686, -0.035628, -1.558095
3.082634, 2.404686, -0.035628, -1.558095
3.162498, 2.404686, -0.035628, -1.558095
3.282508, 2.404686, -0.035628, -1.558095
3.382521, 2.404686, -0.035628, -1.558095
3.482304, 2.404686, -0.035628, -1.558095
3.562120, 2.404686, -0.035628, -1.558095
3.642230, 2.404686, -0.035628, -1.558095
3.783155, 2.404686, -0.035628, -1.558095
3.881930, 2.404686, -0.035628, -1.558095
3.962774, 2.404686, -0.035628, -1.558095
4.082845, 2.404686, -0.035628, -1.558095
4.182727, 2.404686, -0.035628, -1.558095
4.282616, 2.404686, -0.035628, -1.558095
4.362520, 2.404686, -0.035628, -1.558095
4.482412, 2.404686, -0.035628, -1.558095
4.582361, 2.404686, -0.035628, -1.558095
4.683203, 2.404686, -0.035628, -1.558095
4.762161, 2.404686, -0.035628, -1.558095
4.862128, 2.404686, -0.035628, -1.558095
4.982039, 2.404686, -0.035628, -1.558095
5.081852, 2.404686, -0.035628, -1.558095
5.162766, 2.404686, -0.035628, -1.558095
5.281835, 2.404686, -0.035628, -1.558095
5.382732, 2.404686, -0.035628, -1.558095
5.482578, 2.404686, -0.035628, -1.558095
5.561510, 2.404686, -0.035628, -1.558095
5.682310, 2.404686, -0.035628, -1.558095
5.782353, 2.404686, -0.035628, -1.558095
5.882172, 2.404686, -0.035628, -1.558095
5.963126, 2.404686, -0.035628, -1.558095
6.082027, 2.404686, -0.035628, -1.558095
6.181758, 2.404686, -0.035628, -1.558095
6.282958, 2.404686, -0.035628, -1.558095
6.361851, 2.404686, -0.035628, -1.558095
6.481895, 2.404686, -0.035628, -1.558095
6.581740, 2.404686, -0.035628, -1.558095
6.681617, 2.404686, -0.035628, -1.558095
6.762697, 2.404686, -0.035628, -1.558095
6.881351, 2.404686, -0.035628, -1.558095
6.982408, 2.404686, -0.035628, -1.558095
7.082441, 2.404686, -0.035628, -1.558095
7.162117, 2.404686, -0.035628, -1.558095
7.282246, 2.404686, -0.035628, -1.558095
7.382960, 2.404686, -0.035628, -1.558095
7.482046, 2.404686, -0.035628, -1.558095
7.562038, 2.404686, -0.035628, -1.558095
7.681851, 2.404686, -0.035628, -1.558095
7.781612, 2.404686, -0.035628, -1.558095
7.881758, 2.404686, -0.035628, -1.558095
7.961434, 2.404686, -0.035628, -1.558095
8.082402, 2.404686, -0.035628, -1.558095
8.182196, 2.404686, -0.035628, -1.558095
8.281198, 2.404686, -0.035628, -1.558095
8.362179, 2.404686, -0.035628, -1.558095
8.481999, 2.404686, -0.035628, -1.558095
8.581994, 2.404686, -0.035628, -1.558095
8.682007, 2.404686, -0.035628, -1.558095
8.761790, 2.404686, -0.035628, -1.558095
8.881790, 2.404686, -0.035628, -1.558095
8.982556, 2.404686, -0.035628, -1.558095
9.081466, 2.404686, -0.035628, -1.558095
9.161402, 2.404686, -0.035628, -1.558095
9.282302, 2.404686, -0.035628, -1.558095
9.381221, 2.404686, -0.035628, -1.558095
9.482130, 2.404686, -0.035628, -1.558095
9.561074, 2.404686, -0.035628, -1.558095
9.682008, 2.404686, -0.035628, -1.558095
9.782064, 2.404686, -0.035628, -1.558095
9.880818, 2.404686, -0.035628, -1.558095
9.961932, 2.404686, -0.035628, -1.558095
10.081744, 2.404686, -0.035628, -1.558095
10.181666, 2.404686, -0.035628, -1.558095
10.281562, 2.404686, -0.035628, -1.558095
10.361396, 2.404686, -0.035628, -1.558095
10.481338, 2.404686, -0.035628, -1.558095
10.581309, 2.404686, -0.035628, -1.558095
10.681134, 2.404686, -0.035628, -1.558095
10.761095, 2.404686, -0.035628, -1.558095
10.881993, 2.404686, -0.035628, -1.558095
10.980999, 2.404686, -0.035628, -1.558095
11.081767, 2.404686, -0.035628, -1.558095
11.160687, 2.404686, -0.035628, -1.558095
11.280731, 2.404686, -0.035628, -1.558095
11.381521, 2.404686, -0.035628, -1.558095
11.481475, 2.404686, -0.035628, -1.558095
11.561326, 2.404686, -0.035628, -1.558095
11.681323, 2.404686, -0.035628, -1.558095
11.781221, 2.404686, -0.035628, -1.558095
11.881160, 2.404686, -0.035628, -1.558095
11.961140, 2.404686, -0.035628, -1.558095
12.081069, 2.404686, -0.035628, -1.558095
12.181145, 2.404686, -0.035628, -1.558095
12.280920, 2.404686, -0.035628, -1.558095
12.360698, 2.404686, -0.035628, -1.558095
12.481756, 2.404686, -0.035628, -1.558095
12.580604, 2.404686, -0.035628, -1.558095
12.681618, 2.404686, -0.035628, -1.558095
12.760444, 2.404686, -0.035628, -1.558095
12.881310, 2.404686, -0.035628, -1.558095
12.981330, 2.404686, -0.035628, -1.558095
13.081112, 2.404686, -0.035628, -1.558095
13.161031, 2.404686, -0.035628, -1.558095
13.281132, 2.404686, -0.035628, -1.558095
13.380863, 2.404686, -0.035628, -1.558095
13.480978, 2.404686, -0.035628, -1.558095
13.560667, 2.404686, -0.035628, -1.558095
13.680653, 2.404686, -0.035628, -1.558095
13.781615, 2.404686, -0.035628, -1.558095
13.880663, 2.404686, -0.035628, -1.558095
13.961396, 2.404686, -0.035628, -1.558095
14.081360, 2.404686, -0.035628, -1.558095
14.181290, 2.404686, -0.035628, -1.558095
14.281127, 2.404686, -0.035628, -1.558095
14.360973, 2.404686, -0.035628, -1.558095
14.481058, 2.404686, -0.035628, -1.558095
14.580968, 2.404686, -0.035628, -1.558095
14.681926, 2.404686, -0.035628, -1.558095
14.760721, 2.404686, -0.035628, -1.558095
14.880725, 2.404686, -0.035628, -1.558095
14.980599, 2.404686, -0.035628, -1.558095
15.080556, 2.404686, -0.035628, -1.558095
15.161403, 2.404686, -0.035628, -1.558095
15.280268, 2.404686, -0.035628, -1.558095
15.381376, 2.404686, -0.035628, -1.558095
15.481109, 2.404686, -0.035628, -1.558095
15.560067, 2.404686, -0.035628, -1.558095
15.680986, 2.404686, -0.035628, -1.558095
15.780939, 2.404686, -0.035628, -1.558095
15.880993, 2.404686, -0.035628, -1.558095
15.961731, 2.404686, -0.035628, -1.558095
16.080687, 2.404686, -0.035628, -1.558095
16.180568, 2.404686, -0.035628, -1.558095
16.281579, 2.404686, -0.035628, -1.558095
16.360387, 2.404686, -0.035628, -1.558095
16.480399, 2.404686, -0.035628, -1.558095
16.581408, 2.404686, -0.035628, -1.558095
16.680255, 2.404686, -0.035628, -1.558095
16.760057, 2.404686, -0.035628, -1.558095
16.880163, 2.404686, -0.035628, -1.558095
16.980139, 2.404686, -0.035628, -1.558095
17.081011, 2.404686, -0.035628, -1.558095
17.159850, 2.404686, -0.035628, -1.558095
17.280787, 2.404686, -0.035628, -1.558095
17.380808, 2.404686, -0.035628, -1.558095
17.480774, 2.404686, -0.035628, -1.558095
17.560639, 2.404686, -0.035628, -1.558095
17.680452, 2.404686, -0.035628, -1.558095
17.780323, 2.404686, -0.035628, -1.558095
17.880167, 2.404686, -0.035628, -1.558095
17.960103, 2.404686, -0.035628, -1.558095
18.080250, 2.404686, -0.035628, -1.558095
18.181154, 2.404686, -0.035628, -1.558095
18.279968, 2.404686, -0.035628, -1.558095
18.360845, 2.404686, -0.035628, -1.558095
18.479796, 2.404686, -0.035628, -1.558095
18.579636, 2.404686, -0.035628, -1.558095
18.680475, 2.404686, -0.035628, -1.558095
18.759443, 2.404686, -0.035628, -1.558095
18.880445, 2.404686, -0.035628, -1.558095
18.980329, 2.404739, -0.039807, -1.558619
19.080276, 2.404783, -0.047483, -1.571709
19.160172, 2.404764, -0.055757, -1.575898
19.281075, 2.404609, -0.071663, -1.588289
19.380069, 2.404335, -0.086160, -1.591605
19.480053, 2.403971, -0.101124, -1.600856
19.559874, 2.403579, -0.113144, -1.607663
19.679698, 2.402871, -0.131297, -1.612549
19.779920, 2.402200, -0.146336, -1.621102
19.879625, 2.401374, -0.161581, -1.630003
19.959481, 2.400640, -0.173756, -1.631923
20.080587, 2.399460, -0.192056, -1.642046
20.179426, 2.398236, -0.207359, -1.664037
20.280356, 2.396631, -0.222842, -1.686900
20.359259, 2.397443, -0.263790, -1.668499
20.439977, 2.396205, -0.276353, -1.671117
20.560165, 2.394250, -0.295186, -1.679494
20.680101, 2.392110, -0.314172, -1.687523
20.780038, 2.390192, -0.330005, -1.697471
20.879885, 2.388107, -0.345818, -1.708990
20.959797, 2.386320, -0.358486, -1.714401
21.079783, 2.383509, -0.377168, -1.728887
21.179686, 2.380793, -0.393836, -1.737265
21.279565, 2.378096, -0.409816, -1.739185
21.360526, 2.375907, -0.422594, -1.743199
21.479459, 2.372514, -0.441959, -1.745642
21.579347, 2.369462, -0.459045, -1.750006
21.680325, 2.380309, -0.503729, -1.754332
21.759010, 2.377930, -0.516560, -1.753110
21.879128, 2.374116, -0.537279, -1.752063
21.959022, 2.371796, -0.550034, -1.748398
22.078944, 2.368234, -0.569758, -1.752237
22.159809, 2.365781, -0.582749, -1.769342
22.278737, 2.361489, -0.602588, -1.802154
22.379598, 2.357643, -0.619032, -1.799710
22.479527, 2.353756, -0.635686, -1.799885
22.559382, 2.350680, -0.648894, -1.799187
22.679552, 2.346054, -0.668966, -1.794474
22.780320, 2.342296, -0.685693, -1.787842
22.879258, 2.330575, -0.709864, -1.787047
22.958920, 2.327648, -0.723324, -1.781462
23.079105, 2.323363, -0.743645, -1.773433
23.179044, 2.319927, -0.760659, -1.766801
23.278969, 2.316560, -0.777773, -1.761914
23.358860, 2.313966, -0.791258, -1.759471
23.478797, 2.310107, -0.811708, -1.754060
23.579682, 2.306975, -0.828997, -1.743414
23.678601, 2.304083, -0.846024, -1.732069
23.759574, 2.301877, -0.859880, -1.723866
23.878411, 2.298805, -0.880464, -1.711823
23.979361, 2.296396, -0.897997, -1.701875
24.079340, 2.276005, -0.904628, -1.694998
24.159117, 2.274325, -0.918515, -1.684875
24.279062, 2.271990, -0.939666, -1.676672
24.380007, 2.270167, -0.957228, -1.669341
24.478879, 2.268431, -0.975097, -1.664978
24.558847, 2.267106, -0.989322, -1.661313
24.679727, 2.265246, -1.010564, -1.651539
24.778549, 2.263903, -1.028382, -1.638275
24.878532, 2.262772, -1.046257, -1.628501
24.958517, 2.261970, -1.060649, -1.622916
25.079366, 2.260989, -1.082206, -1.606335
25.179274, 2.267619, -1.090446, -1.586104
25.278182, 2.267405, -1.108442, -1.577028
25.359072, 2.267375, -1.123112, -1.566556
25.479108, 2.267586, -1.143879, -1.550499
25.578994, 2.267994, -1.159653, -1.535489
25.678865, 2.268654, -1.175290, -1.516290
25.758867, 2.269400, -1.187250, -1.497615
25.878684, 2.270810, -1.203993, -1.468817
25.978663, 2.271562, -1.210774, -1.438274
26.078452, 2.272429, -1.216983, -1.417854
26.158453, 2.285032, -1.215418, -1.364136
26.279310, 2.285372, -1.216915, -1.326786
26.378273, 2.285824, -1.218603, -1.288563
26.479153, 2.286393, -1.220481, -1.260463
26.558099, 2.287405, -1.223515, -1.235854
26.679083, 2.290883, -1.232776, -1.184018
26.778931, 2.304979, -1.226505, -1.138519
26.878900, 2.305051, -1.226659, -1.124731
26.958823, 2.305333, -1.227234, -1.098900
27.078723, 2.306162, -1.228821, -1.070975
27.178651, 2.307269, -1.230792, -1.039733
27.278589, 2.307464, -1.231122, -1.013728
27.358483, 2.307464, -1.231122, -1.012157
27.478523, 2.307464, -1.231122, -1.017218
27.578383, 2.307464, -1.231122, -1.017218
27.678260, 2.307464, -1.231122, -1.017044
27.758096, 2.307464, -1.231122, -1.017044
27.879152, 2.307464, -1.231122, -1.017218
27.978028, 2.307464, -1.231122, -1.017218
28.078916, 2.307464, -1.231122, -1.017218
28.157974, 2.307464, -1.231122, -1.017218
28.278706, 2.307464, -1.231122, -1.017218
28.378722, 2.307464, -1.231122, -1.017218
28.478518, 2.307464, -1.231122, -1.017218
28.558486, 2.307464, -1.231122, -1.017218
28.678388, 2.307464, -1.231122, -1.017218
28.778453, 2.307464, -1.231122, -1.017218
28.878284, 2.307464, -1.231122, -1.017218
28.958178, 2.307464, -1.231122, -1.017218
29.078058, 2.307464, -1.231122, -1.017218
29.179022, 2.307464, -1.231122, -1.017218
29.278934, 2.307464, -1.231122, -1.017218
29.358809, 2.307464, -1.231122, -1.017218
29.478687, 2.307464, -1.231122, -1.017218
29.577718, 2.307464, -1.231122, -1.017218
29.678540, 2.307464, -1.231122, -1.017218
29.758525, 2.307464, -1.231122, -1.017218
29.878450, 2.307464, -1.231122, -1.017218
29.978460, 2.307464, -1.231122, -1.017218
30.079262, 2.307464, -1.231122, -1.017218
30.158216, 2.307464, -1.231122, -1.017218
30.278055, 2.307464, -1.231122, -1.017218
30.358172, 2.307464, -1.231122, -1.017218
30.477985, 2.307464, -1.231122, -1.017218
30.577961, 2.307464, -1.231122, -1.017218
30.677875, 2.307464, -1.231122, -1.017218
30.757767, 2.307464, -1.231122, -1.017218
30.878618, 2.310783, -1.236491, -1.019836
30.977537, 2.314080, -1.241973, -1.040780
31.058595, 2.317160, -1.247236, -1.037639
31.177530, 2.321401, -1.254340, -1.026294
31.278139, 2.322558, -1.256231, -1.008317
31.378217, 2.322489, -1.256123, -0.992260
31.458034, 2.322395, -1.255981, -0.968873
31.578123, 2.309587, -1.258602, -0.953376
31.678880, 2.309836, -1.258949, -0.933654
31.777870, 2.309937, -1.259087, -0.907998
31.857890, 2.309831, -1.258953, -0.885658
31.978780, 2.310191, -1.259374, -0.845515
32.077616, 2.310105, -1.259279, -0.820906
32.177521, 2.310400, -1.259587, -0.790886
32.298415, 2.310823, -1.260009, -0.761565
32.377339, 2.291005, -1.259258, -0.751881
32.478377, 2.291038, -1.259285, -0.723257
32.577186, 2.291425, -1.259619, -0.697601
32.658093, 2.291589, -1.259755, -0.683115
32.778093, 2.291722, -1.259862, -0.655888
32.878008, 2.291722, -1.259862, -0.624472
32.978120, 2.292001, -1.260058, -0.604575
33.057961, 2.292107, -1.260130, -0.588169
33.177796, 2.297959, -1.259740, -0.546111
33.277693, 2.298217, -1.259891, -0.525691
33.377630, 2.298551, -1.260081, -0.505096
33.457525, 2.298551, -1.260081, -0.480662
33.578420, 2.298590, -1.260098, -0.450642
33.677393, 2.299091, -1.260336, -0.430920
33.777238, 2.299090, -1.260338, -0.403518
33.857120, 2.298893, -1.260255, -0.382749
33.977058, 2.299411, -1.260454, -0.350635
34.077966, 2.298243, -1.257993, -0.319918
34.176988, 2.298285, -1.258003, -0.293040
34.257895, 2.298735, -1.258136, -0.269478
34.377722, 2.298651, -1.258118, -0.235968
34.477707, 2.298776, -1.258145, -0.207519
34.577453, 2.299152, -1.258222, -0.179943
34.657408, 2.299026, -1.258200, -0.161442
34.777296, 2.332324, -1.255689, -0.103961
34.877197, 2.332281, -1.255689, -0.071847
34.977095, 2.332366, -1.255696, -0.048634
35.057103, 2.332707, -1.255709, -0.018266
35.176985, 2.332920, -1.255712, 0.011230
35.276924, 2.332962, -1.255710, 0.041948
35.376897, 2.333133, -1.255703, 0.075633
35.456799, 2.375957, -1.253692, 0.109298
35.576722, 2.376041, -1.253681, 0.150663
35.677616, 2.376252, -1.253647, 0.184871
35.776619, 2.376377, -1.253621, 0.220825
35.857482, 2.376584, -1.253572, 0.250321
35.977437, 2.376790, -1.253517, 0.286449
36.077402, 2.404815, -1.253715, 0.326589
36.177269, 2.405257, -1.253560, 0.355387
36.257170, 2.405178, -1.253592, 0.386629
36.377001, 2.405529, -1.253437, 0.431833
36.476943, 2.405414, -1.253492, 0.489079
36.576846, 2.384091, -1.251854, 0.545617
36.656876, 2.384233, -1.251760, 0.589076
36.776716, 2.384305, -1.251713, 0.650337
36.876716, 2.384540, -1.251530, 0.698857
36.976588, 2.415965, -1.242623, 0.760146
37.056669, 2.415967, -1.242625, 0.795576
37.176453, 2.416138, -1.242434, 0.850903
37.277386, 2.416082, -1.242499, 0.903088
37.377307, 2.460530, -1.232535, 0.960028
37.457234, 2.460600, -1.232428, 0.999647
37.577104, 2.460625, -1.232393, 1.064573
37.676993, 2.460687, -1.232281, 1.115537
37.776910, 2.482753, -1.221266, 1.180170
37.856902, 2.482799, -1.221147, 1.224675
37.976727, 2.482844, -1.221027, 1.283144
38.076690, 2.482886, -1.220862, 1.341089
38.177642, 2.519006, -1.212343, 1.396668
38.256565, 2.519005, -1.212342, 1.438381
38.376543, 2.519080, -1.211493, 1.505576
38.476389, 2.519080, -1.211536, 1.567012
38.576300, 2.550368, -1.201577, 1.609093
38.657197, 2.550364, -1.201535, 1.659184
38.776011, 2.550370, -1.201620, 1.709450
38.877095, 2.550409, -1.201873, 1.765998
38.976949, 2.577396, -1.195850, 1.821197
39.056912, 2.577131, -1.194861, 1.848948
39.176761, 2.576893, -1.194087, 1.904449
39.276729, 2.576716, -1.193607, 1.956460
39.376689, 2.610535, -1.181831, 2.008164
39.457574, 2.610476, -1.181718, 2.054066
39.576437, 2.610454, -1.181681, 2.118643
39.676336, 2.610455, -1.181680, 2.176413
39.777311, 2.609700, -1.176302, 2.229115
39.856325, 2.609517, -1.176066, 2.278683
39.976113, 2.607358, -1.173707, 2.339595
40.077107, 2.604797, -1.171204, 2.410106
40.176053, 2.566025, -1.168867, 2.453747
40.255984, 2.566493, -1.169238, 2.496857
40.375869, 2.566386, -1.169167, 2.565448
40.476708, 2.566460, -1.169210, 2.621648
40.576708, 2.476387, -1.174982, 2.670062
40.655582, 2.476387, -1.174982, 2.710205
40.776595, 2.476388, -1.174980, 2.780716
40.876409, 2.385686, -1.176300, 2.826381
40.976381, 2.385646, -1.176287, 2.880661
41.056375, 2.385687, -1.176299, 2.927436
41.176284, 2.385729, -1.176306, 2.992886
41.276095, 2.300143, -1.174649, 3.037153
41.376139, 2.296146, -1.174353, 3.098938
41.455977, 2.292906, -1.174268, -3.132760
41.575836, 2.236923, -1.174263, -3.068116
41.676893, 2.231151, -1.174818, -3.007553
41.775800, 2.224327, -1.175894, -2.951528
41.855799, 2.172725, -1.174774, -2.910783
41.975690, 2.155321, -1.179503, -2.830498
42.075576, 2.140862, -1.184655, -2.759463
42.175490, 2.113330, -1.188501, -2.694717
42.255432, 2.101524, -1.194446, -2.642706
42.375314, 2.084875, -1.204235, -2.565388
42.476221, 2.071597, -1.213372, -2.494004
42.575150, 2.055180, -1.222026, -2.434829
42.655894, 2.045364, -1.230751, -2.378630
42.774942, 2.031637, -1.244699, -2.305151
42.875820, 2.015063, -1.254955, -2.235972
42.975828, 2.005255, -1.268119, -2.172442
43.055828, 1.998384, -1.278452, -2.135441
43.175656, 1.988040, -1.295766, -2.071038
43.275563, 1.985652, -1.311109, -2.023888
43.375478, 1.978563, -1.326342, -1.979731
43.455468, 1.973396, -1.338741, -1.943952
43.576376, 1.966492, -1.357420, -1.894559
43.675271, 1.961274, -1.373525, -1.868903
43.775156, 1.956437, -1.389883, -1.841327
43.855122, 1.957044, -1.402739, -1.822676
43.975061, 1.952202, -1.422715, -1.789864
44.075966, 1.948613, -1.439566, -1.767000
44.174845, 1.945417, -1.456409, -1.745184
44.255912, 1.943119, -1.469990, -1.728080
44.375673, 1.940033, -1.490485, -1.708706
44.475584, 1.937748, -1.507475, -1.698234
44.575475, 1.935552, -1.525337, -1.686366
44.655416, 1.933980, -1.539151, -1.682177
44.775294, 1.931734, -1.560012, -1.670658
44.875184, 1.930041, -1.577415, -1.663677
44.975033, 1.928440, -1.595169, -1.656696
45.054998, 1.927701, -1.609801, -1.654528
45.175977, 1.926128, -1.629398, -1.640216
45.274921, 1.925084, -1.645100, -1.632013
45.374846, 1.924132, -1.660807, -1.630791
45.454733, 1.923451, -1.672430, -1.627300
45.574645, 1.922528, -1.688609, -1.627126
45.674567, 1.921675, -1.704493, -1.618399
45.774492, 1.921129, -1.717019, -1.611592
45.854407, 1.920588, -1.729887, -1.613163
45.975291, 1.919864, -1.748253, -1.606706
46.075137, 1.919275, -1.763807, -1.610545
46.175095, 1.918737, -1.777614, -1.609149
46.255064, 1.918357, -1.787415, -1.608800
46.374943, 1.917788, -1.802587, -1.607404
46.474862, 1.922773, -1.810508, -1.614425
46.574834, 1.922328, -1.820691, -1.614600
46.654783, 1.921959, -1.829212, -1.613727
46.774612, 1.921381, -1.841865, -1.620359
46.874699, 1.920658, -1.856475, -1.620010
46.974467, 1.920150, -1.867209, -1.614949
47.054427, 1.919654, -1.878414, -1.615123
47.174336, 1.918981, -1.893880, -1.611458
47.275186, 1.918552, -1.904832, -1.609538
47.374150, 1.918060, -1.916336, -1.617567
47.455070, 1.917487, -1.928647, -1.617741
47.574898, 1.916345, -1.950409, -1.630482
47.674862, 1.915333, -1.967694, -1.628213
47.774786, 1.914404, -1.983616, -1.630308
47.854673, 1.913690, -1.995536, -1.631355
47.974744, 1.904295, -2.019424, -1.625304
48.074563, 1.903543, -2.032665, -1.633856
48.174413, 1.902619, -2.046409, -1.645899
48.254318, 1.901858, -2.055589, -1.664923
48.374147, 1.900560, -2.069045, -1.665098
48.474149, 1.899414, -2.081059, -1.665621
48.574128, 1.898435, -2.091547, -1.663178
48.655121, 1.897839, -2.097916, -1.665447
48.773979, 1.897624, -2.100295, -1.643456
48.874855, 1.897496, -2.102423, -1.609945
48.974766, 1.897434, -2.104597, -1.578006
49.054710, 1.897442, -2.105919, -1.535245
49.174603, 1.897606, -2.108472, -1.468399
49.274540, 1.894992, -2.113086, -1.417792
49.374360, 1.895326, -2.114932, -1.359672
49.454432, 1.895600, -2.116138, -1.316388
49.574246, 1.889809, -2.123926, -1.253480
49.674160, 1.890376, -2.125535, -1.198851
49.774891, 1.891129, -2.127346, -1.141954
49.854064, 1.891640, -2.128425, -1.102858
49.973872, 1.882664, -2.137909, -1.033806
50.073712, 1.883432, -2.139139, -0.983017
50.173895, 1.884439, -2.140568, -0.924549
50.254609, 1.885015, -2.141309, -0.878646
50.373418, 1.886076, -2.145603, -0.817894
50.474386, 1.886971, -2.146517, -0.769549
50.574307, 1.888124, -2.147594, -0.724519
50.654259, 1.888928, -2.148294, -0.695372
50.774117, 1.890163, -2.149276, -0.647376
50.874162, 1.891365, -2.150161, -0.619276
50.974038, 1.894014, -2.147351, -0.587078
51.053914, 1.894694, -2.147792, -0.556884
51.173891, 1.896232, -2.148711, -0.514123
51.273655, 1.896979, -2.149122, -0.484627
51.373588, 1.897016, -2.149142, -0.482009
51.453434, 1.897016, -2.149142, -0.481660
51.573542, 1.897016, -2.149142, -0.482009
51.674369, 1.897016, -2.149142, -0.482009
51.773335, 1.897016, -2.149142, -0.482009
51.854191, 1.897016, -2.149142, -0.482009
51.973300, 1.897016, -2.149142, -0.482009
52.073996, 1.897016, -2.149142, -0.482009
52.173997, 1.897016, -2.149142, -0.482009
52.253868, 1.897016, -2.149142, -0.482009
52.373815, 1.897016, -2.149142, -0.482009
52.474721, 1.897016, -2.149142, -0.482009
52.573708, 1.897016, -2.149142, -0.482009
52.653563, 1.897016, -2.149142, -0.482009
52.773420, 1.897016, -2.149142, -0.482009
52.873384, 1.897016, -2.149142, -0.482009
52.973236, 1.897016, -2.149142, -0.482009
53.053204, 1.897016, -2.149142, -0.482009
53.173199, 1.897016, -2.149142, -0.482009
53.274045, 1.897016, -2.149142, -0.482009
53.373030, 1.897016, -2.149142, -0.482009
53.453987, 1.897016, -2.149142, -0.482009
53.573030, 1.897016, -2.149142, -0.482009
53.672777, 1.897016, -2.149142, -0.482009
53.773740, 1.897016, -2.149142, -0.482009
53.852630, 1.897016, -2.149142, -0.482009
53.973579, 1.897016, -2.149142, -0.482009
54.074432, 1.897016, -2.149142, -0.482009
54.173385, 1.897016, -2.149142, -0.482009
54.253232, 1.897016, -2.149142, -0.482009
54.374265, 1.897016, -2.149142, -0.482009
54.473189, 1.897016, -2.149142, -0.482009
54.573368, 1.897016, -2.149142, -0.482009
54.652981, 1.897016, -2.149142, -0.482009
54.772903, 1.897016, -2.149142, -0.482009
54.872754, 1.897016, -2.149142, -0.482009
54.972754, 1.897016, -2.149142, -0.482009
55.052666, 1.897016, -2.149142, -0.482009
55.173494, 1.897016, -2.149142, -0.482009
55.272452, 1.897016, -2.149142, -0.482009
55.373359, 1.897016, -2.149142, -0.482009
55.452361, 1.897016, -2.149142, -0.482009
55.572293, 1.897016, -2.149142, -0.482009
55.673016, 1.897016, -2.149142, -0.482009
55.772096, 1.897016, -2.149142, -0.482009
55.853001, 1.897016, -2.149142, -0.482009
55.973190, 1.897016, -2.149142, -0.482009
56.072977, 1.897016, -2.149142, -0.482009
56.172756, 1.897016, -2.149142, -0.482009
56.252638, 1.897016, -2.149142, -0.482009
56.372523, 1.897016, -2.149142, -0.482009
56.472519, 1.897016, -2.149142, -0.482009
56.572558, 1.897016, -2.149142, -0.482009
56.652424, 1.897016, -2.149142, -0.482009
56.773271, 1.897016, -2.149142, -0.482009
56.872154, 1.897016, -2.149142, -0.482009
56.972151, 1.897016, -2.149142, -0.482009
57.052169, 1.897016, -2.149142, -0.482009
57.172015, 1.897016, -2.149142, -0.482009
57.272875, 1.897016, -2.149142, -0.482009
57.371800, 1.897016, -2.149142, -0.482009
57.452744, 1.897016, -2.149142, -0.482009
57.572671, 1.897016, -2.149142, -0.482009
57.671597, 1.897016, -2.149142, -0.482009
57.772439, 1.897016, -2.149142, -0.482009
57.852340, 1.897016, -2.149142, -0.482009
57.972291, 1.897016, -2.149142, -0.482009
58.072209, 1.897016, -2.149142, -0.482009
58.172229, 1.897016, -2.149142, -0.482009
58.272031, 1.897016, -2.149142, -0.482009
58.371920, 1.897016, -2.149142, -0.482009
58.471835, 1.897016, -2.149142, -0.482009
58.571793, 1.897016, -2.149142, -0.482009
58.672741, 1.897016, -2.149142, -0.482009
58.791693, 1.897016, -2.149142, -0.482009
58.871526, 1.897016, -2.149142, -0.482009
58.971532, 1.897016, -2.149142, -0.482009
59.071359, 1.897016, -2.149142, -0.482009
59.172308, 1.897016, -2.149142, -0.482009
59.291458, 1.897016, -2.149142, -0.482009
59.372182, 1.897016, -2.149142, -0.482009
59.451110, 1.897016, -2.149142, -0.482009
59.590982, 1.897016, -2.149142, -0.482009
59.671897, 1.897016, -2.149142, -0.482009
59.771846, 1.897016, -2.149142, -0.482009
59.851745, 1.897016, -2.149142, -0.482009
59.971596, 1.897016, -2.149142, -0.482009
60.091537, 1.897092, -2.149181, -0.482183
60.171431, 1.902873, -2.152207, -0.479740
60.251346, 1.907319, -2.154471, -0.456353
60.391246, 1.910932, -2.156209, -0.412545
60.491245, 1.908552, -2.161703, -0.381269
60.571123, 1.908630, -2.161738, -0.354914
60.671101, 1.908950, -2.161855, -0.322800
60.790881, 1.909317, -2.161968, -0.276723
60.890798, 1.909563, -2.162036, -0.248100
60.970772, 1.909688, -2.162065, -0.207259
61.050747, 1.901716, -2.166870, -0.182578
61.190692, 1.904407, -2.167323, -0.109798
61.291467, 1.908948, -2.167776, -0.081698
61.371449, 1.907884, -2.167700, -0.035098
61.471324, 1.908779, -2.167726, -0.022357
61.591208, 1.908396, -2.167723, 0.008535
61.691239, 1.907047, -2.170939, 0.038905
61.771040, 1.907175, -2.170931, 0.069972
61.871013, 1.907132, -2.170932, 0.104529
61.990927, 1.907428, -2.170897, 0.159507
62.090742, 1.912252, -2.170014, 0.204362
62.171840, 1.915666, -2.165657, 0.247993
62.250731, 1.917768, -2.165100, 0.275744
62.390734, 1.928248, -2.161759, 0.353236
62.470552, 1.938308, -2.157861, 0.396695
62.570395, 1.946019, -2.156213, 0.462279
62.670380, 1.960075, -2.148771, 0.525634
62.790407, 1.975921, -2.139048, 0.585848
62.890329, 1.988797, -2.130005, 0.647807
62.971289, 2.000441, -2.115126, 0.695598
63.050045, 2.009818, -2.107064, 0.734693
63.191126, 2.025653, -2.091731, 0.811313
63.291013, 2.036286, -2.080189, 0.851281
63.370019, 2.051451, -2.064740, 0.875375
63.470845, 2.061496, -2.052352, 0.911504
63.570937, 2.070994, -2.039753, 0.945189
63.690577, 2.081969, -2.023908, 0.989520
63.770858, 2.088946, -2.013083, 1.017620
63.870754, 2.097081, -1.999514, 1.049385
63.990600, 2.107682, -1.975627, 1.076575
64.091383, 2.115278, -1.961216, 1.101708
64.170359, 2.121268, -1.949193, 1.120383
64.270140, 2.128176, -1.934534, 1.143771
64.391087, 2.136256, -1.916378, 1.164715
64.490217, 2.142701, -1.901230, 1.173267
64.570003, 2.147857, -1.888872, 1.180423
64.669969, 2.154194, -1.873357, 1.187229
64.789886, 2.161630, -1.854560, 1.203984
64.890567, 2.167484, -1.838992, 1.219867
64.969531, 2.172134, -1.826208, 1.225801
65.070524, 2.177811, -1.810212, 1.234877
65.190514, 2.184576, -1.790757, 1.237495
65.270403, 2.199462, -1.771979, 1.236277
65.370318, 2.205098, -1.755698, 1.239244
65.470202, 2.210635, -1.739608, 1.240116
65.590148, 2.217402, -1.719928, 1.239767
65.690157, 2.222980, -1.703582, 1.245003
65.769984, 2.227564, -1.690006, 1.245178
65.869756, 2.233099, -1.673510, 1.248843
65.990732, 2.239644, -1.654069, 1.242909
66.089699, 2.245157, -1.637971, 1.236626
66.169659, 2.249767, -1.624765, 1.232611
66.269497, 2.255625, -1.608291, 1.224583
66.389345, 2.262738, -1.588733, 1.217252
66.489296, 2.268923, -1.572242, 1.203639
66.569156, 2.284414, -1.555702, 1.196073
66.670081, 2.290731, -1.539765, 1.188044
66.769113, 2.297404, -1.523511, 1.172511
66.889049, 2.305823, -1.503782, 1.163435
66.969934, 2.311477, -1.490708, 1.160119
67.069847, 2.318579, -1.474544, 1.151218
67.189838, 2.327438, -1.454961, 1.138826
67.289629, 2.334981, -1.438810, 1.125911
67.369820, 2.341176, -1.425889, 1.119977
67.469477, 2.349007, -1.409828, 1.112646
67.589442, 2.358692, -1.390401, 1.103221
67.689326, 2.366759, -1.374505, 1.097287
67.769275, 2.373437, -1.361539, 1.091877
67.869278, 2.383604, -1.343574, 1.084972
67.989078, 2.393749, -1.324626, 1.072231
68.089011, 2.402471, -1.308689, 1.066646
68.169097, 2.409540, -1.295932, 1.061235
68.268975, 2.418489, -1.280024, 1.054428
68.388699, 2.429328, -1.261020, 1.048320
68.488667, 2.438546, -1.245069, 1.044654
68.569606, 2.445980, -1.232373, 1.033659
68.668489, 2.455335, -1.216799, 1.027725
68.789420, 2.466737, -1.198028, 1.019347
68.889389, 2.475631, -1.183672, 1.007653
68.969259, 2.482391, -1.173164, 0.983393
69.069122, 2.492639, -1.158215, 0.954945
69.189081, 2.518236, -1.135194, 0.947058
69.288991, 2.529054, -1.120177, 0.946186
69.368969, 2.537637, -1.108279, 0.944964
69.468833, 2.548483, -1.093282, 0.943917
69.588784, 2.561690, -1.075044, 0.945488
69.688681, 2.572505, -1.060131, 0.939030
69.768674, 2.581208, -1.048268, 0.936237
69.868346, 2.592247, -1.033305, 0.934143
69.988395, 2.605481, -1.015458, 0.929954
70.088334, 2.616650, -1.000539, 0.926114
70.168236, 2.625616, -0.988606, 0.926987
70.268307, 2.636682, -0.973877, 0.925591
70.387948, 2.650119, -0.956128, 0.919657
70.488947, 2.661429, -0.941316, 0.917039
70.567812, 2.676787, -0.925678, 0.914480
70.668675, 2.688212, -0.910848, 0.913957
70.788630, 2.701886, -0.893173, 0.909593
70.888732, 2.713317, -0.878562, 0.902961
70.968692, 2.722735, -0.866654, 0.899645
71.068397, 2.734384, -0.851999, 0.897900
71.188433, 2.748487, -0.834390, 0.893536
71.288220, 2.760290, -0.819749, 0.888998
71.368347, 2.769761, -0.808102, 0.888126
71.468030, 2.781661, -0.793483, 0.885333
71.588071, 2.795558, -0.776531, 0.879574
71.688030, 2.806645, -0.763401, 0.852172
71.767839, 2.811530, -0.757928, 0.827214
71.868835, 2.813055, -0.756319, 0.777123
71.987676, 2.817685, -0.755085, 0.717315
72.088623, 2.824627, -0.749362, 0.655006
72.167803, 2.833515, -0.742806, 0.602472
72.267343, 2.849989, -0.735704, 0.532200
72.388300, 2.868064, -0.725927, 0.447900
72.488237, 2.883259, -0.719067, 0.385418
72.568191, 2.897819, -0.710896, 0.324458
72.667989, 2.914212, -0.705741, 0.272622
72.787994, 2.934042, -0.700671, 0.216597
72.887804, 2.951110, -0.697299, 0.167204
72.967821, 2.964464, -0.695200, 0.136486
73.067959, 2.973839, -0.692774, 0.083285
73.187642, 2.994354, -0.691538, 0.027784
73.287636, 3.011922, -0.691333, -0.011137
73.367544, 3.025906, -0.691662, -0.041855
73.468540, 3.043443, -0.692717, -0.090375
73.587360, 3.061636, -0.695250, -0.120346
73.687255, 3.079430, -0.697636, -0.154031
73.767258, 3.092977, -0.699881, -0.177767
73.867121, 3.110367, -0.703164, -0.198188
73.987020, 3.131192, -0.707543, -0.222099
74.086996, 3.148418, -0.711600, -0.244788
74.167890, 3.162127, -0.715141, -0.263812
74.268134, 3.179338, -0.719943, -0.285280
74.386741, 3.199749, -0.726111, -0.304129
74.487749, 3.216717, -0.731573, -0.321583
74.567649, 3.227100, -0.733189, -0.327561
74.667580, 3.244120, -0.739035, -0.335415
74.787397, 3.264545, -0.746258, -0.347981
74.887364, 3.281304, -0.752456, -0.362467
74.967305, 3.294885, -0.757655, -0.370147
75.067099, 3.311762, -0.764263, -0.377826
75.187011, 3.331970, -0.772306, -0.380793
75.287151, 3.348785, -0.779069, -0.384284
75.368049, 3.362263, -0.784531, -0.387251
75.466961, 3.379061, -0.791451, -0.395978
75.586801, 3.399325, -0.799918, -0.395629
75.687720, 3.415538, -0.805980, -0.397280
75.766628, 3.429059, -0.811671, -0.401469
75.866604, 3.445775, -0.818787, -0.402691
75.986282, 3.465996, -0.827466, -0.410370
76.086415, 3.482830, -0.834845, -0.413337
76.167303, 3.496200, -0.840675, -0.408276
76.286209, 3.516458, -0.849375, -0.401993
76.387086, 3.533394, -0.856519, -0.395360
76.486990, 3.550371, -0.863562, -0.389775
76.566836, 3.563990, -0.869130, -0.385412
76.666821, 3.581118, -0.876028, -0.379129
76.786724, 3.601749, -0.884161, -0.369704
76.886629, 3.618994, -0.890763, -0.361676
76.967594, 3.641273, -0.893241, -0.356158
77.086527, 3.662068, -0.900820, -0.341498
77.186378, 3.679569, -0.906972, -0.332945
77.287388, 3.697114, -0.912997, -0.328059
77.366233, 3.711207, -0.917783, -0.326139
77.466213, 3.728912, -0.923737, -0.321077
77.585963, 3.749953, -0.930603, -0.306766
77.686026, 3.767704, -0.936136, -0.296817
77.766942, 3.782070, -0.940493, -0.290010
77.865869, 3.799950, -0.945746, -0.279538
77.986732, 3.821453, -0.951827, -0.269241
78.086682, 3.840459, -0.951348, -0.254702
78.165641, 3.854910, -0.955085, -0.248943
78.266538, 3.873118, -0.959618, -0.236202
78.386388, 3.895035, -0.964784, -0.225206
78.486256, 3.913458, -0.968969, -0.219970
78.566182, 3.928033, -0.972185, -0.211767
78.666110, 3.946479, -0.976063, -0.200422
78.786062, 3.968726, -0.980514, -0.193965
78.885821, 3.987233, -0.984093, -0.187332
78.965865, 4.002026, -0.986883, -0.184714
79.065880, 4.020773, -0.990338, -0.178082
79.165781, 4.046881, -0.991184, -0.173645
79.285706, 4.069203, -0.994991, -0.163173
79.365638, 4.084271, -0.997450, -0.159856
79.485466, 4.106596, -1.000982, -0.153922
79.585413, 4.125438, -1.003875, -0.149384
79.686313, 4.144168, -1.006656, -0.145545
79.765208, 4.159191, -1.008847, -0.143276
79.866285, 4.178017, -1.011552, -0.141880
79.986169, 4.200690, -1.014781, -0.138912
80.086106, 4.219200, -1.017287, -0.129139
80.165998, 4.234724, -1.019270, -0.123903
80.285907, 4.268487, -1.017417, -0.118074
80.385858, 4.287464, -1.019620, -0.111441
80.485808, 4.306499, -1.021705, -0.105682
80.565552, 4.321557, -1.023271, -0.100271
80.685650, 4.344268, -1.025453, -0.089625
80.786455, 4.363345, -1.027099, -0.081073
80.885395, 4.382390, -1.028617, -0.076535
80.965319, 4.397700, -1.029763, -0.071299
81.085209, 4.420632, -1.031332, -0.065016
81.184946, 4.439701, -1.032517, -0.057162
81.285908, 4.458184, -1.033477, -0.045817
81.365349, 4.472889, -1.030968, -0.041816
81.465831, 4.492067, -1.031645, -0.025235
81.585940, 4.514196, -1.032053, -0.011621
81.685749, 4.526009, -1.032187, -0.007433
81.765733, 4.537523, -1.032191, 0.014733
81.885713, 4.545069, -1.032017, 0.052258
81.985406, 4.547666, -1.031867, 0.091004
82.085371, 4.562147, -1.034722, 0.143533
82.165318, 4.563746, -1.034459, 0.185072
82.265259, 4.565331, -1.034120, 0.241970
82.385150, 4.567390, -1.033568, 0.301136
82.484999, 4.580252, -1.036831, 0.358746
82.565082, 4.587154, -1.034108, 0.396445
82.664926, 4.594803, -1.030845, 0.419135
82.784858, 4.607916, -1.024562, 0.474112
82.885731, 4.611317, -1.022783, 0.497674
82.964684, 4.615458, -1.020491, 0.520015
83.065562, 4.624288, -1.015231, 0.552827
83.185421, 4.640428, -1.019937, 0.570950
83.265321, 4.644607, -1.017210, 0.587879
83.365252, 4.648107, -1.014850, 0.616503
83.465191, 4.649693, -1.013695, 0.647744
83.565154, 4.651272, -1.012461, 0.681429
83.685013, 4.652705, -1.011249, 0.726458
83.784924, 4.659858, -1.013391, 0.760501
83.884808, 4.661258, -1.012018, 0.793488
83.964944, 4.662116, -1.011127, 0.822635
84.064857, 4.663348, -1.009768, 0.855098
84.184645, 4.664767, -1.008065, 0.895764
84.284609, 4.665918, -1.006583, 0.933987
84.364475, 4.667530, -1.000421, 0.964888
84.485390, 4.668536, -0.998888, 1.018819
84.585287, 4.669453, -0.997349, 1.053027
84.685298, 4.670222, -0.995971, 1.084443
84.765121, 4.670729, -0.994985, 1.113416
84.885039, 4.671506, -0.993324, 1.160016
84.984869, 4.672417, -1.000982, 1.189921
85.084872, 4.674283, -0.996080, 1.228842
85.164831, 4.674532, -0.995354, 1.258861
85.284703, 4.675075, -0.993602, 1.297782
85.385799, 4.676472, -0.988326, 1.333736
85.484544, 4.676898, -0.986542, 1.354331
85.564531, 4.674301, -0.982095, 1.380863
85.684255, 4.674678, -0.979953, 1.419086
85.784293, 4.674923, -0.978179, 1.453469
85.884224, 4.675084, -0.976438, 1.510366
85.964187, 4.675149, -0.974990, 1.544226
86.084995, 4.673131, -0.973015, 1.583009
86.184877, 4.673083, -0.971609, 1.631354
86.284152, 4.673030, -0.970800, 1.662247
86.364919, 4.673023, -0.970715, 1.657709
86.464752, 4.673023, -0.970715, 1.667308
86.584684, 4.673014, -0.970630, 1.664516
86.684690, 4.673014, -0.970630, 1.672893
86.764641, 4.673019, -0.970673, 1.670450
86.884478, 4.673019, -0.970673, 1.669053
86.984480, 4.673019, -0.970673, 1.669053
87.084354, 4.673019, -0.970673, 1.669053
87.164343, 4.673019, -0.970673, 1.669053
87.264218, 4.673019, -0.970673, 1.669053
87.384095, 4.673019, -0.970673, 1.669053
87.483991, 4.673019, -0.970673, 1.669053
87.563934, 4.673019, -0.970673, 1.669053
87.683964, 4.673019, -0.970673, 1.669053
87.784748, 4.673019, -0.970673, 1.669053
87.883598, 4.673019, -0.970673, 1.669053
87.964733, 4.673019, -0.970673, 1.669053
88.063457, 4.673019, -0.970673, 1.669053
88.184327, 4.673019, -0.970673, 1.669053
88.284254, 4.673019, -0.970673, 1.669053
88.364216, 4.673019, -0.970673, 1.669053
88.484172, 4.673019, -0.970673, 1.669053
88.583981, 4.673019, -0.970673, 1.669053
88.683973, 4.673019, -0.970673, 1.669053
88.763943, 4.673019, -0.970673, 1.669053
88.884880, 4.673019, -0.970673, 1.669053
88.983683, 4.673019, -0.970673, 1.669053
89.083546, 4.673019, -0.970673, 1.669053
89.163564, 4.673019, -0.970673, 1.669053
89.283610, 4.673019, -0.970673, 1.669053
89.383421, 4.673019, -0.970673, 1.669053
89.483274, 4.673019, -0.970673, 1.669053
89.564230, 4.673019, -0.970673, 1.669053
89.684033, 4.673019, -0.970673, 1.669053
89.783028, 4.673019, -0.970673, 1.669053
89.883983, 4.673019, -0.970673, 1.669053
89.962958, 4.673019, -0.970673, 1.669053
90.082983, 4.673019, -0.970673, 1.669053
90.183741, 4.673019, -0.970673, 1.669053
90.283643, 4.673019, -0.970673, 1.669053
90.363629, 4.673019, -0.970673, 1.669053
90.483554, 4.673019, -0.970673, 1.669053
90.583430, 4.673019, -0.970673, 1.669053
90.683487, 4.673019, -0.970673, 1.669053
90.763270, 4.673019, -0.970673, 1.669053
90.883208, 4.673019, -0.970673, 1.669053
90.983120, 4.673019, -0.970673, 1.669053
91.083093, 4.673019, -0.970673, 1.669053
91.162948, 4.673019, -0.970673, 1.669053
91.282958, 4.673019, -0.970673, 1.669053
91.382824, 4.673019, -0.970673, 1.669053
91.483629, 4.673019, -0.970673, 1.669053
91.562628, 4.673019, -0.970673, 1.669053
91.682619, 4.673019, -0.970673, 1.669053
91.783482, 4.673019, -0.970673, 1.669053
91.882300, 4.673019, -0.970673, 1.669053
91.963268, 4.673019, -0.970673, 1.669053
92.063183, 4.673019, -0.970673, 1.669053
92.183099, 4.673019, -0.970673, 1.669053
92.283040, 4.673019, -0.970673, 1.669053
92.362923, 4.673019, -0.970673, 1.669053
92.482999, 4.673019, -0.970673, 1.669053
92.582880, 4.673019, -0.970673, 1.669053
92.682756, 4.673019, -0.970673, 1.669053
92.762556, 4.673019, -0.970673, 1.669053
92.863534, 4.673019, -0.970673, 1.669053
92.982448, 4.673019, -0.970673, 1.669053
93.082361, 4.673019, -0.970673, 1.669053
93.162274, 4.673019, -0.970673, 1.669053
93.282108, 4.673019, -0.970673, 1.669053
93.383053, 4.673019, -0.970673, 1.669053
93.482038, 4.673019, -0.970673, 1.669053
93.563156, 4.673019, -0.970673, 1.669053
93.662887, 4.673019, -0.970673, 1.669053
93.781858, 4.673019, -0.970673, 1.669053
93.882684, 4.673019, -0.970673, 1.669053
93.962683, 4.673019, -0.970673, 1.669053
94.082505, 4.673019, -0.970673, 1.669053
94.182561, 4.673019, -0.970673, 1.669053
94.283379, 4.673019, -0.970673, 1.669053
94.362339, 4.673019, -0.970673, 1.669053
94.482173, 4.673019, -0.970673, 1.669053
94.582196, 4.673019, -0.970673, 1.669053
94.682110, 4.673019, -0.970673, 1.669053
94.763023, 4.673019, -0.970673, 1.669053
94.882036, 4.673019, -0.970673, 1.669053
94.982002, 4.673019, -0.970673, 1.669053
95.082773, 4.673019, -0.970673, 1.669053
95.161602, 4.673019, -0.970673, 1.669053
95.262594, 4.673019, -0.970673, 1.669053
95.381450, 4.673019, -0.970673, 1.669053
95.462358, 4.673019, -0.970673, 1.669053
95.562338, 4.673019, -0.970673, 1.669053
95.682168, 4.673019, -0.970673, 1.669053
95.782167, 4.673019, -0.970673, 1.669053
95.883270, 4.673019, -0.970673, 1.669053
95.962058, 4.673019, -0.970673, 1.669053
96.081915, 4.673019, -0.970673, 1.669053
96.181971, 4.673019, -0.970673, 1.669053
96.281774, 4.673019, -0.970673, 1.669053
96.362579, 4.673019, -0.970673, 1.669053
96.481819, 4.673019, -0.970673, 1.669053
96.581285, 4.673019, -0.970673, 1.669053
96.681309, 4.673019, -0.970673, 1.669053
96.761284, 4.673019, -0.970673, 1.669053
96.882198, 4.673019, -0.970673, 1.669053
96.982143, 4.673019, -0.970673, 1.669053
97.081249, 4.673019, -0.970673, 1.669053
97.161940, 4.673019, -0.970673, 1.669053
97.281886, 4.673019, -0.970673, 1.669053
97.381842, 4.673019, -0.970673, 1.669053
97.481747, 4.673019, -0.970673, 1.669053
97.561557, 4.673019, -0.970673, 1.669053
97.681501, 4.673019, -0.970673, 1.669053
97.782411, 4.673019, -0.970673, 1.669053
97.881303, 4.673019, -0.970673, 1.669053
97.961247, 4.673019, -0.970673, 1.669053
98.081114, 4.673019, -0.970673, 1.669053
98.181118, 4.673019, -0.970673, 1.669053
98.282016, 4.673019, -0.970673, 1.669053
98.360860, 4.673019, -0.970673, 1.669053
98.481972, 4.673019, -0.970673, 1.669053
98.581840, 4.673019, -0.970673, 1.669053
98.680660, 4.673019, -0.970673, 1.669053
98.761539, 4.673019, -0.970673, 1.669053
98.881640, 4.673019, -0.970673, 1.669053
98.981531, 4.673019, -0.970673, 1.669053
99.081321, 4.673019, -0.970673, 1.669053
99.161216, 4.673019, -0.970673, 1.669053
99.281162, 4.673019, -0.970673, 1.669053
99.382086, 4.673019, -0.970673, 1.669053
99.481026, 4.673019, -0.970673, 1.669053
99.560978, 4.673019, -0.970673, 1.669053
99.681825, 4.673019, -0.970673, 1.669053
99.780701, 4.673019, -0.970673, 1.669053
99.881717, 4.673019, -0.970673, 1.669053
99.960578, 4.673019, -0.970673, 1.669053
100.081436, 4.673019, -0.970673, 1.669053
100.181286, 4.673019, -0.970673, 1.669053
100.280439, 4.673019, -0.970673, 1.669053
100.361097, 4.673019, -0.970673, 1.669053
100.481192, 4.673019, -0.970673, 1.669053
100.580952, 4.673019, -0.970673, 1.669053
100.680923, 4.673019, -0.970673, 1.669053
100.760759, 4.673019, -0.970673, 1.669053
100.900754, 4.673019, -0.970673, 1.669053
100.980721, 4.673019, -0.970673, 1.669053
101.080726, 4.673019, -0.970673, 1.669053
101.160543, 4.673019, -0.970673, 1.669053
101.281495, 4.673019, -0.970673, 1.669053
101.380422, 4.673019, -0.970673, 1.669053
101.480443, 4.673019, -0.970673, 1.669053
101.559987, 4.673019, -0.970673, 1.669053
101.680306, 4.673019, -0.970673, 1.669053
101.780963, 4.673019, -0.970673, 1.669053
101.880240, 4.673019, -0.970673, 1.669053
101.960904, 4.673019, -0.970673, 1.669053
102.080774, 4.673019, -0.970673, 1.669053
102.180718, 4.673019, -0.970673, 1.669053
102.280616, 4.673019, -0.970673, 1.669053
102.360503, 4.673019, -0.970673, 1.669053
102.480598, 4.673019, -0.970673, 1.669053
102.580564, 4.673019, -0.970673, 1.669053
102.680598, 4.673019, -0.970673, 1.669053
102.760214, 4.673019, -0.970673, 1.669053
102.880170, 4.673006, -0.970545, 1.669053
102.980125, 4.672985, -0.970333, 1.710767
103.079985, 4.671419, -0.966016, 1.786832
103.159831, 4.671339, -0.965685, 1.833956
103.279788, 4.671299, -0.965563, 1.917208
103.380810, 4.669464, -0.961137, 1.991101
103.479573, 4.669505, -0.961213, 2.057249
103.560538, 4.669653, -0.961472, 2.125666
103.680515, 4.670055, -0.960465, 2.226446
103.780539, 4.669968, -0.960371, 2.291721
103.880270, 4.669548, -0.959946, 2.367119
103.960169, 4.669503, -0.958857, 2.417912
104.080268, 4.669397, -0.958784, 2.509541
104.180060, 4.669186, -0.958639, 2.582147
104.279914, 4.667108, -0.960607, 2.651517
104.359752, 4.667148, -0.960622, 2.712778
104.479952, 4.667263, -0.960678, 2.730406
104.579744, 4.667224, -0.960661, 2.740878
104.679764, 4.667224, -0.960661, 2.736864
104.759448, 4.667224, -0.960661, 2.737911
104.879606, 4.667224, -0.960661, 2.737911
104.979432, 4.667224, -0.960661, 2.737911
105.079399, 4.667224, -0.960661, 2.738086
105.160240, 4.667224, -0.960661, 2.738086
105.280275, 4.667224, -0.960661, 2.738086
105.380239, 4.667224, -0.960661, 2.738086
105.479973, 4.667224, -0.960661, 2.738086
105.559794, 4.667224, -0.960661, 2.738086
105.679958, 4.667224, -0.960661, 2.738086
105.779907, 4.667224, -0.960661, 2.738086
105.880794, 4.667224, -0.960661, 2.738086
105.959457, 4.667224, -0.960661, 2.738086
106.079390, 4.667224, -0.960661, 2.738086
106.179329, 4.667224, -0.960661, 2.738086
106.279284, 4.667224, -0.960661, 2.738086
106.360185, 4.667224, -0.960661, 2.738086
106.479137, 4.667224, -0.960661, 2.738086
106.520156, 4.667224, -0.960661, 2.738086
106.679944, 4.667224, -0.960661, 2.738086
106.779075, 4.667224, -0.960661, 2.738086
106.879858, 4.667224, -0.960661, 2.738086
106.958726, 4.667224, -0.960661, 2.738086
107.078658, 4.667224, -0.960661, 2.738086
107.179584, 4.667224, -0.960661, 2.738086
107.279475, 4.667224, -0.960661, 2.738086
107.359393, 4.667224, -0.960661, 2.738086
107.480301, 4.667224, -0.960661, 2.738086
107.579446, 4.667224, -0.960661, 2.738086
107.679074, 4.667224, -0.960661, 2.738086
107.759046, 4.667224, -0.960661, 2.738086
107.879099, 4.667224, -0.960661, 2.738086
107.978862, 4.667224, -0.960661, 2.738435
108.078799, 4.661261, -0.958118, 2.740006
108.158762, 4.660280, -0.957701, 2.763742
108.279661, 4.660398, -0.957749, 2.759553
108.378607, 4.660438, -0.957765, 2.776134
108.478526, 4.660198, -0.957677, 2.801267
108.558409, 4.659835, -0.957551, 2.814531
108.678356, 4.659835, -0.957551, 2.851008
108.779205, 4.657793, -0.956300, 2.882971
108.878145, 4.657173, -0.956145, 2.926604
108.959214, 4.657257, -0.956157, 2.943359
109.079109, 4.656964, -0.956102, 2.999384
109.178955, 4.656499, -0.956038, 3.014219
109.278874, 4.656499, -0.956039, 3.059249
109.358746, 4.650816, -0.950765, 3.096959
109.478670, 4.645146, -0.950650, -3.127584
109.578645, 4.639265, -0.950839, -3.082729
109.678493, 4.629192, -0.951665, -3.031416
109.758355, 4.617240, -0.951702, -2.977467
109.878383, 4.600460, -0.954987, -2.908875
109.978364, 4.585481, -0.958886, -2.855643
110.078330, 4.566046, -0.963688, -2.795906
110.158105, 4.554405, -0.968106, -2.750178
110.278149, 4.537647, -0.975648, -2.679143
110.379080, 4.523354, -0.983190, -2.625038
110.477865, 4.510016, -0.991046, -2.584721
110.558680, 4.498855, -0.999864, -2.547795
110.678696, 4.483100, -1.010967, -2.500671
110.778576, 4.470296, -1.020548, -2.497181
110.878512, 4.457486, -1.030264, -2.485662
110.958452, 4.447299, -1.038074, -2.491945
111.078332, 4.431749, -1.049823, -2.495435
111.178359, 4.418592, -1.059716, -2.499799
111.278209, 4.405579, -1.069373, -2.508875
111.358108, 4.394866, -1.077193, -2.513412
111.478016, 4.378877, -1.088779, -2.516030
111.577983, 4.365530, -1.098413, -2.517078
111.677855, 4.352091, -1.108066, -2.520394
111.758728, 4.341190, -1.115844, -2.524932
111.877646, 4.325027, -1.127259, -2.529469
111.978576, 4.309271, -1.136922, -2.541211
112.078369, 4.295336, -1.146386, -2.548367
112.158281, 4.284162, -1.153920, -2.550636
112.278337, 4.267430, -1.165033, -2.560410
112.378127, 4.253253, -1.174287, -2.567915
112.477998, 4.239000, -1.183424, -2.576641
112.559046, 4.227494, -1.190682, -2.583099
112.678008, 4.210237, -1.201372, -2.593920
112.777832, 4.195582, -1.210102, -2.618005
112.878769, 4.180800, -1.218615, -2.619925
112.957639, 4.168849, -1.225465, -2.623940
113.077662, 4.150941, -1.235556, -2.634761
113.177521, 4.135880, -1.243835, -2.645233
113.277502, 4.122631, -1.250890, -2.663733
113.358379, 4.107180, -1.255270, -2.694523
113.477193, 4.088674, -1.264118, -2.690858
113.578137, 4.075192, -1.270523, -2.710929
113.678116, 4.059782, -1.277533, -2.718783
113.757125, 4.052511, -1.280811, -2.716515
113.878117, 4.041234, -1.285782, -2.741822
113.977888, 4.028628, -1.291010, -2.754737
114.077691, 4.012768, -1.297404, -2.764860
114.157764, 4.000603, -1.302128, -2.782488
114.277757, 3.984272, -1.308130, -2.799941
114.377564, 3.971737, -1.312462, -2.821583
114.478501, 3.960467, -1.316143, -2.832055
114.557200, 3.951891, -1.318866, -2.838862
114.677307, 3.938271, -1.323037, -2.851952
114.778171, 3.927504, -1.326175, -2.868009
114.877064, 3.917682, -1.328899, -2.874467
114.957107, 3.910152, -1.330951, -2.877783
115.076988, 3.896827, -1.332551, -2.887783
115.176829, 3.887476, -1.334883, -2.908901
115.276791, 3.878375, -1.336982, -2.923911
115.356742, 3.868000, -1.339244, -2.932114
115.477623, 3.848418, -1.343317, -2.934732
115.577586, 3.834323, -1.346331, -2.924958
115.677466, 3.821784, -1.349080, -2.926529
115.757443, 3.809119, -1.351848, -2.925657
115.877244, 3.792472, -1.355575, -2.914661
115.977126, 3.780960, -1.358222, -2.916232
116.076988, 3.767948, -1.361199, -2.917977
116.157037, 3.754848, -1.364173, -2.918850
116.276849, 3.734196, -1.368941, -2.910123
116.377805, 3.716475, -1.373134, -2.907505
116.476796, 3.703460, -1.381779, -2.909061
116.556703, 3.690804, -1.384778, -2.908189
116.676508, 3.670022, -1.389741, -2.906618
116.776450, 3.654252, -1.393470, -2.912378
116.876553, 3.640434, -1.396746, -2.902778
116.956400, 3.629034, -1.399498, -2.912552
117.077258, 3.612937, -1.403141, -2.925118
117.177172, 3.605646, -1.404735, -2.932274
117.277411, 3.597576, -1.406353, -2.960723
117.356967, 3.594176, -1.406959, -2.979922
117.477086, 3.592322, -1.407248, -3.012210
117.576835, 3.590881, -1.407414, -3.061778
117.676928, 3.582973, -1.406102, -3.104388
117.756689, 3.581694, -1.406142, -3.141214
117.876582, 3.576876, -1.406046, 3.103574
117.976663, 3.575004, -1.405929, 3.043186
118.076339, 3.573732, -1.405791, 3.001298
118.156362, 3.570319, -1.405587, 2.949921
118.277134, 3.568696, -1.405224, 2.886566
118.376194, 3.567424, -1.404863, 2.836649
118.476077, 3.566373, -1.404509, 2.783068
118.556008, 3.563981, -1.398956, 2.740035
118.676059, 3.562854, -1.398449, 2.677552
118.776816, 3.561685, -1.397830, 2.623621
118.876862, 3.560843, -1.397327, 2.572483
118.956654, 3.557683, -1.397001, 2.527664
119.076568, 3.556487, -1.396108, 2.459771
119.176704, 3.555608, -1.395365, 2.411076
119.276430, 3.556204, -1.394277, 2.353398
119.356294, 3.555402, -1.393451, 2.319713
119.476199, 3.554504, -1.392424, 2.259324
119.576130, 3.553628, -1.391323, 2.213597
119.675973, 3.553103, -1.390597, 2.172058
119.756039, 3.550208, -1.387766, 2.139797
119.876846, 3.549536, -1.386677, 2.091102
119.975847, 3.548942, -1.385593, 2.043804
120.076777, 3.548473, -1.384636, 2.001392
120.155649, 3.548146, -1.383894, 1.965613
120.275605, 3.543563, -1.378976, 1.918474
120.376521, 3.543232, -1.378007, 1.877459
120.476374, 3.542892, -1.376862, 1.833476
120.556279, 3.542680, -1.376036, 1.798919
120.676235, 3.546372, -1.375988, 1.724760
120.776061, 3.546256, -1.375186, 1.693868
120.875959, 3.546160, -1.374210, 1.629814
120.956115, 3.546118, -1.373358, 1.594035
121.075803, 3.541485, -1.368728, 1.528658
121.175704, 3.541557, -1.367665, 1.469317
121.275742, 3.541675, -1.366691, 1.417306
121.355580, 3.541800, -1.365977, 1.367739
121.475752, 3.542139, -1.362917, 1.294671
121.575437, 3.542399, -1.362061, 1.241613
121.676289, 3.542708, -1.361220, 1.183144
121.755308, 3.545880, -1.363575, 1.141888
121.875117, 3.546374, -1.362582, 1.072424
121.976147, 3.546824, -1.361808, 1.010814
122.076191, 3.547267, -1.361130, 0.957407
122.156087, 3.544219, -1.357001, 0.910121
122.275753, 3.544871, -1.356212, 0.839959
122.375840, 3.545394, -1.355651, 0.787773
122.475689, 3.546011, -1.355062, 0.727036
122.555681, 3.548447, -1.355842, 0.683941
122.675768, 3.549326, -1.355167, 0.611859
122.775469, 3.549931, -1.354768, 0.551121
122.875396, 3.557700, -1.356411, 0.492308
122.955289, 3.558155, -1.356176, 0.445533
123.075269, 3.559091, -1.355762, 0.373102
123.175176, 3.559771, -1.355511, 0.317950
123.275962, 3.561770, -1.356622, 0.258221
123.355945, 3.562391, -1.356470, 0.206559
123.474911, 3.563314, -1.356302, 0.139538
123.575802, 3.564034, -1.356218, 0.079673
123.675781, 3.566465, -1.356382, 0.023778
123.755633, 3.566977, -1.356378, -0.020378
123.875782, 3.567914, -1.356422, -0.091413
123.975538, 3.568634, -1.356506, -0.148486
124.075381, 3.573404, -1.359482, -0.213279
124.156223, 3.573944, -1.359607, -0.261101
124.275148, 3.574680, -1.359825, -0.327947
124.375051, 3.577189, -1.360696, -0.393656
124.476005, 3.577656, -1.360903, -0.455789
124.554995, 3.578112, -1.361136, -0.501342
124.675107, 3.578847, -1.361569, -0.574821
124.774883, 3.581784, -1.362953, -0.629101
124.874803, 3.582224, -1.363289, -0.688093
124.955608, 3.582614, -1.363621, -0.739930
125.074650, 3.584957, -1.368743, -0.812732
125.175435, 3.585214, -1.369028, -0.873993
125.275445, 3.585508, -1.369393, -0.936476
125.354403, 3.587322, -1.371976, -0.981331
125.475287, 3.595618, -1.378498, -1.060972
125.575405, 3.596380, -1.379928, -1.121535
125.675111, 3.596320, -1.379815, -1.176513
125.755052, 3.595147, -1.382188, -1.231510
125.875140, 3.596615, -1.386912, -1.298007
125.974845, 3.596873, -1.387770, -1.367122
126.075917, 3.601045, -1.396797, -1.429216
126.154680, 3.601782, -1.402936, -1.478435
126.274625, 3.602563, -1.416301, -1.556974
126.374665, 3.602469, -1.425169, -1.622599
126.474409, 3.602752, -1.437310, -1.680421
126.555426, 3.601740, -1.445219, -1.739238
126.695256, 3.599309, -1.467018, -1.836821
126.774161, 3.595871, -1.478764, -1.887087
126.874121, 3.590300, -1.494341, -1.958645
126.953978, 3.584830, -1.507028, -2.008736
127.073965, 3.576845, -1.525466, -2.091838
127.174775, 3.568140, -1.539734, -2.164967
127.273650, 3.559560, -1.553610, -2.228814
127.354709, 3.551129, -1.564066, -2.285188
127.473658, 3.537548, -1.578802, -2.356572
127.574554, 3.525326, -1.590453, -2.410677
127.674459, 3.513488, -1.601748, -2.469934
127.754452, 3.502784, -1.610004, -2.507982
127.874330, 3.485963, -1.621814, -2.557899
127.975146, 3.471312, -1.631199, -2.595947
128.073974, 3.456403, -1.640001, -2.627014
128.154063, 3.444225, -1.646707, -2.659302
128.273907, 3.427652, -1.655139, -2.698113
128.373867, 3.411801, -1.662416, -2.728482
128.473691, 3.395760, -1.669264, -2.754138
128.553593, 3.382769, -1.674449, -2.774035
128.673486, 3.363075, -1.681808, -2.794979
128.774477, 3.346508, -1.687659, -2.814876
128.873358, 3.329797, -1.693222, -2.829013
128.954225, 3.316342, -1.697490, -2.844546
129.073266, 3.297217, -1.703198, -2.860603
129.173205, 3.282672, -1.707396, -2.859905
129.274088, 3.265753, -1.712293, -2.861999
129.354034, 3.254383, -1.715496, -2.874915
129.473936, 3.235380, -1.720698, -2.869330
129.573949, 3.218159, -1.723896, -2.881414
129.673726, 3.202563, -1.728138, -2.865182
129.753849, 3.191900, -1.731179, -2.865531
129.873741, 3.177650, -1.735167, -2.869895
129.973536, 3.165941, -1.738427, -2.870767
130.073519, 3.153894, -1.741746, -2.875305
130.153463, 3.144802, -1.744226, -2.875480
130.273285, 3.130894, -1.748015, -2.874781
130.373505, 3.119409, -1.751123, -2.881588
130.473129, 3.108069, -1.754112, -2.886824
130.553075, 3.099480, -1.756329, -2.891886
130.673919, 3.087077, -1.759467, -2.897820
130.772962, 3.073664, -1.762785, -2.902009
130.872850, 3.064085, -1.765086, -2.914051
130.952833, 3.053652, -1.767478, -2.917368
131.072712, 3.037800, -1.771044, -2.928712
131.173713, 3.021670, -1.771806, -2.931192
131.272500, 3.007854, -1.774701, -2.941490
131.353470, 2.996650, -1.776955, -2.944457
131.473351, 2.980837, -1.780090, -2.950740
131.573261, 2.968857, -1.782377, -2.955627
131.673239, 2.956741, -1.784633, -2.960688
131.753159, 2.947341, -1.786337, -2.963830
131.872990, 2.933737, -1.788755, -2.967495
131.972986, 2.922438, -1.790740, -2.968542
132.072876, 2.911050, -1.792710, -2.972731
132.152823, 2.902011, -1.794249, -2.972731
132.273704, 2.888893, -1.796476, -2.974302
132.372594, 2.878338, -1.798255, -2.975524
132.472546, 2.864375, -1.800600, -2.974651
132.552540, 2.854074, -1.802347, -2.970986
132.672372, 2.842029, -1.804517, -2.953358
132.772298, 2.839095, -1.805069, -2.966273
132.872248, 2.837412, -1.805347, -3.001529
132.952120, 2.836100, -1.805511, -3.035389
133.073030, 2.833678, -1.805713, -3.096650
133.192016, 2.826308, -1.799522, 3.118711
133.272891, 2.824902, -1.799467, 3.074903
133.351766, 2.823627, -1.799363, 3.030223
133.471598, 2.820301, -1.795529, 2.959203
133.572514, 2.818632, -1.795178, 2.898291
133.672526, 2.817067, -1.794759, 2.847851
133.752453, 2.815972, -1.794403, 2.797237
133.872378, 2.816203, -1.796514, 2.732349
133.972576, 2.814653, -1.795801, 2.681560
134.072245, 2.813292, -1.795092, 2.631993
134.152117, 2.812331, -1.794538, 2.596912
134.271896, 2.810780, -1.793560, 2.553453
134.371956, 2.809635, -1.794611, 2.516867
134.471797, 2.808439, -1.793718, 2.476725
134.571747, 2.807177, -1.792702, 2.444785
134.671622, 2.806209, -1.791866, 2.402723
134.771568, 2.805616, -1.791314, 2.366420
134.871509, 2.805616, -1.791314, 2.369387
134.972484, 2.805616, -1.791314, 2.367816
135.091421, 2.805616, -1.791314, 2.367991
135.191464, 2.805616, -1.791314, 2.367991
135.271176, 2.805616, -1.791314, 2.367991
135.371181, 2.805616, -1.791314, 2.367991
135.472011, 2.805616, -1.791314, 2.367991
135.590942, 2.805616, -1.791314, 2.367991
135.671860, 2.805616, -1.791314, 2.367991
135.751918, 2.805616, -1.791314, 2.367991
135.871750, 2.805616, -1.791314, 2.367991
135.991814, 2.805616, -1.791314, 2.367991
136.071437, 2.805616, -1.791314, 2.367991
136.151546, 2.805616, -1.791314, 2.367991
136.271396, 2.805616, -1.791314, 2.367991
136.391429, 2.805616, -1.791314, 2.367991
136.471160, 2.805616, -1.791314, 2.367991
136.551199, 2.805616, -1.791314, 2.367991
136.691055, 2.805616, -1.791314, 2.367991
136.770913, 2.805616, -1.791314, 2.367991
136.870850, 2.805616, -1.791314, 2.367991
136.970773, 2.805616, -1.791314, 2.367991
137.070652, 2.805616, -1.791314, 2.367991
137.190579, 2.805616, -1.791314, 2.367991
137.271436, 2.805616, -1.791314, 2.367991
137.371342, 2.805616, -1.791314, 2.367991
137.490274, 2.805616, -1.791314, 2.367991
137.591231, 2.805616, -1.791314, 2.367991
137.670081, 2.805616, -1.791314, 2.367991
137.771057, 2.805616, -1.791314, 2.367991
137.870966, 2.805616, -1.791314, 2.367991
137.990953, 2.805616, -1.791314, 2.367991
138.070738, 2.805616, -1.791314, 2.367991
138.150674, 2.805616, -1.791314, 2.367991
138.270471, 2.805616, -1.791314, 2.367991
138.390383, 2.805616, -1.791314, 2.367991
138.450357, 2.805616, -1.791314, 2.367991
138.570294, 2.805616, -1.791314, 2.367991
138.690195, 2.805616, -1.791314, 2.367991
138.770080, 2.805616, -1.791314, 2.367991
138.870038, 2.805616, -1.791314, 2.367991
138.950997, 2.805616, -1.791314, 2.367991
139.089968, 2.805616, -1.791314, 2.367991
139.190085, 2.805616, -1.791314, 2.367991
139.270757, 2.805616, -1.791314, 2.367991
139.369731, 2.805616, -1.791314, 2.367991
139.490655, 2.805616, -1.791314, 2.367991
139.590561, 2.805616, -1.791314, 2.367991
139.670487, 2.805616, -1.791314, 2.367991
139.770396, 2.805616, -1.791314, 2.367991
139.889386, 2.805616, -1.791314, 2.367991
139.990291, 2.805616, -1.791314, 2.367991
140.070110, 2.805616, -1.791314, 2.367991
140.169981, 2.805616, -1.791314, 2.367991
140.289970, 2.805616, -1.791314, 2.367991
140.390974, 2.805616, -1.791314, 2.367991
140.469877, 2.805616, -1.791314, 2.367991
140.569665, 2.805616, -1.791314, 2.367991
140.689700, 2.805616, -1.791314, 2.367991
140.789634, 2.805616, -1.791314, 2.367991
140.870506, 2.805616, -1.791314, 2.367991
140.969370, 2.805616, -1.791314, 2.367991
141.089222, 2.805616, -1.791314, 2.367991
141.190140, 2.805616, -1.791314, 2.367991
141.269024, 2.805616, -1.791314, 2.367991
141.369988, 2.805616, -1.791314, 2.367991
141.488957, 2.805616, -1.791314, 2.367991
141.588848, 2.805616, -1.791314, 2.367991
141.669831, 2.805616, -1.791314, 2.367991
141.768774, 2.805616, -1.791314, 2.367991
141.889581, 2.805616, -1.791314, 2.367991
141.989552, 2.805616, -1.791314, 2.367991
142.069359, 2.805616, -1.791314, 2.367991
142.169304, 2.805616, -1.791314, 2.367991
142.289298, 2.805616, -1.791314, 2.367991
142.389245, 2.805616, -1.791314, 2.367991
142.470043, 2.805616, -1.791314, 2.367991
142.568991, 2.805616, -1.791314, 2.367991
142.669012, 2.805616, -1.791314, 2.367991
142.789909, 2.805616, -1.791314, 2.367991
142.888688, 2.805616, -1.791314, 2.367991
142.968636, 2.805616, -1.791314, 2.367991
143.068574, 2.805616, -1.791314, 2.367991
143.188518, 2.805616, -1.791314, 2.367991
143.289349, 2.805616, -1.791314, 2.367991
143.368309, 2.805616, -1.791314, 2.367991
143.469135, 2.805616, -1.791314, 2.367991
143.589078, 2.805616, -1.791314, 2.367991
143.609163, 2.805616, -1.791314, 2.367991
143.768921, 2.805616, -1.791314, 2.367991
143.868789, 2.805616, -1.791314, 2.367991
