0.292189, 4.787949, 0.040050, -1.574172
0.392053, 4.787949, 0.040050, -1.574172
0.492116, 4.787949, 0.040050, -1.574172
0.592109, 4.787949, 0.040050, -1.574172
0.692088, 4.787949, 0.040050, -1.574172
0.771030, 4.787949, 0.040050, -1.574172
0.870960, 4.787949, 0.040050, -1.574172
0.991040, 4.787949, 0.040050, -1.574172
1.090829, 4.787949, 0.040050, -1.574172
1.171927, 4.787949, 0.040050, -1.574172
1.271763, 4.787949, 0.040050, -1.574172
1.391948, 4.787949, 0.040050, -1.574172
1.491765, 4.787949, 0.040050, -1.574172
1.570710, 4.787949, 0.040050, -1.574172
1.670703, 4.787949, 0.040050, -1.574172
1.790653, 4.787949, 0.040050, -1.574172
1.890447, 4.787949, 0.040050, -1.574172
1.971489, 4.787949, 0.040050, -1.574172
2.071495, 4.787949, 0.040050, -1.574172
2.191664, 4.787949, 0.040050, -1.574172
2.291398, 4.787949, 0.040050, -1.574172
2.371449, 4.787949, 0.040050, -1.574172
2.470377, 4.787949, 0.040050, -1.574172
2.590291, 4.787949, 0.040050, -1.574172
2.690176, 4.787949, 0.040050, -1.574172
2.770449, 4.787949, 0.040050, -1.574172
2.870481, 4.787949, 0.040050, -1.574172
2.990264, 4.787949, 0.040050, -1.574172
3.090378, 4.787949, 0.040050, -1.574172
3.170157, 4.787949, 0.040050, -1.574172
3.271250, 4.787949, 0.040050, -1.574172
3.391169, 4.787949, 0.040050, -1.574172
3.491060, 4.787949, 0.040050, -1.574172
3.570267, 4.787949, 0.040050, -1.574172
3.670131, 4.787949, 0.040050, -1.574172
3.789833, 4.787949, 0.040050, -1.574172
3.889874, 4.787949, 0.040050, -1.574172
3.970002, 4.787949, 0.040050, -1.574172
4.070152, 4.787949, 0.040050, -1.574172
4.189809, 4.787949, 0.040050, -1.574172
4.289820, 4.787949, 0.040050, -1.574172
4.369827, 4.787949, 0.040050, -1.574172
4.470023, 4.787949, 0.040050, -1.574172
4.589854, 4.787949, 0.040050, -1.574172
4.689800, 4.787949, 0.040050, -1.574172
4.769731, 4.787949, 0.040050, -1.574172
4.869653, 4.787949, 0.040050, -1.574172
4.989565, 4.787949, 0.040050, -1.574172
5.089595, 4.787949, 0.040050, -1.574172
5.170532, 4.787949, 0.040050, -1.574172
5.269680, 4.787949, 0.040050, -1.574172
5.390539, 4.787949, 0.040050, -1.574172
5.489462, 4.787949, 0.040050, -1.574172
5.569606, 4.787949, 0.040050, -1.574172
5.669607, 4.787949, 0.040050, -1.574172
5.789570, 4.787949, 0.040050, -1.574172
5.889202, 4.787949, 0.040050, -1.574172
5.969214, 4.787949, 0.040050, -1.574172
6.070399, 4.787949, 0.040050, -1.574172
6.189409, 4.787949, 0.040050, -1.574172
6.290137, 4.787949, 0.040050, -1.574172
6.369107, 4.787949, 0.040050, -1.574172
6.469278, 4.787949, 0.040050, -1.574172
6.589251, 4.787949, 0.040050, -1.574172
6.689028, 4.787949, 0.040050, -1.574172
6.769079, 4.787949, 0.040050, -1.574172
6.868992, 4.787949, 0.040050, -1.574172
6.989132, 4.787949, 0.040050, -1.574172
7.088924, 4.787949, 0.040050, -1.574172
7.168815, 4.787949, 0.040050, -1.574172
7.268997, 4.787949, 0.040050, -1.574172
7.388922, 4.787949, 0.040050, -1.574172
7.488854, 4.787949, 0.040050, -1.574172
7.569013, 4.787949, 0.040050, -1.574172
7.668995, 4.787949, 0.040050, -1.574172
7.788815, 4.787949, 0.040050, -1.574172
7.888669, 4.787949, 0.040050, -1.574172
7.969687, 4.787949, 0.040050, -1.574172
8.069817, 4.787949, 0.040050, -1.574172
8.189710, 4.787949, 0.040050, -1.574172
8.288695, 4.787949, 0.040050, -1.574172
8.368477, 4.787949, 0.040050, -1.574172
8.488408, 4.787949, 0.040050, -1.574172
8.588455, 4.787949, 0.040050, -1.574172
8.688423, 4.787949, 0.040050, -1.574172
8.768385, 4.787949, 0.040050, -1.574172
8.888380, 4.787949, 0.040050, -1.574172
8.988295, 4.787949, 0.040050, -1.574172
9.089355, 4.787949, 0.040050, -1.574172
9.168195, 4.787949, 0.040050, -1.574172
9.268478, 4.787949, 0.040050, -1.574172
9.388325, 4.787949, 0.040050, -1.574172
9.488193, 4.787949, 0.040050, -1.574172
9.568284, 4.787949, 0.040050, -1.574172
9.668149, 4.787949, 0.040050, -1.574172
9.788199, 4.787949, 0.040050, -1.574172
9.888122, 4.787949, 0.040050, -1.574172
9.968112, 4.787949, 0.040050, -1.574172
10.068143, 4.787949, 0.040050, -1.574172
10.188092, 4.787949, 0.040050, -1.574172
10.287040, 4.787949, 0.040050, -1.574172
10.367898, 4.787949, 0.040050, -1.574172
10.468003, 4.787949, 0.040050, -1.574172
10.587948, 4.787949, 0.040050, -1.574172
10.688056, 4.787949, 0.040050, -1.574172
10.767753, 4.787949, 0.040050, -1.574172
10.867888, 4.787949, 0.040050, -1.574172
10.987741, 4.787949, 0.040050, -1.574172
11.086655, 4.787949, 0.040050, -1.574172
11.166568, 4.787949, 0.040050, -1.574172
11.286660, 4.787949, 0.040050, -1.574172
11.386825, 4.787949, 0.040050, -1.574172
11.486528, 4.787949, 0.040050, -1.574172
11.567444, 4.787949, 0.040050, -1.574172
11.667351, 4.787949, 0.040050, -1.574172
11.787567, 4.787949, 0.040050, -1.574172
11.887364, 4.787949, 0.040050, -1.574172
11.966362, 4.787949, 0.040050, -1.574172
12.066402, 4.787949, 0.040050, -1.574172
12.186199, 4.787949, 0.040050, -1.574172
12.286334, 4.787949, 0.040050, -1.574172
12.367249, 4.787949, 0.040050, -1.574172
12.467234, 4.787949, 0.040050, -1.574172
12.587224, 4.787949, 0.040050, -1.574172
12.687048, 4.787949, 0.040050, -1.574172
12.767165, 4.787949, 0.040050, -1.574172
12.866087, 4.787949, 0.040050, -1.574172
12.986159, 4.787949, 0.040050, -1.574172
13.085997, 4.787949, 0.040050, -1.574172
13.166059, 4.787949, 0.040050, -1.574172
13.286020, 4.787949, 0.040050, -1.574172
13.386209, 4.787949, 0.040050, -1.574172
13.487049, 4.787949, 0.040050, -1.574172
13.567058, 4.787949, 0.040050, -1.574172
13.666855, 4.787949, 0.040050, -1.574172
13.786832, 4.787949, 0.040050, -1.574172
13.886845, 4.787949, 0.040050, -1.574172
13.966008, 4.787949, 0.040050, -1.574172
14.065942, 4.787949, 0.040050, -1.574172
14.185782, 4.787949, 0.040050, -1.574172
14.285709, 4.787949, 0.040050, -1.574172
14.366666, 4.787949, 0.040050, -1.574172
14.486563, 4.787949, 0.040050, -1.574172
14.586545, 4.787949, 0.040050, -1.574172
14.686498, 4.787949, 0.040050, -1.574172
14.765595, 4.787949, 0.040050, -1.574172
14.885498, 4.787949, 0.040050, -1.574172
14.985517, 4.787949, 0.040050, -1.574172
15.085633, 4.787949, 0.040050, -1.574172
15.166334, 4.787949, 0.040050, -1.574172
15.285474, 4.787949, 0.040050, -1.574172
15.386349, 4.787949, 0.040050, -1.574172
15.486257, 4.787949, 0.040050, -1.574172
15.566278, 4.787949, 0.040050, -1.574172
15.665163, 4.787949, 0.040050, -1.574172
15.786053, 4.787949, 0.040050, -1.574172
15.885312, 4.787949, 0.040050, -1.574172
15.965321, 4.787949, 0.040050, -1.574172
16.085173, 4.787949, 0.040050, -1.574172
16.185018, 4.787949, 0.040050, -1.574172
16.285053, 4.787949, 0.040050, -1.574172
16.364926, 4.787949, 0.040050, -1.574172
16.485105, 4.787949, 0.040050, -1.574172
16.585105, 4.787949, 0.040050, -1.574172
16.686054, 4.787949, 0.040050, -1.574172
16.765183, 4.787949, 0.040050, -1.574172
16.884990, 4.787949, 0.040050, -1.574172
16.984943, 4.787949, 0.040050, -1.574172
17.084849, 4.787949, 0.040050, -1.574172
17.164993, 4.787949, 0.040050, -1.574172
17.284927, 4.787949, 0.040050, -1.574172
17.384670, 4.787949, 0.040050, -1.574172
17.484619, 4.787949, 0.040050, -1.574172
17.564672, 4.787949, 0.040050, -1.574172
17.685687, 4.787949, 0.040050, -1.574172
17.784621, 4.787949, 0.040050, -1.574172
17.884561, 4.787949, 0.040050, -1.574172
17.964543, 4.787949, 0.040050, -1.574172
18.084429, 4.787949, 0.040050, -1.574172
18.184460, 4.787949, 0.040050, -1.574172
18.284352, 4.787949, 0.040050, -1.574172
18.365437, 4.787949, 0.040050, -1.574172
18.485368, 4.787949, 0.040050, -1.574172
18.585307, 4.787949, 0.040050, -1.574172
18.684354, 4.787949, 0.040050, -1.574172
18.764438, 4.787949, 0.040050, -1.574172
18.884284, 4.787949, 0.040050, -1.574172
18.984325, 4.787936, 0.036212, -1.574172
19.084242, 4.787999, 0.028365, -1.549737
19.164213, 4.788313, 0.018392, -1.523382
19.284222, 4.789337, 0.001194, -1.486032
19.384119, 4.790874, -0.013566, -1.441003
19.484087, 4.793077, -0.028457, -1.392483
19.564045, 4.797054, -0.005628, -1.359751
19.684220, 4.801299, -0.023246, -1.299886
19.783957, 4.805696, -0.037864, -1.250494
19.884081, 4.810842, -0.052464, -1.206686
19.964162, 4.818472, -0.016843, -1.154557
20.083713, 4.826279, -0.033528, -1.102721
20.184056, 4.833607, -0.047404, -1.060484
20.284062, 4.841375, -0.060942, -1.035526
20.363910, 4.847168, -0.070596, -1.019818
20.463943, 4.854292, -0.081934, -1.000968
20.583826, 4.863048, -0.095264, -0.971821
20.683751, 4.878631, -0.062809, -0.950093
20.763625, 4.884583, -0.070978, -0.922866
20.883969, 4.893500, -0.082519, -0.906111
20.983663, 4.901356, -0.092399, -0.881153
21.083728, 4.909243, -0.101870, -0.873299
21.163601, 4.915356, -0.109155, -0.872601
21.283588, 4.924203, -0.119658, -0.869110
21.383574, 4.931920, -0.128769, -0.863699
21.482558, 4.938281, -0.136180, -0.858289
21.562521, 4.944285, -0.143109, -0.855147
21.682515, 4.954284, -0.154534, -0.852529
21.782472, 4.960939, -0.162140, -0.848864
21.882601, 4.968154, -0.170334, -0.848690
21.963348, 4.975725, -0.178896, -0.838218
22.083412, 4.984934, -0.188967, -0.827746
22.183390, 4.992801, -0.197491, -0.814656
22.283371, 5.000715, -0.205796, -0.806278
22.362299, 5.009676, -0.215046, -0.791443
22.482236, 5.022949, -0.228189, -0.771721
22.582268, 5.032401, -0.237310, -0.765786
22.682218, 5.041081, -0.245694, -0.771022
22.763215, 5.048749, -0.253163, -0.772244
22.863285, 5.058854, -0.226290, -0.760007
22.982888, 5.069524, -0.236420, -0.761927
23.082141, 5.078604, -0.245066, -0.756167
23.163099, 5.087398, -0.253332, -0.748139
23.283073, 5.098806, -0.263859, -0.747266
23.382009, 5.109199, -0.273475, -0.740808
23.481983, 5.118228, -0.281738, -0.743252
23.562067, 5.127277, -0.290042, -0.738714
23.682039, 5.138050, -0.299746, -0.731383
23.781969, 5.147340, -0.308103, -0.736445
23.882003, 5.156331, -0.316282, -0.740634
23.962944, 5.164872, -0.324131, -0.751978
24.081921, 5.174391, -0.333119, -0.760705
24.182846, 5.182312, -0.340694, -0.766465
24.282800, 5.191468, -0.349569, -0.775715
24.361740, 5.194450, -0.352496, -0.774144
24.481915, 5.195064, -0.353088, -0.749360
24.581761, 5.196267, -0.354175, -0.721610
24.681693, 5.197270, -0.355035, -0.684085
24.761576, 5.197840, -0.355484, -0.649702
24.881641, 5.199119, -0.356408, -0.595422
24.981566, 5.195929, -0.332152, -0.538570
25.081430, 5.197149, -0.332854, -0.490225
25.161500, 5.197906, -0.333247, -0.458460
25.281441, 5.199147, -0.333813, -0.396675
25.381411, 5.198307, -0.304391, -0.343833
25.481086, 5.199358, -0.304745, -0.293916
25.561413, 5.200055, -0.304945, -0.256043
25.681259, 5.201258, -0.305230, -0.206650
25.781291, 5.202554, -0.305491, -0.182739
25.881219, 5.203184, -0.305598, -0.150625
25.962170, 5.202881, -0.286593, -0.121339
26.082057, 5.204110, -0.286725, -0.088527
26.182195, 5.204961, -0.286793, -0.056064
26.281223, 5.205770, -0.286826, -0.025695
26.361181, 5.206879, -0.286843, 0.000136
26.481155, 5.207945, -0.286826, 0.034693
26.581218, 5.208313, -0.293495, 0.081669
26.680732, 5.209501, -0.293376, 0.116401
26.761043, 5.210136, -0.293297, 0.148515
26.881009, 5.211480, -0.293063, 0.196861
26.981051, 5.212399, -0.292871, 0.222168
27.082004, 5.213270, -0.292664, 0.258995
27.161115, 5.218008, -0.300971, 0.293225
27.280697, 5.219105, -0.300621, 0.338429
27.380831, 5.219824, -0.300353, 0.376652
27.480845, 5.220809, -0.299945, 0.409988
27.560800, 5.221589, -0.299599, 0.433026
27.680758, 5.222356, -0.299228, 0.476485
27.780548, 5.221753, -0.316241, 0.503799
27.880742, 5.222385, -0.315885, 0.535564
27.960680, 5.222823, -0.315620, 0.561918
28.081695, 5.223891, -0.314916, 0.604679
28.180540, 5.224727, -0.314326, 0.631731
28.280580, 5.225170, -0.313992, 0.666813
28.360487, 5.229719, -0.325214, 0.692720
28.480529, 5.230369, -0.324662, 0.726056
28.580512, 5.230369, -0.324662, 0.739495
28.680498, 5.230369, -0.324662, 0.739146
28.761722, 5.230369, -0.324662, 0.738448
28.880417, 5.230369, -0.324662, 0.739146
28.981432, 5.230369, -0.324662, 0.739146
29.080335, 5.230369, -0.324662, 0.738797
29.160510, 5.230369, -0.324662, 0.738797
29.280476, 5.230369, -0.324662, 0.738797
29.380400, 5.230369, -0.324662, 0.738797
29.480347, 5.230369, -0.324662, 0.738797
29.560278, 5.230369, -0.324662, 0.738797
29.680323, 5.230369, -0.324662, 0.738797
29.780207, 5.230369, -0.324662, 0.738797
29.881017, 5.230369, -0.324662, 0.738797
29.960164, 5.230369, -0.324662, 0.738797
30.080157, 5.230369, -0.324662, 0.738797
30.180136, 5.230369, -0.324662, 0.738797
30.280108, 5.230369, -0.324662, 0.738797
30.360085, 5.230369, -0.324662, 0.738797
30.480052, 5.230369, -0.324662, 0.738797
30.580136, 5.230369, -0.324662, 0.738797
30.680126, 5.230369, -0.324662, 0.738797
30.760820, 5.230369, -0.324662, 0.738797
30.880807, 5.230369, -0.324662, 0.738797
30.979706, 5.230369, -0.324662, 0.738797
31.079903, 5.230369, -0.324662, 0.738797
31.159753, 5.230369, -0.324662, 0.738797
31.279722, 5.230369, -0.324662, 0.738797
31.379598, 5.230369, -0.324662, 0.738797
31.479424, 5.230369, -0.324662, 0.738797
31.560452, 5.230369, -0.324662, 0.738797
31.679457, 5.230369, -0.324662, 0.738797
31.780500, 5.230369, -0.324662, 0.738797
31.880476, 5.230369, -0.324662, 0.738797
31.959480, 5.230369, -0.324662, 0.738797
32.079315, 5.230369, -0.324662, 0.738797
32.179196, 5.230369, -0.324662, 0.738797
32.279260, 5.230369, -0.324662, 0.738797
32.359271, 5.230369, -0.324662, 0.738797
32.479120, 5.230369, -0.324662, 0.738797
32.579206, 5.230369, -0.324662, 0.738797
32.680256, 5.230369, -0.324662, 0.738797
32.759206, 5.230369, -0.324662, 0.738797
32.879063, 5.230369, -0.324662, 0.738797
32.979029, 5.230369, -0.324662, 0.738797
33.079042, 5.230369, -0.324662, 0.738797
33.159137, 5.230369, -0.324662, 0.738797
33.279070, 5.230369, -0.324662, 0.738797
33.379005, 5.230369, -0.324662, 0.738797
33.479023, 5.230369, -0.324662, 0.738797
33.558925, 5.230369, -0.324662, 0.738797
33.678920, 5.230369, -0.324662, 0.738797
33.778912, 5.230369, -0.324662, 0.738797
33.878996, 5.230369, -0.324662, 0.738797
33.958825, 5.230369, -0.324662, 0.738797
34.078720, 5.230369, -0.324662, 0.738797
34.178875, 5.230369, -0.324662, 0.738797
34.278711, 5.230369, -0.324662, 0.738797
34.358613, 5.230369, -0.324662, 0.738797
34.478685, 5.230369, -0.324662, 0.738797
34.578615, 5.230369, -0.324662, 0.738797
34.678632, 5.230369, -0.324662, 0.738797
34.758567, 5.230369, -0.324662, 0.738797
34.878609, 5.230369, -0.324662, 0.738797
34.978384, 5.230369, -0.324662, 0.738797
35.078509, 5.230369, -0.324662, 0.738797
35.158472, 5.230369, -0.324662, 0.738797
35.278443, 5.230369, -0.324662, 0.738797
35.378465, 5.230369, -0.324662, 0.738797
35.478304, 5.230369, -0.324662, 0.738797
35.558288, 5.230369, -0.324662, 0.738797
35.678220, 5.230369, -0.324662, 0.738797
35.778292, 5.230369, -0.324662, 0.738797
35.877260, 5.230369, -0.324662, 0.738797
35.958216, 5.230369, -0.324662, 0.738797
36.078110, 5.230369, -0.324662, 0.738797
36.178180, 5.230369, -0.324662, 0.738797
36.278181, 5.230369, -0.324662, 0.738797
36.358190, 5.230369, -0.324662, 0.738797
36.478033, 5.230369, -0.324662, 0.738797
36.578013, 5.230369, -0.324662, 0.738797
36.677944, 5.230369, -0.324662, 0.738797
36.757997, 5.230369, -0.324662, 0.738797
36.877864, 5.230369, -0.324662, 0.738797
36.977850, 5.230369, -0.324662, 0.738797
37.077740, 5.230369, -0.324662, 0.738797
37.157933, 5.230369, -0.324662, 0.738797
37.277868, 5.230369, -0.324662, 0.738797
37.377798, 5.230369, -0.324662, 0.738797
37.477733, 5.230369, -0.324662, 0.738797
37.556795, 5.230369, -0.324662, 0.738797
37.676632, 5.230369, -0.324662, 0.738797
37.776585, 5.230369, -0.324662, 0.738797
37.876553, 5.230369, -0.324662, 0.738797
37.957566, 5.230369, -0.324662, 0.738797
38.077621, 5.230369, -0.324662, 0.738797
38.177485, 5.230369, -0.324662, 0.738797
38.277556, 5.230369, -0.324662, 0.738797
38.356231, 5.230369, -0.324662, 0.738797
38.477471, 5.230369, -0.324662, 0.738797
38.576483, 5.230369, -0.324662, 0.738797
38.676358, 5.230369, -0.324662, 0.738797
38.756402, 5.230369, -0.324662, 0.738797
38.876313, 5.230369, -0.324662, 0.738797
38.977495, 5.230369, -0.324662, 0.738797
39.077480, 5.230369, -0.324662, 0.738797
39.157343, 5.230369, -0.324662, 0.738797
39.277322, 5.230369, -0.324662, 0.738797
39.377159, 5.230369, -0.324662, 0.738797
39.476254, 5.230369, -0.324662, 0.738797
39.556112, 5.230369, -0.324662, 0.738797
39.676253, 5.230369, -0.324662, 0.738797
39.776132, 5.232639, -0.322595, 0.738972
39.876128, 5.238113, -0.317648, 0.727976
39.957102, 5.245042, -0.311514, 0.714537
40.076946, 5.247470, -0.309432, 0.699876
40.176890, 5.249081, -0.308101, 0.679979
40.276865, 5.252110, -0.305675, 0.654149
40.355830, 5.252482, -0.305389, 0.640360
40.475961, 5.252587, -0.305315, 0.618369
40.575633, 5.252690, -0.305240, 0.598647
40.675726, 5.252442, -0.305406, 0.577180
40.755886, 5.252550, -0.305337, 0.557806
40.875694, 5.252913, -0.305113, 0.531103
40.975482, 5.252654, -0.305262, 0.510159
41.075594, 5.263244, -0.304510, 0.489183
41.156584, 5.263433, -0.304410, 0.473824
41.276478, 5.263623, -0.304314, 0.441535
41.375517, 5.263469, -0.304386, 0.419719
41.475549, 5.263743, -0.304268, 0.386208
41.555406, 5.263703, -0.304282, 0.356014
41.675405, 5.263905, -0.304215, 0.319188
41.775441, 5.265456, -0.321386, 0.290369
41.875526, 5.265210, -0.321458, 0.262618
41.956244, 5.265499, -0.321383, 0.237660
42.075331, 5.265416, -0.321400, 0.208513
42.176273, 5.265207, -0.321443, 0.185126
42.276291, 5.265585, -0.321376, 0.160167
42.355166, 5.265585, -0.321376, 0.134860
42.475173, 5.266282, -0.332072, 0.082441
42.575207, 5.266367, -0.332062, 0.039332
42.675084, 5.266324, -0.332068, -0.005872
42.755027, 5.266239, -0.332065, -0.041826
42.874960, 5.266366, -0.332078, -0.096106
42.975020, 5.262470, -0.331663, -0.140891
43.074878, 5.262471, -0.331660, -0.187491
43.154950, 5.262387, -0.331643, -0.219256
43.274886, 5.262223, -0.331596, -0.273710
43.374837, 5.274930, -0.341386, -0.333347
43.474802, 5.274729, -0.341313, -0.377155
43.554816, 5.274847, -0.341362, -0.416250
43.674796, 5.274576, -0.341238, -0.470704
43.774774, 5.274465, -0.341173, -0.521144
43.874667, 5.273926, -0.342089, -0.570656
43.955669, 5.273641, -0.341901, -0.609053
44.075992, 5.273850, -0.342049, -0.666126
44.175709, 5.273783, -0.341997, -0.715344
44.274579, 5.271809, -0.364377, -0.764773
44.354580, 5.271870, -0.364437, -0.804916
44.474555, 5.271725, -0.364281, -0.862163
44.574435, 5.271647, -0.364180, -0.913999
44.674515, 5.261487, -0.382651, -0.960628
44.754402, 5.261368, -0.382474, -1.001469
44.874375, 5.261371, -0.382472, -1.060810
44.975435, 5.261389, -0.382511, -1.109505
45.075252, 5.281393, -0.397656, -1.175354
45.154358, 5.281426, -0.397734, -1.212879
45.274346, 5.281411, -0.397694, -1.272394
45.374162, 5.281330, -0.397407, -1.325976
45.474223, 5.278831, -0.404632, -1.383400
45.554136, 5.278807, -0.404507, -1.423019
45.694111, 5.278799, -0.404422, -1.494578
45.774171, 5.278802, -0.404464, -1.539258
45.874177, 5.282572, -0.413406, -1.591705
45.974154, 5.282578, -0.413236, -1.645636
46.074037, 5.282579, -0.413236, -1.692585
46.194012, 5.282578, -0.413236, -1.759431
46.274095, 5.282603, -0.413110, -1.800098
46.353887, 5.280920, -0.418168, -1.842022
46.473935, 5.280503, -0.419423, -1.904854
46.573832, 5.279744, -0.421506, -1.964894
46.673911, 5.277896, -0.425187, -2.013454
46.773872, 5.275718, -0.429486, -2.076111
46.893623, 5.271381, -0.436828, -2.135452
46.993743, 5.266827, -0.443682, -2.200553
47.073896, 5.260910, -0.456573, -2.239444
47.173673, 5.254917, -0.463845, -2.302974
47.273611, 5.249200, -0.469882, -2.355857
47.393508, 5.236218, -0.488573, -2.431095
47.473871, 5.226560, -0.496566, -2.477346
47.573680, 5.213915, -0.506000, -2.536862
47.673722, 5.200520, -0.514809, -2.596901
47.793399, 5.185229, -0.527559, -2.671920
47.873640, 5.173651, -0.533197, -2.721313
47.973285, 5.158670, -0.539481, -2.778909
48.093224, 5.140035, -0.545867, -2.856925
48.193296, 5.125977, -0.551987, -2.912659
48.272343, 5.112962, -0.554748, -2.959783
48.373257, 5.096668, -0.557362, -3.011969
48.493088, 5.074274, -0.559793, -3.076864
48.593086, 5.057446, -0.560519, -3.130446
48.673147, 5.044270, -0.560465, 3.113993
48.773335, 5.027612, -0.559736, 3.069313
48.893052, 5.007488, -0.557853, 3.017651
48.992941, 4.991448, -0.552859, 2.978178
49.072183, 4.978219, -0.550526, 2.948333
49.172165, 4.961542, -0.546943, 2.905049
49.291993, 4.941658, -0.541739, 2.865953
49.391892, 4.926355, -0.537246, 2.842217
49.472991, 4.914038, -0.533338, 2.823542
49.572854, 4.899072, -0.530262, 2.792861
49.692765, 4.884069, -0.524604, 2.765459
49.792769, 4.870618, -0.519191, 2.749402
49.871957, 4.859490, -0.514519, 2.733694
49.971961, 4.846298, -0.508710, 2.718509
50.091612, 4.827579, -0.500014, 2.691631
50.191588, 4.812702, -0.492771, 2.686221
50.271595, 4.802562, -0.487782, 2.681858
50.372700, 4.789973, -0.481491, 2.667720
50.492636, 4.773022, -0.472586, 2.650442
50.592567, 4.761355, -0.466278, 2.634908
50.672570, 4.753505, -0.461880, 2.626356
50.772606, 4.744350, -0.456670, 2.618153
50.892439, 4.732735, -0.449837, 2.592497
50.992404, 4.722484, -0.443564, 2.582203
51.071329, 4.715366, -0.439101, 2.580807
51.171338, 4.705964, -0.433144, 2.566495
51.291321, 4.692551, -0.424279, 2.553580
51.391195, 4.683527, -0.418287, 2.556547
51.472335, 4.675424, -0.412914, 2.554802
51.572346, 4.661842, -0.403918, 2.558467
51.692244, 4.645189, -0.392917, 2.557071
51.792152, 4.632711, -0.384649, 2.552533
51.871163, 4.623301, -0.378314, 2.544504
51.971198, 4.611599, -0.370269, 2.535778
52.090972, 4.599499, -0.361898, 2.537872
52.190969, 4.590878, -0.355920, 2.528273
52.272028, 4.584805, -0.351583, 2.511692
52.372099, 4.575699, -0.344818, 2.490574
52.491970, 4.562958, -0.334874, 2.461950
52.592045, 4.551931, -0.325926, 2.456889
52.671976, 4.543377, -0.318870, 2.436643
52.771970, 4.535839, -0.312397, 2.430360
52.891744, 4.532740, -0.309722, 2.425647
52.991782, 4.531868, -0.308970, 2.437865
53.071719, 4.531214, -0.308423, 2.453049
53.171703, 4.530318, -0.307699, 2.480451
53.291777, 4.529632, -0.307192, 2.523037
53.391635, 4.528614, -0.306491, 2.567543
53.471707, 4.528071, -0.306152, 2.601402
53.571737, 4.527293, -0.305708, 2.649748
53.691616, 4.526497, -0.305298, 2.705947
53.791527, 4.525641, -0.304915, 2.751151
53.870547, 4.525984, -0.306559, 2.782361
53.970666, 4.524858, -0.306160, 2.831405
54.090492, 4.523918, -0.305880, 2.885859
54.190370, 4.523047, -0.305672, 2.929143
54.271494, 4.519721, -0.302379, 2.964253
54.371300, 4.518879, -0.302247, 3.004046
54.491453, 4.517990, -0.302135, 3.041920
54.591396, 4.517225, -0.302069, 3.077525
54.670502, 4.516459, -0.302027, 3.099516
54.770346, 4.515351, -0.301991, 3.120983
54.890190, 4.514754, -0.301986, -3.127819
54.990279, 4.510382, -0.298101, -3.098220
55.071341, 4.509616, -0.298141, -3.075356
55.170448, 4.509233, -0.298168, -3.052492
55.290327, 4.509063, -0.298183, -3.041322
55.390290, 4.509063, -0.298183, -3.041322
55.471072, 4.509063, -0.298183, -3.041322
55.570121, 4.509063, -0.298183, -3.041322
55.691169, 4.509063, -0.298183, -3.041322
55.790147, 4.509063, -0.298183, -3.041322
55.870288, 4.509063, -0.298183, -3.041322
55.970231, 4.509063, -0.298183, -3.041322
56.090030, 4.509063, -0.298183, -3.041322
56.191060, 4.509063, -0.298183, -3.041322
56.270944, 4.509063, -0.298183, -3.041322
56.370859, 4.509063, -0.298183, -3.041322
56.490904, 4.509063, -0.298183, -3.041322
56.590948, 4.509063, -0.298183, -3.041322
56.669808, 4.509063, -0.298183, -3.041322
56.769755, 4.509063, -0.298183, -3.041322
56.889822, 4.509063, -0.298183, -3.041322
56.989779, 4.509063, -0.298183, -3.041322
57.069728, 4.509063, -0.298183, -3.041322
57.169935, 4.509063, -0.298183, -3.041322
57.270567, 4.509063, -0.298183, -3.041322
57.390519, 4.509063, -0.298183, -3.041322
57.469657, 4.509063, -0.298183, -3.041322
57.569531, 4.509063, -0.298183, -3.041322
57.689396, 4.509063, -0.298183, -3.041322
57.789542, 4.509063, -0.298183, -3.041322
57.869350, 4.509063, -0.298183, -3.041322
57.970442, 4.509063, -0.298183, -3.041322
58.089444, 4.509063, -0.298183, -3.041322
58.189474, 4.509063, -0.298183, -3.041322
58.270387, 4.509063, -0.298183, -3.041322
58.370276, 4.509063, -0.298183, -3.041322
58.490347, 4.509063, -0.298183, -3.041322
58.590237, 4.509063, -0.298183, -3.041322
58.669278, 4.509063, -0.298183, -3.041322
58.769135, 4.509063, -0.298183, -3.041322
58.889152, 4.509063, -0.298183, -3.041322
58.989224, 4.509063, -0.298183, -3.041322
59.069102, 4.509063, -0.298183, -3.041322
59.169377, 4.509063, -0.298183, -3.041322
59.288953, 4.509063, -0.298183, -3.041322
59.390057, 4.509063, -0.298183, -3.041322
59.469238, 4.509063, -0.298183, -3.041322
59.568821, 4.509063, -0.298183, -3.041322
59.688931, 4.509063, -0.298183, -3.041322
59.788798, 4.509063, -0.298183, -3.041322
59.868822, 4.509063, -0.298183, -3.041322
59.988857, 4.509063, -0.298183, -3.041322
60.088761, 4.509063, -0.298183, -3.041497
60.188593, 4.508978, -0.298192, -3.041497
60.269690, 4.503207, -0.298772, -3.042544
60.368745, 4.496374, -0.299442, -3.046733
60.489741, 4.484315, -0.300568, -3.049875
60.588606, 4.472039, -0.301663, -3.054936
60.668641, 4.465454, -0.302235, -3.056332
60.788541, 4.455893, -0.303042, -3.057205
60.888572, 4.442856, -0.304247, -3.040973
60.988513, 4.428610, -0.305789, -3.023520
61.068453, 4.425392, -0.306176, -3.015841
61.169535, 4.423066, -0.306476, -3.006067
61.289468, 4.421801, -0.306666, -2.971335
61.389396, 4.421927, -0.306645, -2.957721
61.468288, 4.421468, -0.306738, -2.932937
61.568346, 4.421342, -0.306764, -2.910423
61.688447, 4.420901, -0.309303, -2.883142
61.788203, 4.420654, -0.309367, -2.843872
61.868333, 4.420775, -0.309327, -2.824674
61.988152, 4.420090, -0.309564, -2.791163
62.088176, 4.420209, -0.309516, -2.749625
62.188171, 4.419817, -0.309685, -2.716289
62.268187, 4.416854, -0.308261, -2.684370
62.368083, 4.416551, -0.308418, -2.649638
62.488044, 4.416325, -0.308537, -2.600943
62.588163, 4.415964, -0.308764, -2.563070
62.667960, 4.415999, -0.308741, -2.527639
62.767914, 4.412450, -0.312416, -2.476944
62.888042, 4.411188, -0.313431, -2.421617
62.988096, 4.411382, -0.313265, -2.384616
63.068817, 4.411200, -0.313445, -2.340285
63.167831, 4.402061, -0.313577, -2.305510
63.288861, 4.401055, -0.314737, -2.237617
63.387686, 4.401188, -0.314570, -2.202885
63.467674, 4.401040, -0.314778, -2.158728
63.587689, 4.401414, -0.318419, -2.106045
63.687499, 4.401089, -0.319018, -2.051591
63.787641, 4.401190, -0.318831, -2.014241
63.867582, 4.399868, -0.321743, -1.968339
63.987556, 4.397868, -0.326821, -1.912663
64.087550, 4.398109, -0.326613, -1.865664
64.187498, 4.398165, -0.326451, -1.818540
64.267548, 4.397377, -0.329770, -1.783110
64.367555, 4.397091, -0.331235, -1.727608
64.487442, 4.397179, -0.333565, -1.671256
64.587361, 4.397209, -0.333225, -1.622387
64.667394, 4.397191, -0.333651, -1.583291
64.787452, 4.397196, -0.334035, -1.523776
64.887544, 4.397204, -0.334205, -1.475779
64.987262, 4.399893, -0.336770, -1.428748
65.067348, 4.399863, -0.336602, -1.390351
65.167268, 4.399826, -0.336392, -1.329788
65.287286, 4.401018, -0.340664, -1.274286
65.387185, 4.398730, -0.344805, -1.222096
65.467111, 4.398857, -0.345121, -1.178114
65.567215, 4.398849, -0.345078, -1.129943
65.687202, 4.400723, -0.348765, -1.063969
65.787197, 4.401742, -0.348878, -1.010211
65.867154, 4.401609, -0.348659, -0.972861
65.967080, 4.401956, -0.349145, -0.920501
66.087035, 4.402065, -0.349276, -0.858368
66.186076, 4.401728, -0.351197, -0.812286
66.266094, 4.401879, -0.351348, -0.770049
66.385944, 4.402067, -0.351521, -0.706693
66.485975, 4.402296, -0.351713, -0.653635
66.585885, 4.405724, -0.354948, -0.599803
66.666789, 4.405796, -0.354994, -0.556170
66.766881, 4.406051, -0.355149, -0.501716
66.886939, 4.406241, -0.355245, -0.438186
66.986780, 4.407253, -0.355512, -0.387374
67.065728, 4.407452, -0.355590, -0.348278
67.185671, 4.407695, -0.355670, -0.283003
67.285675, 4.405069, -0.354880, -0.230464
67.385620, 4.405278, -0.354924, -0.176184
67.466647, 4.405489, -0.354955, -0.130108
67.586595, 4.405743, -0.354982, -0.070243
67.685543, 4.406205, -0.355758, -0.018405
67.785591, 4.406375, -0.355756, 0.033431
67.865419, 4.406546, -0.355751, 0.063625
67.965489, 4.406843, -0.355724, 0.105513
68.085421, 4.407098, -0.355698, 0.151939
68.185428, 4.407307, -0.355656, 0.188591
68.265396, 4.408916, -0.353939, 0.216736
68.365658, 4.408749, -0.353974, 0.254261
68.485273, 4.409202, -0.353854, 0.298766
68.585315, 4.409039, -0.353904, 0.338909
68.666322, 4.409638, -0.353680, 0.374688
68.785384, 4.408814, -0.352430, 0.412803
68.886385, 4.409163, -0.352270, 0.452073
68.986349, 4.409086, -0.352308, 0.484013
69.065218, 4.412612, -0.350401, 0.513160
69.185337, 4.415495, -0.348741, 0.541434
69.285280, 4.416324, -0.348217, 0.571977
69.385271, 4.417605, -0.347370, 0.602346
69.464982, 4.417936, -0.348027, 0.619423
69.584963, 4.418761, -0.347421, 0.658344
69.684968, 4.419798, -0.346601, 0.686443
69.786081, 4.420745, -0.345806, 0.725888
69.865067, 4.421250, -0.345347, 0.758700
69.965077, 4.422311, -0.344298, 0.804602
70.084860, 4.421977, -0.340680, 0.850180
70.184826, 4.422829, -0.339669, 0.892068
70.264714, 4.423384, -0.338965, 0.920865
70.364946, 4.423839, -0.338347, 0.956296
70.484689, 4.424578, -0.337251, 0.997136
70.584687, 4.429254, -0.337655, 1.028768
70.665599, 4.429492, -0.337252, 1.054250
70.785529, 4.430106, -0.336129, 1.095439
70.885427, 4.430528, -0.335291, 1.120572
70.984563, 4.430946, -0.334404, 1.149370
71.064601, 4.431183, -0.333856, 1.176074
71.184557, 4.431691, -0.332589, 1.209584
71.284365, 4.429285, -0.328999, 1.237406
71.384396, 4.429542, -0.328231, 1.271265
71.464274, 4.429737, -0.327577, 1.297794
71.584185, 4.430110, -0.326176, 1.332526
71.685364, 4.430243, -0.325594, 1.367608
71.785520, 4.430408, -0.324713, 1.410892
71.864411, 4.431846, -0.326595, 1.430337
71.984397, 4.431937, -0.325876, 1.473097
72.084269, 4.432010, -0.324983, 1.504339
72.184174, 4.432060, -0.324132, 1.535755
72.264268, 4.432069, -0.323663, 1.563505
72.384262, 4.432060, -0.322255, 1.598237
72.484196, 4.432028, -0.321403, 1.623021
72.584143, 4.432461, -0.320251, 1.659021
72.664072, 4.432409, -0.319699, 1.693404
72.784997, 4.432306, -0.318938, 1.735815
72.884072, 4.432191, -0.318353, 1.785906
72.983980, 4.430812, -0.318736, 1.820126
73.063985, 4.430689, -0.318283, 1.870043
73.183773, 4.430491, -0.317675, 1.927464
73.283980, 4.430252, -0.317082, 1.978078
73.383778, 4.430435, -0.316635, 2.032851
73.464715, 4.430200, -0.316181, 2.077357
73.583756, 4.429873, -0.315631, 2.140189
73.684604, 4.429565, -0.315171, 2.191501
73.783742, 4.431249, -0.313039, 2.239322
73.863762, 4.431005, -0.312743, 2.283479
73.983627, 4.430574, -0.312270, 2.348754
74.083601, 4.430145, -0.311855, 2.403383
74.183692, 4.428299, -0.311624, 2.457767
74.263528, 4.427898, -0.311306, 2.503495
74.364404, 4.427513, -0.311037, 2.558473
74.483545, 4.427116, -0.310788, 2.624272
74.584399, 4.429025, -0.310746, 2.679028
74.663329, 4.428756, -0.310618, 2.721440
74.783328, 4.428204, -0.310388, 2.786715
74.883385, 4.427802, -0.310247, 2.839773
74.983260, 4.430053, -0.309848, 2.896804
75.063296, 4.429804, -0.309788, 2.942531
75.183229, 4.429259, -0.309688, 3.008505
75.283135, 4.424740, -0.309707, 3.062268
75.383067, 4.424399, -0.309690, 3.119166
75.463192, 4.424143, -0.309688, -3.121259
75.584215, 4.423717, -0.309708, -3.047955
75.683127, 4.426296, -0.309801, -2.997074
75.783051, 4.426130, -0.309837, -2.941572
75.863031, 4.425838, -0.309901, -2.891482
75.982931, 4.425469, -0.310005, -2.823763
76.082875, 4.428538, -0.310055, -2.767923
76.182532, 4.424881, -0.311589, -2.709454
76.263669, 4.421429, -0.313264, -2.657618
76.382629, 4.412371, -0.316518, -2.585774
76.483612, 4.406441, -0.320384, -2.526608
76.583719, 4.397676, -0.326890, -2.461681
76.662612, 4.393088, -0.330775, -2.407402
76.782701, 4.384460, -0.339248, -2.342433
76.882603, 4.375089, -0.349513, -2.270700
76.982577, 4.364940, -0.362252, -2.203505
77.062686, 4.355749, -0.369353, -2.153651
77.182276, 4.348103, -0.381719, -2.081045
77.282691, 4.342838, -0.391861, -2.011930
77.382689, 4.331867, -0.406567, -1.946489
77.462617, 4.327254, -0.418955, -1.897968
77.582379, 4.321431, -0.437996, -1.826235
77.682521, 4.314055, -0.452367, -1.758337
77.782549, 4.311395, -0.468869, -1.695331
77.862519, 4.310001, -0.482186, -1.641924
77.982494, 4.308312, -0.503013, -1.565112
78.082270, 4.308844, -0.519847, -1.499837
78.182397, 4.310448, -0.536441, -1.432991
78.262528, 4.312540, -0.549753, -1.379060
78.382425, 4.315998, -0.569577, -1.307428
78.482443, 4.320777, -0.585907, -1.252275
78.582289, 4.326554, -0.601863, -1.187000
78.661183, 4.333878, -0.615481, -1.137179
78.781884, 4.342980, -0.633716, -1.068239
78.882034, 4.351624, -0.648617, -1.014134
78.982128, 4.361115, -0.663249, -0.969628
79.082224, 4.371234, -0.677560, -0.932627
79.182031, 4.380757, -0.691626, -0.887019
79.261205, 4.389732, -0.702354, -0.852636
79.381913, 4.403792, -0.717811, -0.808829
79.480965, 4.416075, -0.730374, -0.777587
79.580947, 4.422266, -0.736301, -0.742681
79.661984, 4.421889, -0.735955, -0.735874
79.780993, 4.421700, -0.735783, -0.734827
79.881965, 4.421700, -0.735783, -0.735001
79.981864, 4.421700, -0.735783, -0.735001
80.062009, 4.421700, -0.735783, -0.734827
80.180854, 4.421700, -0.735783, -0.735001
80.281809, 4.421700, -0.735783, -0.735001
80.380697, 4.421700, -0.735783, -0.735001
80.460830, 4.421700, -0.735783, -0.735001
80.580637, 4.421700, -0.735783, -0.735001
80.680555, 4.421700, -0.735783, -0.735001
80.780630, 4.421700, -0.735783, -0.735001
80.861836, 4.421700, -0.735783, -0.735001
80.981683, 4.421700, -0.735783, -0.735001
81.081745, 4.421700, -0.735783, -0.735001
81.181577, 4.421700, -0.735783, -0.735001
81.260427, 4.421700, -0.735783, -0.735001
81.380428, 4.421700, -0.735783, -0.735001
81.480444, 4.421700, -0.735783, -0.735001
81.580333, 4.421700, -0.735783, -0.735001
81.661539, 4.421700, -0.735783, -0.735001
81.781167, 4.421700, -0.735783, -0.735001
81.881542, 4.421700, -0.735783, -0.735001
81.980226, 4.421700, -0.735783, -0.735001
82.061306, 4.421700, -0.735783, -0.735001
82.181311, 4.421700, -0.735783, -0.735001
82.280414, 4.421700, -0.735783, -0.735001
82.380363, 4.421700, -0.735783, -0.735001
82.460342, 4.421700, -0.735783, -0.735001
82.580256, 4.421700, -0.735783, -0.735001
82.680275, 4.421700, -0.735783, -0.735001
82.780100, 4.421700, -0.735783, -0.735001
82.861152, 4.421700, -0.735783, -0.735001
82.980150, 4.421700, -0.735783, -0.735001
83.080885, 4.421700, -0.735783, -0.735001
83.180946, 4.421700, -0.735783, -0.735001
83.260048, 4.421700, -0.735783, -0.735001
83.359780, 4.421700, -0.735783, -0.735001
83.459674, 4.421700, -0.735783, -0.735001
83.579773, 4.421700, -0.735783, -0.735001
83.679951, 4.421700, -0.735783, -0.735001
83.759744, 4.421700, -0.735783, -0.735001
83.879653, 4.421700, -0.735783, -0.735001
83.980589, 4.421700, -0.735783, -0.735001
84.080652, 4.421700, -0.735783, -0.735001
84.159520, 4.421700, -0.735783, -0.735001
84.279583, 4.421700, -0.735783, -0.735001
84.379497, 4.421700, -0.735783, -0.735001
84.479547, 4.421700, -0.735783, -0.735001
84.559451, 4.421700, -0.735783, -0.735001
84.679268, 4.421700, -0.735783, -0.735001
84.779350, 4.421700, -0.735783, -0.735001
84.879378, 4.421700, -0.735783, -0.735001
84.959356, 4.421700, -0.735783, -0.735001
85.079275, 4.421700, -0.735783, -0.735001
85.179379, 4.421700, -0.735783, -0.735001
85.279330, 4.421700, -0.735783, -0.735001
85.359243, 4.421700, -0.735783, -0.735001
85.479173, 4.421700, -0.735783, -0.735001
85.579107, 4.421700, -0.735783, -0.735001
85.679080, 4.421700, -0.735783, -0.735001
85.760303, 4.421700, -0.735783, -0.735001
85.880128, 4.421700, -0.735783, -0.735001
85.980072, 4.421700, -0.735783, -0.735001
86.079014, 4.421700, -0.735783, -0.735001
86.158956, 4.421700, -0.735783, -0.735001
86.279013, 4.421700, -0.735783, -0.735001
86.379004, 4.421700, -0.735783, -0.735001
86.478929, 4.421700, -0.735783, -0.735001
86.558809, 4.421700, -0.735783, -0.735001
86.678831, 4.421700, -0.735783, -0.735001
86.778772, 4.421700, -0.735783, -0.735001
86.879910, 4.421700, -0.735783, -0.735001
86.958778, 4.421700, -0.735783, -0.735001
87.078739, 4.421700, -0.735783, -0.735001
87.178684, 4.421700, -0.735783, -0.735001
87.278674, 4.421700, -0.735783, -0.735001
87.358521, 4.421700, -0.735783, -0.735001
87.478686, 4.421700, -0.735783, -0.735001
87.578643, 4.421700, -0.735783, -0.735001
87.678606, 4.421700, -0.735783, -0.735001
87.757780, 4.421700, -0.735783, -0.735001
87.878592, 4.421700, -0.735783, -0.735001
87.978751, 4.421700, -0.735783, -0.735001
88.078462, 4.421700, -0.735783, -0.735001
88.158398, 4.421700, -0.735783, -0.735001
88.277466, 4.421700, -0.735783, -0.735001
88.378423, 4.421700, -0.735783, -0.735001
88.478356, 4.421700, -0.735783, -0.735001
88.558280, 4.421700, -0.735783, -0.735001
88.678345, 4.421700, -0.735783, -0.735001
88.778329, 4.421700, -0.735783, -0.735001
88.877200, 4.421700, -0.735783, -0.735001
88.957060, 4.421700, -0.735783, -0.735001
89.077053, 4.421700, -0.735783, -0.735001
89.176894, 4.421700, -0.735783, -0.735001
89.277148, 4.421700, -0.735783, -0.735001
89.358018, 4.421700, -0.735783, -0.735001
89.478094, 4.421700, -0.735783, -0.735001
89.578015, 4.421700, -0.735783, -0.735001
89.678057, 4.421700, -0.735783, -0.735001
89.756924, 4.421700, -0.735783, -0.735001
89.876951, 4.421700, -0.735783, -0.735001
89.976798, 4.421700, -0.735783, -0.735001
90.077022, 4.421700, -0.735783, -0.735001
90.157808, 4.421700, -0.735783, -0.735001
90.278139, 4.421700, -0.735783, -0.735001
90.377739, 4.421700, -0.735783, -0.735001
90.477717, 4.421700, -0.735783, -0.735001
90.556699, 4.421700, -0.735783, -0.735001
90.677840, 4.421700, -0.735783, -0.735001
90.776736, 4.421700, -0.735783, -0.735001
90.876637, 4.421700, -0.735783, -0.735001
90.956724, 4.421700, -0.735783, -0.735001
91.076554, 4.421700, -0.735783, -0.735001
91.177917, 4.421700, -0.735783, -0.735001
91.276564, 4.421700, -0.735783, -0.735001
91.357508, 4.421700, -0.735783, -0.735001
91.476338, 4.421700, -0.735783, -0.735001
91.577474, 4.421700, -0.735783, -0.735001
91.677427, 4.421700, -0.735783, -0.735001
91.756266, 4.421700, -0.735783, -0.735001
91.876395, 4.421700, -0.735783, -0.735001
91.976357, 4.421700, -0.735783, -0.735001
92.076514, 4.421700, -0.735783, -0.735001
92.156377, 4.421700, -0.735783, -0.735001
92.276346, 4.421700, -0.735783, -0.735001
92.376344, 4.421700, -0.735783, -0.735001
92.477246, 4.421700, -0.735783, -0.735001
92.555998, 4.421700, -0.735783, -0.735001
92.676051, 4.421700, -0.735783, -0.735001
92.776122, 4.421700, -0.735783, -0.735001
92.876159, 4.421700, -0.735783, -0.735001
92.956101, 4.421700, -0.735783, -0.735001
93.076019, 4.421700, -0.735783, -0.735001
93.175965, 4.421700, -0.735783, -0.735001
93.276063, 4.421700, -0.735783, -0.735001
93.356915, 4.421700, -0.735783, -0.735001
93.477027, 4.421700, -0.735783, -0.735001
93.575912, 4.421700, -0.735783, -0.735001
93.675773, 4.421700, -0.735783, -0.735001
93.755779, 4.421700, -0.735783, -0.735001
93.876005, 4.421700, -0.735783, -0.735001
93.975880, 4.421700, -0.735783, -0.735001
94.075710, 4.421700, -0.735783, -0.735001
94.155584, 4.421700, -0.735783, -0.735001
94.275638, 4.421700, -0.735783, -0.735001
94.376535, 4.421700, -0.735783, -0.735001
94.476568, 4.421700, -0.735783, -0.735001
94.555471, 4.421700, -0.735783, -0.735001
94.675425, 4.421700, -0.735783, -0.735001
94.775583, 4.421700, -0.735783, -0.735001
94.875552, 4.421700, -0.735783, -0.735001
94.955409, 4.421700, -0.735783, -0.735001
95.075213, 4.421700, -0.735783, -0.735001
95.175317, 4.421700, -0.735783, -0.735001
95.275308, 4.421700, -0.735783, -0.735001
95.355265, 4.421700, -0.735783, -0.735001
95.455321, 4.421700, -0.735783, -0.735001
95.575284, 4.421700, -0.735783, -0.735001
95.675248, 4.421700, -0.735783, -0.735001
95.775298, 4.421700, -0.735783, -0.735001
95.855159, 4.421700, -0.735783, -0.735001
95.974958, 4.421700, -0.735783, -0.735001
96.074940, 4.421700, -0.735783, -0.735001
96.174911, 4.421700, -0.735783, -0.735001
96.255048, 4.421700, -0.735783, -0.735001
96.376069, 4.421700, -0.735783, -0.735001
96.474940, 4.421700, -0.735783, -0.735001
96.574897, 4.421700, -0.735783, -0.735001
96.654814, 4.421700, -0.735783, -0.735001
96.774848, 4.421700, -0.735783, -0.735001
96.874817, 4.421700, -0.735783, -0.735001
96.974988, 4.421700, -0.735783, -0.735001
97.055601, 4.421700, -0.735783, -0.735001
97.174895, 4.421700, -0.735783, -0.735001
97.275794, 4.421700, -0.735783, -0.735001
97.374628, 4.421700, -0.735783, -0.735001
97.454606, 4.421700, -0.735783, -0.735001
97.574442, 4.421700, -0.735783, -0.735001
97.674543, 4.421700, -0.735783, -0.735001
97.774418, 4.421700, -0.735783, -0.735001
97.854447, 4.421700, -0.735783, -0.735001
97.974605, 4.421700, -0.735783, -0.735001
98.074240, 4.421700, -0.735783, -0.735001
98.175339, 4.421700, -0.735783, -0.735001
98.254200, 4.421700, -0.735783, -0.735001
98.374278, 4.421700, -0.735783, -0.735001
98.474247, 4.421700, -0.735783, -0.735001
98.574234, 4.421700, -0.735783, -0.735001
98.654054, 4.421700, -0.735783, -0.735001
98.774165, 4.421700, -0.735783, -0.735001
98.874147, 4.421700, -0.735783, -0.735001
98.974185, 4.421700, -0.735783, -0.735001
99.053946, 4.421700, -0.735783, -0.735001
99.174042, 4.422079, -0.736127, -0.735001
99.293987, 4.420243, -0.736519, -0.670877
99.373953, 4.420413, -0.736648, -0.622531
99.473932, 4.420592, -0.736765, -0.557256
99.573944, 4.420009, -0.736807, -0.491041
99.673876, 4.420160, -0.736885, -0.423148
99.773845, 4.420238, -0.736920, -0.355778
99.853914, 4.417245, -0.738230, -0.298994
99.973908, 4.417410, -0.738272, -0.216265
100.073882, 4.417453, -0.738276, -0.146976
100.173653, 4.418699, -0.739051, -0.075180
100.252619, 4.418614, -0.739044, -0.022297
100.392669, 4.418700, -0.739041, 0.073522
100.492566, 4.418614, -0.739046, 0.128150
100.572568, 4.418614, -0.739046, 0.121169
100.673604, 4.418572, -0.739051, 0.129547
100.773526, 4.418572, -0.739051, 0.127976
100.893510, 4.418953, -0.739002, 0.127801
100.973405, 4.421618, -0.738660, 0.130594
101.052365, 4.427066, -0.738932, 0.146247
101.193456, 4.430227, -0.738444, 0.176790
101.293373, 4.429975, -0.738489, 0.178012
101.372320, 4.430101, -0.738467, 0.189008
101.472295, 4.429892, -0.738508, 0.205239
101.592133, 4.429642, -0.738560, 0.206461
101.692259, 4.429891, -0.738505, 0.222518
101.773252, 4.432964, -0.737787, 0.237353
101.873126, 4.434247, -0.737467, 0.261264
101.993190, 4.434247, -0.737467, 0.280812
102.093131, 4.434125, -0.737507, 0.308388
102.172082, 4.434288, -0.737454, 0.325318
102.272153, 4.436206, -0.738418, 0.347788
102.391862, 4.436287, -0.738391, 0.374142
102.492036, 4.436208, -0.738423, 0.397006
102.572937, 4.436443, -0.738321, 0.415856
102.672805, 4.436754, -0.738181, 0.438371
102.792983, 4.436600, -0.738255, 0.459489
102.893074, 4.436562, -0.738273, 0.484447
102.972709, 4.437051, -0.738013, 0.504344
103.071760, 4.437237, -0.737908, 0.520576
103.192861, 4.434617, -0.736580, 0.568715
103.291716, 4.434796, -0.736464, 0.590706
103.371587, 4.434937, -0.736368, 0.607636
103.472630, 4.434971, -0.736342, 0.653713
103.591660, 4.435172, -0.736184, 0.682161
103.692549, 4.435205, -0.736157, 0.716544
103.772600, 4.435110, -0.736243, 0.754942
103.872468, 4.429786, -0.735961, 0.771807
103.992454, 4.429607, -0.736144, 0.826785
104.092459, 4.429751, -0.735986, 0.843540
104.171448, 4.429780, -0.735955, 0.877050
104.271421, 4.429940, -0.735755, 0.921556
104.391418, 4.429168, -0.735953, 0.974260
104.491366, 4.429309, -0.735740, 1.016672
104.572345, 4.429264, -0.735812, 1.056640
104.672287, 4.429368, -0.735626, 1.099749
104.792323, 4.427429, -0.737644, 1.155923
104.872350, 4.427381, -0.737762, 1.193447
104.971196, 4.427442, -0.737603, 1.237430
105.071178, 4.427428, -0.737644, 1.285601
105.191011, 4.427464, -0.737521, 1.341451
105.291092, 4.429550, -0.737747, 1.387097
105.371017, 4.429539, -0.737832, 1.426716
105.471056, 4.429583, -0.737494, 1.473665
105.591033, 4.429573, -0.737579, 1.530912
105.690977, 4.431136, -0.736507, 1.580078
105.772163, 4.431134, -0.736464, 1.620046
105.870927, 4.431140, -0.736507, 1.666646
105.991913, 4.431090, -0.736126, 1.730001
106.090874, 4.428277, -0.736193, 1.780578
106.170778, 4.428314, -0.736359, 1.816881
106.270828, 4.428279, -0.736236, 1.870463
106.390952, 4.428222, -0.736075, 1.929280
106.490649, 4.424711, -0.733155, 1.981076
106.570685, 4.424659, -0.733038, 2.021917
106.671581, 4.424696, -0.733115, 2.074975
106.790586, 4.424764, -0.733223, 2.136760
106.891564, 4.421686, -0.729672, 2.184430
106.970475, 4.420106, -0.727500, 2.223700
107.070484, 4.417298, -0.724013, 2.278503
107.190484, 4.412727, -0.717758, 2.337921
107.290390, 4.412419, -0.717464, 2.394470
107.370366, 4.410092, -0.715395, 2.435834
107.470291, 4.405911, -0.712022, 2.501284
107.590346, 4.398426, -0.707556, 2.562332
107.690286, 4.387236, -0.700684, 2.632320
107.770252, 4.376199, -0.694737, 2.674208
107.870282, 4.361600, -0.687906, 2.739483
107.990331, 4.344191, -0.680681, 2.811850
108.090214, 4.328966, -0.675936, 2.875206
108.170203, 4.316557, -0.672830, 2.925646
108.270380, 4.301401, -0.668658, 2.981067
108.390148, 4.282138, -0.666017, 3.040932
108.490110, 4.265859, -0.664708, 3.092244
108.571009, 4.252902, -0.664267, 3.137623
108.671162, 4.236444, -0.664474, -3.099835
108.790881, 4.218196, -0.664750, -3.050440
108.889914, 4.201739, -0.666464, -3.018850
108.970113, 4.188508, -0.668224, -2.995637
109.049930, 4.175233, -0.670280, -2.976264
109.189845, 4.152238, -0.674446, -2.944673
109.289884, 4.135751, -0.677899, -2.921111
109.370028, 4.129933, -0.679238, -2.900342
109.469837, 4.126771, -0.679506, -2.876870
109.589438, 4.124027, -0.680300, -2.826081
109.689952, 4.123098, -0.680617, -2.793793
109.769705, 4.121982, -0.681040, -2.763249
109.869628, 4.120688, -0.681593, -2.713158
109.989602, 4.118044, -0.683043, -2.670960
110.089555, 4.116393, -0.683935, -2.619472
110.169506, 4.115619, -0.684386, -2.606033
110.269522, 4.114343, -0.685160, -2.571999
110.389395, 4.113005, -0.686074, -2.512833
110.489515, 4.109080, -0.685521, -2.473339
110.569661, 4.108385, -0.686086, -2.430927
110.669401, 4.107204, -0.687133, -2.400210
110.789355, 4.106214, -0.688072, -2.358496
110.889328, 4.105472, -0.688837, -2.321844
110.969133, 4.104725, -0.689656, -2.298806
111.069233, 4.102989, -0.690851, -2.268528
111.189251, 4.102370, -0.691612, -2.231353
111.289322, 4.101729, -0.692464, -2.194701
111.369335, 4.101113, -0.693334, -2.170092
111.469088, 4.100568, -0.694149, -2.134138
111.589069, 4.099816, -0.695389, -2.092250
111.689082, 4.099276, -0.696357, -2.061183
111.769071, 4.097695, -0.697276, -2.037559
111.869034, 4.097343, -0.698006, -2.001082
111.989035, 4.096707, -0.699450, -1.961986
112.089158, 4.096375, -0.700281, -1.931792
112.168929, 4.096095, -0.701041, -1.899678
112.268692, 4.095751, -0.702095, -1.868786
112.389138, 4.096518, -0.703342, -1.824899
112.489048, 4.095558, -0.707409, -1.768525
112.568712, 4.095153, -0.709503, -1.747756
112.668668, 4.094970, -0.710640, -1.703075
112.788825, 4.094782, -0.712249, -1.667994
112.888814, 4.095312, -0.712264, -1.629753
112.968535, 4.095247, -0.713627, -1.603573
113.088659, 4.095215, -0.715375, -1.556799
113.188579, 4.095257, -0.716525, -1.505137
113.288520, 4.095369, -0.717971, -1.476862
113.368492, 4.093707, -0.716176, -1.428406
113.468513, 4.093924, -0.717523, -1.379013
113.588445, 4.094218, -0.718899, -1.321417
113.688358, 4.094563, -0.720131, -1.275864
113.768383, 4.094970, -0.719857, -1.239185
113.888375, 4.095620, -0.721571, -1.177575
113.988332, 4.096010, -0.722471, -1.139003
114.088413, 4.096558, -0.723580, -1.080709
114.168442, 4.095495, -0.723085, -1.038574
114.268176, 4.096101, -0.724065, -0.987087
114.388233, 4.096773, -0.725051, -0.935774
114.488277, 4.097603, -0.726135, -0.891094
114.568111, 4.098145, -0.726793, -0.863168
114.688217, 4.098694, -0.728507, -0.812435
114.788185, 4.099528, -0.729360, -0.776831
114.888192, 4.100083, -0.729891, -0.735466
114.968035, 4.100851, -0.730568, -0.707017
115.087961, 4.101933, -0.731467, -0.669318
115.188079, 4.102642, -0.732015, -0.634761
115.288008, 4.101876, -0.733384, -0.597978
115.367588, 4.102797, -0.734002, -0.575812
115.487903, 4.103520, -0.734454, -0.533924
115.587844, 4.104335, -0.734919, -0.498320
115.687744, 4.105279, -0.735415, -0.468824
115.767685, 4.105890, -0.735718, -0.437408
115.867581, 4.106326, -0.737621, -0.403083
115.987319, 4.107549, -0.738122, -0.356832
116.087666, 4.108194, -0.738346, -0.302028
116.167565, 4.108889, -0.738551, -0.263282
116.287504, 4.114647, -0.741010, -0.195369
116.387512, 4.115445, -0.741154, -0.141787
116.486485, 4.116375, -0.741270, -0.092744
116.566382, 4.116886, -0.741306, -0.047540
116.686361, 4.120150, -0.741271, 0.017552
116.786285, 4.120917, -0.741239, 0.075148
116.887327, 4.121681, -0.741165, 0.131173
116.967199, 4.121610, -0.741251, 0.175912
117.087271, 4.122196, -0.741136, 0.243108
117.187247, 4.122978, -0.740926, 0.299482
117.287180, 4.123827, -0.740641, 0.358474
117.366134, 4.124927, -0.740190, 0.398612
117.486132, 4.125547, -0.739906, 0.465109
117.586045, 4.126262, -0.739524, 0.522355
117.686162, 4.126698, -0.739257, 0.579428
117.766989, 4.127094, -0.736638, 0.626829
117.866611, 4.127501, -0.736328, 0.682505
117.987017, 4.127989, -0.735914, 0.750049
118.086969, 4.128480, -0.735440, 0.805376
118.166056, 4.128103, -0.734397, 0.847909
118.265885, 4.128431, -0.734005, 0.904109
118.385738, 4.128761, -0.733560, 0.972700
118.485878, 4.128737, -0.731666, 1.027267
118.566002, 4.128926, -0.731332, 1.074216
118.686074, 4.129120, -0.730952, 1.142807
118.786769, 4.129341, -0.730444, 1.201625
118.886704, 4.130464, -0.729056, 1.259122
118.966646, 4.130577, -0.728689, 1.303454
119.086798, 4.130751, -0.727985, 1.370125
119.186535, 4.130824, -0.727565, 1.428768
119.285700, 4.129620, -0.726914, 1.481452
119.365713, 4.129867, -0.723469, 1.526307
119.485557, 4.129943, -0.713876, 1.604149
119.585516, 4.128420, -0.701532, 1.669243
119.685354, 4.126489, -0.686004, 1.735042
119.765451, 4.124047, -0.672839, 1.788449
119.866234, 4.118319, -0.655366, 1.850248
119.985265, 4.112251, -0.636402, 1.927566
120.086304, 4.107227, -0.623853, 1.993016
120.165467, 4.102771, -0.614404, 2.041885
120.285219, 4.095697, -0.598273, 2.123548
120.385137, 4.086435, -0.584155, 2.185158
120.485116, 4.076542, -0.570895, 2.250957
120.565193, 4.064874, -0.561171, 2.303048
120.685027, 4.050905, -0.546566, 2.377922
120.765324, 4.041055, -0.537497, 2.430980
120.885241, 4.023164, -0.523399, 2.507230
120.965975, 4.012099, -0.515561, 2.559415
121.085969, 3.994758, -0.504853, 2.634116
121.185016, 3.980145, -0.496115, 2.688094
121.285073, 3.964597, -0.489000, 2.743421
121.365066, 3.951890, -0.483911, 2.785309
121.485149, 3.932393, -0.477144, 2.837494
121.585090, 3.915622, -0.472202, 2.878510
121.685102, 3.900934, -0.466850, 2.917592
121.765809, 3.887350, -0.463893, 2.945867
121.884731, 3.866669, -0.460110, 2.983566
121.985787, 3.849288, -0.457546, 3.013935
122.085802, 3.831884, -0.455475, 3.038544
122.164798, 3.817876, -0.454119, 3.056521
122.284733, 3.797037, -0.452578, 3.081828
122.384724, 3.779407, -0.451629, 3.096140
122.484580, 3.761552, -0.450934, 3.112022
122.564586, 3.749067, -0.450705, 3.125769
122.684478, 3.727660, -0.450522, -3.139788
122.784605, 3.709919, -0.450622, -3.129316
122.884595, 3.691883, -0.450942, -3.114481
122.964534, 3.677689, -0.451392, -3.102613
123.084450, 3.656050, -0.452436, -3.082716
123.184422, 3.638179, -0.453624, -3.066834
123.284348, 3.619939, -0.455042, -3.059503
123.364212, 3.605620, -0.456269, -3.050253
123.484440, 3.583928, -0.458363, -3.040828
123.584296, 3.565903, -0.460256, -3.031578
123.684380, 3.550207, -0.459788, -3.028949
123.765358, 3.535674, -0.461455, -3.023364
123.885256, 3.514085, -0.464085, -3.015161
123.985159, 3.495987, -0.466461, -3.006260
124.084157, 3.477948, -0.468948, -3.001548
124.164290, 3.463343, -0.471048, -2.994915
124.284230, 3.441541, -0.474331, -2.987934
124.384087, 3.423341, -0.477191, -2.982000
124.484074, 3.405335, -0.480177, -2.969259
124.564069, 3.390805, -0.482751, -2.961929
124.684176, 3.368872, -0.486801, -2.953726
124.784165, 3.350694, -0.490279, -2.949537
124.884874, 3.333300, -0.489364, -2.942808
124.963989, 3.319054, -0.492283, -2.934605
125.083905, 3.297298, -0.496998, -2.920468
125.183888, 3.279381, -0.501099, -2.910694
125.283782, 3.261426, -0.505412, -2.900047
125.363892, 3.246979, -0.508989, -2.896731
125.483682, 3.225395, -0.514437, -2.890274
125.583798, 3.207367, -0.519158, -2.877882
125.683664, 3.189476, -0.524062, -2.868980
125.763679, 3.175156, -0.528121, -2.859207
125.884603, 3.154068, -0.534406, -2.837041
125.983722, 3.137373, -0.538413, -2.827764
126.083531, 3.119744, -0.544187, -2.818514
126.163595, 3.105537, -0.549034, -2.804900
126.283511, 3.084452, -0.556563, -2.789017
126.383491, 3.066837, -0.563152, -2.775578
126.483442, 3.049351, -0.569960, -2.762314
126.564427, 3.035628, -0.575498, -2.750620
126.683426, 3.014732, -0.584223, -2.738577
126.784371, 2.997537, -0.591627, -2.730898
126.883372, 2.980184, -0.599204, -2.727058
126.963232, 2.966375, -0.605305, -2.723393
127.083270, 2.945640, -0.614617, -2.715888
127.183124, 2.928979, -0.618936, -2.710470
127.283063, 2.912873, -0.626375, -2.706630
127.363149, 2.900170, -0.632332, -2.697206
127.483129, 2.879996, -0.642042, -2.689177
127.583059, 2.862855, -0.650382, -2.688130
127.684159, 2.845950, -0.658624, -2.687781
127.762924, 2.832266, -0.665297, -2.687781
127.883006, 2.812656, -0.674900, -2.684465
127.983032, 2.796439, -0.682899, -2.681847
128.082918, 2.780504, -0.690794, -2.682021
128.162820, 2.767885, -0.697024, -2.684639
128.282885, 2.749247, -0.706187, -2.684116
128.382861, 2.734144, -0.713646, -2.681672
128.482789, 2.722258, -0.721486, -2.683090
128.563716, 2.710595, -0.727245, -2.683962
128.683713, 2.693599, -0.735590, -2.685184
128.782727, 2.679629, -0.742457, -2.685009
128.882807, 2.665494, -0.749373, -2.687453
128.962663, 2.654613, -0.754691, -2.686929
129.082691, 2.637893, -0.762826, -2.690071
129.182582, 2.624040, -0.769542, -2.690944
129.282543, 2.610335, -0.776173, -2.691293
129.363587, 2.599354, -0.781480, -2.691816
129.482611, 2.583254, -0.789231, -2.696703
129.583428, 2.569829, -0.795558, -2.707350
129.683258, 2.555645, -0.802073, -2.719043
129.762195, 2.544666, -0.806979, -2.723930
129.882321, 2.534141, -0.811649, -2.728643
129.982269, 2.529478, -0.813651, -2.747143
130.082278, 2.526483, -0.814893, -2.747143
130.162128, 2.524715, -0.815637, -2.726025
130.282090, 2.522668, -0.816596, -2.667556
130.382035, 2.520520, -0.817734, -2.631253
130.482267, 2.518792, -0.818748, -2.575577
130.562327, 2.519229, -0.817069, -2.533180
130.681987, 2.517207, -0.818566, -2.468253
130.781926, 2.515740, -0.819803, -2.409959
130.881978, 2.514279, -0.821174, -2.354807
130.962104, 2.511751, -0.822718, -2.307920
131.081882, 2.510356, -0.824330, -2.244914
131.181939, 2.509273, -0.825757, -2.184700
131.281894, 2.508292, -0.827204, -2.131642
131.362927, 2.507594, -0.825323, -2.086250
131.482879, 2.506683, -0.827012, -2.027782
131.582811, 2.505999, -0.828481, -1.979087
131.681963, 2.505360, -0.830016, -1.942435
131.761768, 2.507002, -0.832677, -1.910448
131.881855, 2.506394, -0.834542, -1.864197
131.981706, 2.505994, -0.835936, -1.829988
132.081866, 2.505640, -0.837342, -1.792464
132.161761, 2.505384, -0.838552, -1.762619
132.281801, 2.505197, -0.839558, -1.727887
132.381467, 2.505197, -0.839558, -1.730156
132.481520, 2.505197, -0.839558, -1.731552
132.561543, 2.505197, -0.839558, -1.731203
132.681386, 2.505197, -0.839558, -1.731203
132.781438, 2.505197, -0.839558, -1.731203
132.881390, 2.505197, -0.839558, -1.731203
132.961367, 2.505197, -0.839558, -1.731203
133.081198, 2.505197, -0.839558, -1.731203
133.181063, 2.505197, -0.839558, -1.731203
133.281236, 2.505197, -0.839558, -1.731203
133.361408, 2.505197, -0.839558, -1.731203
133.481223, 2.505197, -0.839558, -1.731203
133.581309, 2.505197, -0.839558, -1.731203
133.681062, 2.505197, -0.839558, -1.731203
133.761314, 2.505197, -0.839558, -1.731203
133.881195, 2.505197, -0.839558, -1.731203
133.981071, 2.505197, -0.839558, -1.731203
134.081049, 2.505197, -0.839558, -1.731203
134.161002, 2.505197, -0.839558, -1.731203
134.260152, 2.505197, -0.839558, -1.731203
134.380967, 2.505197, -0.839558, -1.731203
134.480002, 2.505197, -0.839558, -1.731203
134.559965, 2.505197, -0.839558, -1.731203
134.679887, 2.505197, -0.839558, -1.731203
134.779978, 2.505197, -0.839558, -1.731203
134.880754, 2.505197, -0.839558, -1.731203
134.960699, 2.505197, -0.839558, -1.731203
135.080732, 2.505197, -0.839558, -1.731203
135.180670, 2.505197, -0.839558, -1.731203
135.280655, 2.505197, -0.839558, -1.731203
135.359661, 2.505197, -0.839558, -1.731203
135.479659, 2.505197, -0.839558, -1.731203
135.579628, 2.505197, -0.839558, -1.731203
135.679544, 2.505197, -0.839558, -1.731203
135.760455, 2.505197, -0.839558, -1.731203
135.879506, 2.505197, -0.839558, -1.731203
135.979532, 2.505197, -0.839558, -1.731203
136.079398, 2.505197, -0.839558, -1.731203
136.159480, 2.505197, -0.839558, -1.731203
136.280385, 2.505197, -0.839558, -1.731203
136.379415, 2.505197, -0.839558, -1.731203
136.479278, 2.505197, -0.839558, -1.731203
136.559363, 2.505197, -0.839558, -1.731203
136.679286, 2.505197, -0.839558, -1.731203
136.779230, 2.505197, -0.839558, -1.731203
136.879346, 2.505197, -0.839558, -1.731203
136.960286, 2.505197, -0.839558, -1.731203
137.080249, 2.505197, -0.839558, -1.731203
137.180305, 2.505197, -0.839558, -1.731203
137.279126, 2.505197, -0.839558, -1.731203
137.359062, 2.505197, -0.839558, -1.731203
137.479057, 2.505197, -0.839558, -1.731203
137.579141, 2.505197, -0.839558, -1.731203
137.679031, 2.505197, -0.839558, -1.731203
137.758978, 2.505197, -0.839558, -1.731203
137.878921, 2.505197, -0.839558, -1.731203
137.978928, 2.505197, -0.839558, -1.731203
138.079890, 2.505197, -0.839558, -1.731203
138.159010, 2.505197, -0.839558, -1.731203
138.278838, 2.505197, -0.839558, -1.731203
138.378752, 2.505197, -0.839558, -1.731203
138.478657, 2.505197, -0.839558, -1.731203
138.558844, 2.505197, -0.839558, -1.731203
138.678701, 2.505197, -0.839558, -1.731203
138.778629, 2.505197, -0.839558, -1.731203
138.878582, 2.505197, -0.839558, -1.731203
138.957623, 2.505197, -0.839558, -1.731203
139.078681, 2.505197, -0.839558, -1.731203
139.177460, 2.505197, -0.839558, -1.731203
139.277482, 2.505197, -0.839558, -1.731203
139.358376, 2.505197, -0.839558, -1.731203
139.477328, 2.505197, -0.839558, -1.731203
139.578472, 2.505197, -0.839558, -1.731203
139.678352, 2.505197, -0.839558, -1.731203
139.758237, 2.505197, -0.839558, -1.731203
139.878272, 2.505197, -0.839558, -1.731203
139.978182, 2.505197, -0.839558, -1.731203
140.077209, 2.505197, -0.839558, -1.731203
140.157332, 2.505197, -0.839558, -1.731203
140.277077, 2.505197, -0.839558, -1.731203
140.377240, 2.505197, -0.839558, -1.731203
140.477010, 2.505197, -0.839558, -1.731203
140.557009, 2.505197, -0.839558, -1.731203
140.676985, 2.505197, -0.839558, -1.731203
140.777105, 2.505197, -0.839558, -1.731203
140.877978, 2.505197, -0.839558, -1.731203
140.956863, 2.505197, -0.839558, -1.731203
141.077106, 2.505197, -0.839558, -1.731203
141.176778, 2.505197, -0.839558, -1.731203
141.276781, 2.505197, -0.839558, -1.731203
141.356685, 2.505197, -0.839558, -1.731203
141.496905, 2.505197, -0.839558, -1.731203
141.576762, 2.505197, -0.839558, -1.731203
141.676606, 2.505197, -0.839558, -1.731203
141.756567, 2.505197, -0.839558, -1.731203
141.877661, 2.505197, -0.839558, -1.731203
141.976494, 2.505197, -0.839558, -1.731203
142.076479, 2.505197, -0.839558, -1.731203
142.156441, 2.505197, -0.839558, -1.731203
142.276621, 2.505197, -0.839558, -1.731203
142.376328, 2.505197, -0.839558, -1.731203
142.476430, 2.505197, -0.839558, -1.731203
142.557385, 2.505197, -0.839558, -1.731203
142.677199, 2.505197, -0.839558, -1.731203
142.777270, 2.505197, -0.839558, -1.731203
142.876373, 2.505197, -0.839558, -1.731203
142.956394, 2.505197, -0.839558, -1.731203
143.076200, 2.505197, -0.839558, -1.731203
143.176349, 2.505197, -0.839558, -1.731203
143.276216, 2.505197, -0.839558, -1.731203
143.356222, 2.505197, -0.839558, -1.731203
143.476251, 2.505197, -0.839558, -1.731203
143.576243, 2.505197, -0.839558, -1.731203
143.676205, 2.505197, -0.839558, -1.731203
143.755973, 2.505197, -0.839558, -1.731203
143.874967, 2.505197, -0.839558, -1.731203
