  Time        X         Y         YAW
123.253000, 0.007092, -0.015456, -0.010537
123.360000, 0.007092, -0.015456, -0.010536
123.455000, 0.007092, -0.015456, -0.010534
123.566000, 0.007092, -0.015456, -0.010531
123.615000, 0.007092, -0.015456, -0.010528
123.755000, 0.007092, -0.015456, -0.010525
123.865000, 0.007092, -0.015456, -0.010523
123.967000, 0.007092, -0.015456, -0.010520
124.067000, 0.007092, -0.015456, -0.010517
124.155000, 0.007092, -0.015456, -0.010515
124.261000, 0.007092, -0.015456, -0.010514
124.360000, 0.007092, -0.015456, -0.010511
124.457000, 0.007092, -0.015456, -0.010509
124.548000, 0.007092, -0.015456, -0.010506
124.663000, 0.007092, -0.015456, -0.010505
124.764000, 0.007092, -0.015456, -0.010502
124.855000, 0.007092, -0.015456, -0.010499
124.965000, 0.007092, -0.015456, -0.010495
125.060000, 0.007092, -0.015456, -0.010493
125.167000, 0.007092, -0.015456, -0.010490
125.260000, 0.007092, -0.015456, -0.010487
125.361000, 0.007092, -0.015456, -0.010485
125.461000, 0.007092, -0.015456, -0.010484
125.556000, 0.007092, -0.015456, -0.010480
125.652000, 0.007092, -0.015456, -0.010478
125.763000, 0.007092, -0.015456, -0.010477
125.845000, 0.007092, -0.015456, -0.010476
125.961000, 0.007092, -0.015456, -0.010473
126.036000, 0.007092, -0.015456, -0.010471
126.163000, 0.007092, -0.015456, -0.010468
126.221000, 0.007092, -0.015456, -0.010467
126.360000, 0.007092, -0.015456, -0.010463
126.465000, 0.007092, -0.015456, -0.010460
126.565000, 0.007092, -0.015456, -0.010459
126.657000, 0.007287, -0.015458, -0.010493
126.767000, 0.010767, -0.015498, -0.012552
126.865000, 0.016916, -0.015583, -0.015080
126.941000, 0.024325, -0.015702, -0.016959
127.065000, 0.038138, -0.015957, -0.019919
127.163000, 0.054229, -0.016305, -0.023372
127.266000, 0.071519, -0.016741, -0.026804
127.352000, 0.089601, -0.017250, -0.029903
127.451000, 0.108192, -0.017835, -0.032603
127.563000, 0.130580, -0.018585, -0.033988
127.661000, 0.150568, -0.019279, -0.035756
127.767000, 0.171553, -0.020054, -0.037782
127.864000, 0.191139, -0.020801, -0.039188
127.960000, 0.216484, -0.020877, -0.046594
128.059000, 0.236059, -0.021855, -0.053017
128.162000, 0.257625, -0.023060, -0.058230
128.261000, 0.276591, -0.024196, -0.061143
128.356000, 0.295555, -0.025380, -0.063709
128.463000, 0.316709, -0.026771, -0.067198
128.567000, 0.337460, -0.028190, -0.068963
128.663000, 0.356613, -0.029531, -0.071192
128.729000, 0.372172, -0.030669, -0.075795
128.857000, 0.396295, -0.032591, -0.081745
128.962000, 0.411191, -0.034948, -0.091756
129.067000, 0.432096, -0.036951, -0.098872
129.164000, 0.451400, -0.038878, -0.098552
129.265000, 0.471700, -0.040887, -0.099856
129.364000, 0.491199, -0.042875, -0.103643
129.449000, 0.508900, -0.044753, -0.108176
129.564000, 0.531162, -0.047236, -0.113584
129.646000, 0.550433, -0.049466, -0.116518
129.765000, 0.571089, -0.051911, -0.119124
129.859000, 0.591343, -0.054347, -0.121085
129.950000, 0.604749, -0.059676, -0.122714
130.064000, 0.626376, -0.062412, -0.128594
130.164000, 0.646403, -0.065050, -0.133548
130.244000, 0.663642, -0.067411, -0.138332
130.359000, 0.684827, -0.070436, -0.146746
130.453000, 0.704008, -0.073347, -0.153423
130.564000, 0.725740, -0.076767, -0.158695
130.664000, 0.745083, -0.079929, -0.167230
130.769000, 0.765768, -0.083555, -0.180326
130.862000, 0.784046, -0.086999, -0.192089
130.955000, 0.802482, -0.090678, -0.201498
131.066000, 0.802087, -0.090428, -0.211977
131.155000, 0.819867, -0.094313, -0.217901
131.262000, 0.840556, -0.098940, -0.220888
131.353000, 0.858313, -0.102931, -0.221182
131.453000, 0.877824, -0.107325, -0.222985
131.566000, 0.899656, -0.112339, -0.228529
131.660000, 0.917961, -0.116625, -0.230680
131.763000, 0.938021, -0.121311, -0.227876
131.858000, 0.956928, -0.125657, -0.223592
131.967000, 0.977806, -0.130355, -0.219399
132.065000, 0.996943, -0.134589, -0.215749
132.165000, 1.044634, -0.136031, -0.212624
132.261000, 1.063412, -0.140034, -0.206279
132.357000, 1.082220, -0.143893, -0.198898
132.464000, 1.103403, -0.148119, -0.194523
132.556000, 1.121268, -0.151594, -0.189257
132.650000, 1.139742, -0.155080, -0.184078
132.756000, 1.160791, -0.158938, -0.177946
132.862000, 1.181470, -0.162593, -0.172327
132.957000, 1.201972, -0.166102, -0.166283
133.047000, 1.219338, -0.168964, -0.159962
133.151000, 1.240085, -0.172216, -0.150509
133.258000, 1.292047, -0.183702, -0.135811
133.362000, 1.312267, -0.186405, -0.131099
133.455000, 1.332299, -0.189008, -0.126945
133.556000, 1.351151, -0.191378, -0.123580
133.654000, 1.370208, -0.193714, -0.119881
133.753000, 1.391260, -0.196215, -0.117769
133.862000, 1.411519, -0.198613, -0.118466
133.962000, 1.431770, -0.201070, -0.122568
134.065000, 1.451815, -0.203568, -0.123826
134.156000, 1.469885, -0.205734, -0.114050
134.264000, 1.486132, -0.207327, -0.102583
134.365000, 1.506235, -0.209303, -0.093695
134.463000, 1.525751, -0.211112, -0.093679
134.559000, 1.544863, -0.212947, -0.098077
134.666000, 1.566354, -0.215112, -0.102454
134.759000, 1.585061, -0.216985, -0.093557
134.867000, 1.606182, -0.218808, -0.078955
134.952000, 1.623335, -0.220075, -0.068664
135.064000, 1.645490, -0.221484, -0.059550
135.166000, 1.665859, -0.222622, -0.051740
135.249000, 1.699350, -0.226357, -0.049273
135.354000, 1.720928, -0.227326, -0.041840
135.466000, 1.742711, -0.228185, -0.037195
135.566000, 1.762898, -0.228905, -0.033945
135.664000, 1.782288, -0.229538, -0.032412
135.758000, 1.801477, -0.230180, -0.035602
135.864000, 1.822462, -0.230985, -0.041439
135.962000, 1.841842, -0.231856, -0.046591
136.061000, 1.863812, -0.233001, -0.062560
136.151000, 1.881763, -0.234329, -0.088116
136.265000, 1.891128, -0.229444, -0.104815
136.358000, 1.909416, -0.231471, -0.115770
136.461000, 1.930062, -0.233996, -0.128282
136.559000, 1.949876, -0.236715, -0.144255
136.659000, 1.969252, -0.239670, -0.158918
136.752000, 1.988387, -0.242861, -0.170607
136.866000, 2.010045, -0.246728, -0.183221
136.967000, 2.029690, -0.250478, -0.193884
137.064000, 2.048703, -0.254331, -0.207124
137.151000, 2.066488, -0.258196, -0.220855
137.263000, 2.087530, -0.263071, -0.234249
137.367000, 2.107105, -0.270935, -0.245139
137.467000, 2.126485, -0.275876, -0.253897
137.566000, 2.145630, -0.280927, -0.261819
137.664000, 2.164536, -0.286097, -0.273963
137.755000, 2.182989, -0.291400, -0.284835
137.862000, 2.202729, -0.297289, -0.294833
137.967000, 2.219225, -0.302367, -0.302926
138.057000, 2.231232, -0.306188, -0.316719
138.155000, 2.244228, -0.310586, -0.334927
138.242000, 2.257945, -0.315466, -0.346763
138.355000, 2.270567, -0.320084, -0.354457
138.464000, 2.284861, -0.325427, -0.360595
138.565000, 2.298211, -0.330495, -0.363300
138.663000, 2.297153, -0.330444, -0.356809
138.761000, 2.310024, -0.335194, -0.349766
138.858000, 2.322659, -0.339776, -0.347790
138.962000, 2.336353, -0.344723, -0.343530
139.065000, 2.350083, -0.349568, -0.334434
139.161000, 2.362665, -0.353879, -0.325556
139.263000, 2.376202, -0.358427, -0.329669
139.354000, 2.385693, -0.361791, -0.357872
139.455000, 2.394007, -0.365141, -0.412817
139.560000, 2.402294, -0.369099, -0.478039
139.659000, 2.396672, -0.369899, -0.544866
139.762000, 2.406200, -0.376128, -0.610625
139.860000, 2.417427, -0.384555, -0.675017
139.961000, 2.430792, -0.396017, -0.741340
140.050000, 2.425900, -0.408047, -0.799210
140.144000, 2.439628, -0.423131, -0.866288
140.261000, 2.453263, -0.440390, -0.938624
140.366000, 2.479415, -0.450753, -1.008422
140.453000, 2.488175, -0.465553, -1.064921
140.565000, 2.498304, -0.485526, -1.138654
140.665000, 2.506082, -0.503948, -1.204469
140.766000, 2.512855, -0.516976, -1.270749
140.857000, 2.517716, -0.534512, -1.330628
140.950000, 2.521591, -0.552701, -1.391789
141.061000, 2.526679, -0.573439, -1.463343
141.143000, 2.528003, -0.589784, -1.517298
141.264000, 2.528342, -0.614375, -1.596715
141.362000, 2.527170, -0.631239, -1.658704
141.453000, 2.525043, -0.649715, -1.710806
141.564000, 2.521386, -0.671203, -1.768707
141.651000, 2.517568, -0.688177, -1.815865
141.755000, 2.511598, -0.709557, -1.868348
141.854000, 2.509669, -0.727226, -1.906780
141.966000, 2.501800, -0.748196, -1.953317
142.050000, 2.495007, -0.764215, -1.990695
142.159000, 2.485954, -0.783383, -2.033259
142.256000, 2.476977, -0.800580, -2.070415
142.366000, 2.465394, -0.818285, -2.113213
142.461000, 2.454895, -0.835071, -2.143925
142.562000, 2.443932, -0.851559, -2.171930
142.665000, 2.432149, -0.868211, -2.202428
142.747000, 2.421337, -0.882601, -2.225829
142.866000, 2.407730, -0.899888, -2.248302
142.957000, 2.396224, -0.913989, -2.263181
143.067000, 2.382032, -0.930799, -2.279539
143.147000, 2.370881, -0.943631, -2.294894
143.250000, 2.354438, -0.961468, -2.320386
143.359000, 2.340090, -0.976471, -2.348020
143.459000, 2.327975, -0.988638, -2.355285
143.563000, 2.315485, -1.001151, -2.355280
143.650000, 2.305130, -1.011472, -2.363581
143.760000, 2.291691, -1.024475, -2.383365
143.858000, 2.279484, -1.035812, -2.403063
143.954000, 2.267317, -1.046688, -2.416035
144.055000, 2.254489, -1.058101, -2.415442
144.166000, 2.240348, -1.070596, -2.420849
144.247000, 2.229584, -1.079979, -2.430126
144.362000, 2.215079, -1.092314, -2.442356
144.461000, 2.202025, -1.103203, -2.450110
144.564000, 2.188625, -1.114208, -2.458358
144.657000, 2.175792, -1.124563, -2.468403
144.757000, 2.162814, -1.134737, -2.482332
144.864000, 2.148519, -1.145708, -2.491542
144.963000, 2.125429, -1.153124, -2.502072
145.061000, 2.111861, -1.163081, -2.515362
145.153000, 2.101549, -1.170460, -2.525564
145.264000, 2.094447, -1.175484, -2.520743
145.358000, 2.092704, -1.176748, -2.488162
145.458000, 2.092704, -1.176748, -2.429711
145.558000, 2.092704, -1.176748, -2.361990
145.661000, 2.094134, -1.175026, -2.295587
145.762000, 2.094134, -1.175026, -2.229113
145.856000, 2.094134, -1.175026, -2.161444
145.958000, 2.094134, -1.175026, -2.102936
146.062000, 2.094134, -1.175026, -2.049320
146.161000, 2.092535, -1.175306, -1.995063
146.267000, 2.092535, -1.175306, -1.947400
146.364000, 2.092535, -1.175306, -1.907375
146.467000, 2.092535, -1.175306, -1.867050
146.557000, 2.092535, -1.175306, -1.829538
146.661000, 2.092535, -1.175306, -1.789747
146.759000, 2.092535, -1.175306, -1.774746
146.854000, 2.092535, -1.175306, -1.774829
146.960000, 2.092535, -1.175306, -1.774827
147.062000, 2.092535, -1.175306, -1.774825
147.166000, 2.092535, -1.175306, -1.774822
147.253000, 2.092535, -1.175306, -1.774820
147.357000, 2.092535, -1.175306, -1.774818
147.449000, 2.092535, -1.175306, -1.774814
147.562000, 2.092535, -1.175306, -1.774810
147.666000, 2.092535, -1.175306, -1.774808
147.760000, 2.092535, -1.175306, -1.774807
147.867000, 2.092535, -1.175306, -1.774803
147.965000, 2.092535, -1.175306, -1.774800
148.066000, 2.092535, -1.175306, -1.774796
148.166000, 2.092535, -1.175306, -1.774794
148.253000, 2.092535, -1.175306, -1.774790
148.361000, 2.092535, -1.175306, -1.774787
148.463000, 2.092535, -1.175306, -1.774786
148.563000, 2.092535, -1.175306, -1.774785
148.664000, 2.092535, -1.175306, -1.774781
148.747000, 2.092535, -1.175306, -1.774780
148.866000, 2.092535, -1.175306, -1.774778
148.964000, 2.092535, -1.175306, -1.774776
149.061000, 2.092535, -1.175306, -1.774772
149.166000, 2.092535, -1.175306, -1.774769
149.243000, 2.092535, -1.175306, -1.774768
149.346000, 2.092535, -1.175306, -1.774764
149.453000, 2.092535, -1.175306, -1.774762
149.532000, 2.092535, -1.175306, -1.774761
149.660000, 2.092535, -1.175306, -1.774757
149.758000, 2.092535, -1.175306, -1.774754
149.862000, 2.092535, -1.175306, -1.774752
149.965000, 2.092535, -1.175306, -1.774750
150.048000, 2.092535, -1.175306, -1.774747
150.163000, 2.092535, -1.175306, -1.774743
150.260000, 2.092535, -1.175306, -1.774740
150.357000, 2.092535, -1.175306, -1.774739
150.454000, 2.092535, -1.175306, -1.774734
150.562000, 2.092535, -1.175306, -1.774732
150.661000, 2.092535, -1.175306, -1.774730
150.753000, 2.092535, -1.175306, -1.774728
150.864000, 2.092535, -1.175306, -1.774725
150.960000, 2.092535, -1.175306, -1.774721
151.063000, 2.092535, -1.175306, -1.774720
151.165000, 2.092535, -1.175306, -1.774717
151.264000, 2.092535, -1.175306, -1.774714
151.356000, 2.092535, -1.175306, -1.774711
151.461000, 2.092535, -1.175306, -1.774709
151.543000, 2.092535, -1.175306, -1.774705
151.663000, 2.092535, -1.175306, -1.774703
151.742000, 2.092535, -1.175306, -1.774701
151.864000, 2.092535, -1.175306, -1.774698
151.957000, 2.092535, -1.175306, -1.774695
152.052000, 2.092535, -1.175306, -1.774694
152.164000, 2.092535, -1.175306, -1.774692
152.256000, 2.092535, -1.175306, -1.774688
152.360000, 2.092535, -1.175306, -1.774683
152.461000, 2.092535, -1.175306, -1.774681
152.563000, 2.092535, -1.175306, -1.774678
152.662000, 2.092535, -1.175306, -1.774674
152.759000, 2.092535, -1.175306, -1.774672
152.854000, 2.092535, -1.175306, -1.774670
152.960000, 2.092535, -1.175306, -1.774667
153.059000, 2.092535, -1.175306, -1.774662
153.163000, 2.092535, -1.175306, -1.774660
153.255000, 2.092535, -1.175306, -1.774659
153.365000, 2.092535, -1.175306, -1.774657
153.467000, 2.092535, -1.175306, -1.774654
153.558000, 2.092535, -1.175306, -1.774652
153.664000, 2.092535, -1.175306, -1.774651
153.762000, 2.092535, -1.175306, -1.774648
153.853000, 2.092535, -1.175306, -1.774646
153.967000, 2.092535, -1.175306, -1.774644
154.056000, 2.092535, -1.175306, -1.774643
154.158000, 2.092535, -1.175306, -1.774639
154.257000, 2.092535, -1.175306, -1.774637
154.355000, 2.092535, -1.175306, -1.774636
154.466000, 2.092535, -1.175306, -1.774634
154.561000, 2.092535, -1.175306, -1.774631
154.665000, 2.092535, -1.175306, -1.774629
154.767000, 2.092535, -1.175306, -1.774627
154.862000, 2.092535, -1.175306, -1.774624
154.961000, 2.092535, -1.175306, -1.774622
155.061000, 2.092535, -1.175306, -1.774620
155.151000, 2.092535, -1.175306, -1.774617
155.250000, 2.092535, -1.175306, -1.774616
155.360000, 2.092535, -1.175306, -1.774613
155.456000, 2.092535, -1.175306, -1.774611
155.566000, 2.092535, -1.175306, -1.774607
155.661000, 2.092535, -1.175306, -1.774604
155.757000, 2.092535, -1.175306, -1.774602
155.863000, 2.092535, -1.175306, -1.774601
155.961000, 2.092535, -1.175306, -1.774598
156.061000, 2.092535, -1.175306, -1.774595
156.154000, 2.092535, -1.175306, -1.774591
156.261000, 2.092535, -1.175306, -1.774589
156.350000, 2.092535, -1.175306, -1.774587
156.468000, 2.092535, -1.175306, -1.774585
156.558000, 2.092535, -1.175306, -1.774581
156.667000, 2.092535, -1.175306, -1.774579
156.760000, 2.092535, -1.175306, -1.774578
156.863000, 2.092535, -1.175306, -1.774575
156.966000, 2.092535, -1.175306, -1.774572
157.066000, 2.092535, -1.175306, -1.774571
157.156000, 2.092535, -1.175306, -1.774571
157.255000, 2.092535, -1.175306, -1.774567
157.358000, 2.092535, -1.175306, -1.774563
157.458000, 2.092535, -1.175306, -1.774561
157.561000, 2.092535, -1.175306, -1.774559
157.657000, 2.092535, -1.175306, -1.774556
157.761000, 2.092535, -1.175306, -1.774552
157.858000, 2.092535, -1.175306, -1.774549
157.956000, 2.092535, -1.175306, -1.774547
158.064000, 2.092535, -1.175306, -1.774543
158.159000, 2.092535, -1.175306, -1.774540
158.255000, 2.092535, -1.175306, -1.774539
158.367000, 2.092535, -1.175306, -1.774535
158.458000, 2.092535, -1.175306, -1.774532
158.544000, 2.092535, -1.175306, -1.774530
158.660000, 2.092535, -1.175306, -1.774529
158.763000, 2.092535, -1.175306, -1.774527
158.864000, 2.092535, -1.175306, -1.774524
158.963000, 2.092535, -1.175306, -1.774521
159.066000, 2.092535, -1.175306, -1.774519
159.161000, 2.092535, -1.175306, -1.774516
159.267000, 2.092535, -1.175306, -1.774512
159.363000, 2.092535, -1.175306, -1.774510
159.464000, 2.092535, -1.175306, -1.774509
159.562000, 2.092535, -1.175306, -1.774505
159.650000, 2.092535, -1.175306, -1.774502
159.753000, 2.092535, -1.175306, -1.774501
159.861000, 2.092535, -1.175306, -1.774497
159.964000, 2.092535, -1.175306, -1.774492
160.062000, 2.092535, -1.175306, -1.774489
160.166000, 2.092535, -1.175306, -1.774488
160.260000, 2.092535, -1.175306, -1.774484
160.364000, 2.092535, -1.175306, -1.774482
160.463000, 2.092535, -1.175306, -1.774480
160.565000, 2.092535, -1.175306, -1.774477
160.645000, 2.092535, -1.175306, -1.774475
160.756000, 2.092535, -1.175306, -1.774473
160.865000, 2.092535, -1.175306, -1.774469
160.964000, 2.092535, -1.175306, -1.774465
161.057000, 2.092535, -1.175306, -1.774462
161.154000, 2.092535, -1.175306, -1.774461
161.265000, 2.092535, -1.175306, -1.774458
161.364000, 2.092535, -1.175306, -1.774455
161.466000, 2.092535, -1.175306, -1.774452
161.567000, 2.092535, -1.175306, -1.774451
161.663000, 2.092535, -1.175306, -1.774448
161.762000, 2.092535, -1.175306, -1.774445
161.851000, 2.092535, -1.175306, -1.774443
161.962000, 2.092535, -1.175306, -1.774441
162.067000, 2.092535, -1.175306, -1.774437
162.161000, 2.092535, -1.175306, -1.774435
162.267000, 2.092535, -1.175306, -1.774433
162.362000, 2.092535, -1.175306, -1.774431
162.459000, 2.092535, -1.175306, -1.774427
162.560000, 2.092535, -1.175306, -1.774424
162.644000, 2.092535, -1.175306, -1.774423
162.766000, 2.092535, -1.175306, -1.774420
162.860000, 2.092535, -1.175306, -1.774417
162.967000, 2.092535, -1.175306, -1.774412
163.067000, 2.092535, -1.175306, -1.774409
163.157000, 2.092535, -1.175306, -1.774407
163.267000, 2.092535, -1.175306, -1.774405
163.345000, 2.092535, -1.175306, -1.774402
163.464000, 2.092535, -1.175306, -1.774399
163.556000, 2.092535, -1.175306, -1.774396
163.661000, 2.092535, -1.175306, -1.774393
163.764000, 2.092535, -1.175306, -1.774391
163.838000, 2.092535, -1.175306, -1.774388
163.967000, 2.092535, -1.175306, -1.774383
164.062000, 2.092535, -1.175306, -1.774380
164.162000, 2.092535, -1.175306, -1.774379
164.263000, 2.092535, -1.175306, -1.774376
164.361000, 2.092535, -1.175306, -1.774374
164.464000, 2.092535, -1.175306, -1.774371
164.566000, 2.092535, -1.175306, -1.774369
164.662000, 2.092535, -1.175306, -1.774366
164.760000, 2.092535, -1.175306, -1.774363
164.867000, 2.092535, -1.175306, -1.774361
164.960000, 2.092535, -1.175306, -1.774358
165.061000, 2.092535, -1.175306, -1.774356
165.154000, 2.092535, -1.175306, -1.774354
165.265000, 2.092535, -1.175306, -1.774352
165.362000, 2.092535, -1.175306, -1.774348
165.463000, 2.092535, -1.175306, -1.774346
165.560000, 2.092535, -1.175306, -1.774343
165.665000, 2.092535, -1.175306, -1.774341
165.766000, 2.092535, -1.175306, -1.774337
165.866000, 2.092535, -1.175306, -1.774335
165.966000, 2.092535, -1.175306, -1.774333
166.063000, 2.092535, -1.175306, -1.774331
166.161000, 2.092535, -1.175306, -1.774327
166.265000, 2.092535, -1.175306, -1.774324
166.365000, 2.092535, -1.175306, -1.774323
166.456000, 2.092535, -1.175306, -1.774320
166.554000, 2.092535, -1.175306, -1.774317
166.667000, 2.092535, -1.175306, -1.774315
166.758000, 2.092535, -1.175306, -1.774313
166.864000, 2.092535, -1.175306, -1.774307
166.965000, 2.092535, -1.175306, -1.774304
167.065000, 2.092535, -1.175306, -1.774302
167.160000, 2.092535, -1.175306, -1.774298
167.259000, 2.092225, -1.176805, -1.775569
167.359000, 2.091232, -1.181531, -1.780296
167.465000, 2.089604, -1.189052, -1.787755
167.559000, 2.087417, -1.198738, -1.797940
167.664000, 2.084107, -1.212660, -1.809937
167.756000, 2.080483, -1.227231, -1.818037
167.859000, 2.075582, -1.246487, -1.821597
167.947000, 2.070944, -1.264500, -1.824074
168.055000, 2.065651, -1.284615, -1.832412
168.151000, 2.060497, -1.303318, -1.846051
168.261000, 2.054452, -1.324471, -1.848332
168.359000, 2.049224, -1.342945, -1.844345
168.467000, 2.043440, -1.363756, -1.839731
168.561000, 2.035660, -1.380721, -1.832147
168.662000, 2.029921, -1.402374, -1.829685
168.764000, 2.025436, -1.419289, -1.831277
168.863000, 2.021987, -1.431896, -1.848907
168.954000, 2.019970, -1.438640, -1.881024
169.062000, 2.019144, -1.441084, -1.935060
169.166000, 2.019144, -1.441084, -1.991252
169.258000, 2.013962, -1.440020, -2.041983
169.358000, 2.013345, -1.441186, -2.078394
169.466000, 2.013345, -1.441186, -2.077872
169.565000, 2.013345, -1.441186, -2.077869
169.653000, 2.013345, -1.441186, -2.077868
169.758000, 2.013345, -1.441186, -2.077866
169.863000, 2.013345, -1.441186, -2.077864
169.966000, 2.013345, -1.441186, -2.077862
170.041000, 2.013345, -1.441186, -2.077861
170.154000, 2.013345, -1.441186, -2.077857
170.238000, 2.013345, -1.441186, -2.077854
170.339000, 2.013345, -1.441186, -2.077851
170.432000, 2.013345, -1.441186, -2.077848
170.559000, 2.013345, -1.441186, -2.077847
170.624000, 2.013345, -1.441186, -2.077845
170.759000, 2.013345, -1.441186, -2.077841
170.858000, 2.013345, -1.441186, -2.077838
170.965000, 2.013345, -1.441186, -2.077836
171.067000, 2.013345, -1.441186, -2.077833
171.167000, 2.013345, -1.441186, -2.077830
171.266000, 2.013345, -1.441186, -2.077829
171.362000, 2.013345, -1.441186, -2.077825
171.452000, 2.013345, -1.441186, -2.077823
171.560000, 2.013345, -1.441186, -2.077820
171.655000, 2.013345, -1.441186, -2.077820
171.763000, 2.013345, -1.441186, -2.077818
171.867000, 2.013345, -1.441186, -2.077815
171.963000, 2.013345, -1.441186, -2.077812
172.058000, 2.013345, -1.441186, -2.077811
172.154000, 2.013345, -1.441186, -2.077808
172.267000, 2.013345, -1.441186, -2.077805
172.359000, 2.013345, -1.441186, -2.077803
172.465000, 2.013345, -1.441186, -2.077800
172.564000, 2.013345, -1.441186, -2.077801
172.661000, 2.013345, -1.441186, -2.077799
172.759000, 2.013345, -1.441186, -2.077797
172.853000, 2.013345, -1.441186, -2.077793
172.961000, 2.013345, -1.441186, -2.077790
173.067000, 2.013345, -1.441186, -2.077788
173.161000, 2.013345, -1.441186, -2.077785
173.265000, 2.013345, -1.441186, -2.077781
173.357000, 2.013345, -1.441186, -2.077778
173.458000, 2.013345, -1.441186, -2.077778
173.565000, 2.013345, -1.441186, -2.077776
173.667000, 2.013345, -1.441186, -2.077774
173.762000, 2.013345, -1.441186, -2.077772
173.859000, 2.013345, -1.441186, -2.077771
173.963000, 2.013345, -1.441186, -2.077769
174.065000, 2.013345, -1.441186, -2.077767
174.165000, 2.013345, -1.441186, -2.077765
174.265000, 2.013345, -1.441186, -2.077762
174.359000, 2.013345, -1.441186, -2.077762
174.460000, 2.013345, -1.441186, -2.077761
174.560000, 2.013345, -1.441186, -2.077758
174.655000, 2.013345, -1.441186, -2.077756
174.765000, 2.013345, -1.441186, -2.077755
174.864000, 2.013345, -1.441186, -2.077753
174.961000, 2.013345, -1.441186, -2.077750
175.058000, 2.013345, -1.441186, -2.077748
175.153000, 2.013345, -1.441186, -2.077745
175.265000, 2.013345, -1.441186, -2.077742
175.357000, 2.013345, -1.441186, -2.077741
175.454000, 2.013345, -1.441186, -2.077739
175.559000, 2.013345, -1.441186, -2.077736
175.659000, 2.013345, -1.441186, -2.077733
175.765000, 2.013345, -1.441186, -2.077731
175.864000, 2.013345, -1.441186, -2.077730
175.958000, 2.013345, -1.441186, -2.077727
176.067000, 2.013345, -1.441186, -2.077724
176.163000, 2.013345, -1.441186, -2.077722
176.261000, 2.013345, -1.441186, -2.077721
176.361000, 2.013345, -1.441186, -2.077716
176.460000, 2.013345, -1.441186, -2.077712
176.556000, 2.013345, -1.441186, -2.077711
176.655000, 2.013345, -1.441186, -2.077709
176.760000, 2.013345, -1.441186, -2.077706
176.853000, 2.013345, -1.441186, -2.077703
176.959000, 2.013345, -1.441186, -2.077702
177.063000, 2.013345, -1.441186, -2.077700
177.159000, 2.013345, -1.441186, -2.077697
177.261000, 2.013345, -1.441186, -2.077696
177.366000, 2.013345, -1.441186, -2.077693
177.464000, 2.013345, -1.441186, -2.077692
177.559000, 2.013345, -1.441186, -2.077689
177.657000, 2.013345, -1.441186, -2.077686
177.765000, 2.013345, -1.441186, -2.077684
177.863000, 2.013345, -1.441186, -2.077682
177.964000, 2.013345, -1.441186, -2.077679
178.057000, 2.013345, -1.441186, -2.077676
178.153000, 2.013345, -1.441186, -2.077675
178.260000, 2.013345, -1.441186, -2.077672
178.362000, 2.013345, -1.441186, -2.077669
178.458000, 2.013345, -1.441186, -2.077666
178.565000, 2.013345, -1.441186, -2.077665
178.667000, 2.013345, -1.441186, -2.077663
178.762000, 2.013345, -1.441186, -2.077658
178.867000, 2.013345, -1.441186, -2.077656
178.958000, 2.013345, -1.441186, -2.077655
179.064000, 2.013345, -1.441186, -2.077652
179.166000, 2.013345, -1.441186, -2.077649
179.266000, 2.013345, -1.441186, -2.077647
179.353000, 2.013345, -1.441186, -2.077647
179.455000, 2.013345, -1.441186, -2.077644
179.568000, 2.013345, -1.441186, -2.077640
179.662000, 2.013345, -1.441186, -2.077640
179.762000, 2.013345, -1.441186, -2.077639
179.846000, 2.013345, -1.441186, -2.077638
179.963000, 2.013345, -1.441186, -2.077636
180.062000, 2.013345, -1.441186, -2.077634
180.161000, 2.013345, -1.441186, -2.077633
180.266000, 2.013345, -1.441186, -2.077629
180.359000, 2.013345, -1.441186, -2.077625
180.460000, 2.013345, -1.441186, -2.077624
180.565000, 2.013345, -1.441186, -2.077622
180.662000, 2.013345, -1.441186, -2.077619
180.764000, 2.013345, -1.441186, -2.077616
180.849000, 2.013345, -1.441186, -2.077614
180.958000, 2.013345, -1.441186, -2.077612
181.067000, 2.013345, -1.441186, -2.077610
181.161000, 2.013345, -1.441186, -2.077606
181.262000, 2.013345, -1.441186, -2.077603
181.362000, 2.013345, -1.441186, -2.077602
181.463000, 2.013345, -1.441186, -2.077598
181.565000, 2.013345, -1.441186, -2.077594
181.663000, 2.013345, -1.441186, -2.077592
181.758000, 2.013345, -1.441186, -2.077590
181.854000, 2.013345, -1.441186, -2.077587
181.956000, 2.013345, -1.441186, -2.077584
182.064000, 2.013345, -1.441186, -2.077581
182.167000, 2.013345, -1.441186, -2.077579
182.265000, 2.013345, -1.441186, -2.077577
182.363000, 2.013345, -1.441186, -2.077573
182.462000, 2.013345, -1.441186, -2.077572
182.556000, 2.013345, -1.441186, -2.077570
182.657000, 2.013345, -1.441186, -2.077569
182.771000, 2.013345, -1.441186, -2.077565
182.858000, 2.013345, -1.441186, -2.077563
182.957000, 2.013345, -1.441186, -2.077561
183.062000, 2.013345, -1.441186, -2.077558
183.163000, 2.013345, -1.441186, -2.077556
183.252000, 2.013345, -1.441186, -2.077553
183.360000, 2.013345, -1.441186, -2.077553
183.465000, 2.013345, -1.441186, -2.077550
183.563000, 2.013345, -1.441186, -2.077547
183.656000, 2.013345, -1.441186, -2.077544
183.762000, 2.013345, -1.441186, -2.077542
183.854000, 2.013345, -1.441186, -2.077541
183.951000, 2.013345, -1.441186, -2.077540
184.062000, 2.013345, -1.441186, -2.077537
184.150000, 2.013345, -1.441186, -2.077533
184.266000, 2.013345, -1.441186, -2.077530
184.365000, 2.013345, -1.441186, -2.077528
184.460000, 2.013345, -1.441186, -2.077525
184.564000, 2.013345, -1.441186, -2.077522
184.657000, 2.013345, -1.441186, -2.070907
184.757000, 2.013345, -1.441186, -2.008951
184.857000, 2.013345, -1.441186, -1.909524
184.957000, 2.024805, -1.441025, -1.808748
185.061000, 2.024805, -1.441025, -1.703267
185.167000, 2.031023, -1.443425, -1.602838
185.262000, 2.031023, -1.443425, -1.509235
185.355000, 2.032672, -1.441414, -1.415199
185.465000, 2.032672, -1.441414, -1.309949
185.560000, 2.019191, -1.438980, -1.214667
185.664000, 2.019191, -1.438980, -1.110929
185.763000, 2.019191, -1.438980, -1.011208
185.864000, 2.015846, -1.438705, -0.913217
185.960000, 2.015846, -1.438705, -0.817605
186.056000, 2.011767, -1.437797, -0.721423
186.167000, 2.011767, -1.437797, -0.683442
186.258000, 2.011767, -1.437797, -0.683594
186.360000, 2.011767, -1.437797, -0.683591
186.463000, 2.011767, -1.437797, -0.683587
186.553000, 2.011767, -1.437797, -0.683585
186.664000, 2.011767, -1.437797, -0.683583
186.759000, 2.011767, -1.437797, -0.683580
186.861000, 2.011767, -1.437797, -0.683577
186.963000, 2.011767, -1.437797, -0.683575
187.063000, 2.011767, -1.437797, -0.683572
187.153000, 2.011767, -1.437797, -0.683570
187.255000, 2.011767, -1.437797, -0.683567
187.360000, 2.011767, -1.437797, -0.683566
187.457000, 2.011767, -1.437797, -0.683565
187.563000, 2.011767, -1.437797, -0.683563
187.661000, 2.011767, -1.437797, -0.683561
187.755000, 2.011767, -1.437797, -0.683558
187.866000, 2.011767, -1.437797, -0.683554
187.958000, 2.011767, -1.437797, -0.683552
188.064000, 2.011767, -1.437797, -0.683549
188.156000, 2.011767, -1.437797, -0.683545
188.265000, 2.011767, -1.437797, -0.683544
188.362000, 2.011767, -1.437797, -0.683541
188.457000, 2.011767, -1.437797, -0.683537
188.563000, 2.011767, -1.437797, -0.683534
188.658000, 2.011767, -1.437797, -0.683534
188.761000, 2.011767, -1.437797, -0.683531
188.860000, 2.011767, -1.437797, -0.683529
188.957000, 2.011767, -1.437797, -0.683525
189.041000, 2.011767, -1.437797, -0.683524
189.164000, 2.011767, -1.437797, -0.683521
189.257000, 2.011767, -1.437797, -0.683519
189.367000, 2.011767, -1.437797, -0.683517
189.460000, 2.011767, -1.437797, -0.683514
189.559000, 2.011767, -1.437797, -0.683511
189.662000, 2.011767, -1.437797, -0.683509
189.759000, 2.011767, -1.437797, -0.683508
189.865000, 2.011767, -1.437797, -0.683503
189.964000, 2.011767, -1.437797, -0.683502
190.064000, 2.011767, -1.437797, -0.683501
190.167000, 2.011767, -1.437797, -0.683497
190.265000, 2.011767, -1.437797, -0.683493
190.356000, 2.011767, -1.437797, -0.683493
190.462000, 2.011767, -1.437797, -0.683491
190.566000, 2.011767, -1.437797, -0.683487
190.663000, 2.011767, -1.437797, -0.683485
190.766000, 2.011767, -1.437797, -0.683483
190.865000, 2.011767, -1.437797, -0.683481
190.960000, 2.011767, -1.437797, -0.683478
191.056000, 2.011767, -1.437797, -0.683478
191.158000, 2.011767, -1.437797, -0.683476
191.267000, 2.011767, -1.437797, -0.683474
191.363000, 2.011767, -1.437797, -0.683470
191.466000, 2.011767, -1.437797, -0.683468
191.550000, 2.011767, -1.437797, -0.683467
191.667000, 2.011767, -1.437797, -0.683464
191.754000, 2.011767, -1.437797, -0.683460
191.862000, 2.011767, -1.437797, -0.683459
191.956000, 2.011767, -1.437797, -0.683458
192.056000, 2.011767, -1.437797, -0.683455
192.163000, 2.011767, -1.437797, -0.683452
192.264000, 2.011767, -1.437797, -0.683447
192.362000, 2.011767, -1.437797, -0.683444
192.465000, 2.011767, -1.437797, -0.683441
192.558000, 2.011767, -1.437797, -0.683437
192.661000, 2.011767, -1.437797, -0.683435
192.762000, 2.011767, -1.437797, -0.683434
192.859000, 2.011767, -1.437797, -0.683431
192.954000, 2.011767, -1.437797, -0.683430
193.058000, 2.011767, -1.437797, -0.683427
193.147000, 2.011767, -1.437797, -0.683424
193.267000, 2.011767, -1.437797, -0.683422
193.357000, 2.011767, -1.437797, -0.683419
193.454000, 2.011767, -1.437797, -0.683416
193.537000, 2.011767, -1.437797, -0.683413
193.657000, 2.011767, -1.437797, -0.683411
193.761000, 2.011767, -1.437797, -0.683409
193.865000, 2.011767, -1.437797, -0.683405
193.964000, 2.011767, -1.437797, -0.683401
194.067000, 2.011767, -1.437797, -0.683399
194.152000, 2.011767, -1.437797, -0.683398
194.262000, 2.011767, -1.437797, -0.683392
194.357000, 2.011767, -1.437797, -0.683390
194.456000, 2.011767, -1.437797, -0.683389
194.553000, 2.011767, -1.437797, -0.683386
194.661000, 2.011767, -1.437797, -0.683383
194.756000, 2.011767, -1.437797, -0.683381
194.851000, 2.011767, -1.437797, -0.683380
194.957000, 2.011767, -1.437797, -0.683378
195.052000, 2.011767, -1.437797, -0.683375
195.157000, 2.011767, -1.437797, -0.683371
195.262000, 2.011767, -1.437797, -0.683369
195.363000, 2.011767, -1.437797, -0.683366
195.467000, 2.011767, -1.437797, -0.683363
195.555000, 2.011767, -1.437797, -0.683362
195.662000, 2.011767, -1.437797, -0.683360
195.756000, 2.011767, -1.437797, -0.683357
195.855000, 2.011767, -1.437797, -0.683355
195.963000, 2.011767, -1.437797, -0.683353
196.060000, 2.011767, -1.437797, -0.683350
196.162000, 2.011767, -1.437797, -0.683348
196.267000, 2.011767, -1.437797, -0.683344
196.356000, 2.011767, -1.437797, -0.683341
196.465000, 2.011767, -1.437797, -0.683339
196.554000, 2.011767, -1.437797, -0.683337
196.666000, 2.011767, -1.437797, -0.683333
196.766000, 2.011767, -1.437797, -0.683331
196.864000, 2.011767, -1.437797, -0.683329
196.965000, 2.011767, -1.437797, -0.683326
197.063000, 2.011767, -1.437797, -0.683323
197.158000, 2.011767, -1.437797, -0.683322
197.259000, 2.011767, -1.437797, -0.683320
197.362000, 2.011767, -1.437797, -0.683317
197.460000, 2.011767, -1.437797, -0.683313
197.563000, 2.011767, -1.437797, -0.683311
197.654000, 2.011767, -1.437797, -0.683309
197.764000, 2.011767, -1.437797, -0.683305
197.851000, 2.011767, -1.437797, -0.683303
197.961000, 2.011767, -1.437797, -0.683300
198.064000, 2.011767, -1.437797, -0.683297
198.159000, 2.011767, -1.437797, -0.683296
198.261000, 2.011767, -1.437797, -0.683293
198.361000, 2.011767, -1.437797, -0.683290
198.462000, 2.011767, -1.437797, -0.683287
198.564000, 2.011767, -1.437797, -0.683286
198.666000, 2.011767, -1.437797, -0.683284
198.749000, 2.011767, -1.437797, -0.683281
198.848000, 2.011767, -1.437797, -0.683279
198.960000, 2.011767, -1.437797, -0.683277
199.065000, 2.011767, -1.437797, -0.683273
199.165000, 2.011767, -1.437797, -0.683270
199.264000, 2.011767, -1.437797, -0.683268
199.346000, 2.011767, -1.437797, -0.683266
199.458000, 2.011767, -1.437797, -0.683264
199.562000, 2.011767, -1.437797, -0.683260
199.661000, 2.011767, -1.437797, -0.683258
199.765000, 2.011767, -1.437797, -0.683256
199.866000, 2.011767, -1.437797, -0.683252
199.964000, 2.011767, -1.437797, -0.683249
200.065000, 2.011767, -1.437797, -0.683247
200.160000, 2.011767, -1.437797, -0.683244
200.264000, 2.011767, -1.437797, -0.683242
200.365000, 2.011767, -1.437797, -0.683240
200.462000, 2.011767, -1.437797, -0.683236
200.554000, 2.011767, -1.437797, -0.683233
200.658000, 2.011767, -1.437797, -0.683232
200.764000, 2.011767, -1.437797, -0.683228
200.862000, 2.011767, -1.437797, -0.683224
200.962000, 2.011767, -1.437797, -0.683221
201.066000, 2.011767, -1.437797, -0.683219
201.157000, 2.011767, -1.437797, -0.683216
201.261000, 2.011767, -1.437797, -0.683213
201.366000, 2.011767, -1.437797, -0.683211
201.464000, 2.011767, -1.437797, -0.683210
201.562000, 2.011767, -1.437797, -0.683123
201.665000, 2.011767, -1.437797, -0.611261
201.759000, 2.011767, -1.437797, -0.517717
201.862000, 2.009681, -1.437017, -0.409587
201.951000, 2.009681, -1.437017, -0.319891
202.063000, 2.007886, -1.436262, -0.208621
202.158000, 2.007886, -1.436262, -0.117239
202.266000, 1.996616, -1.432947, -0.011687
202.357000, 1.996616, -1.432947, 0.077850
202.451000, 1.992770, -1.431928, 0.171820
202.555000, 1.992770, -1.431928, 0.273509
202.654000, 2.002617, -1.436095, 0.372364
202.767000, 2.002617, -1.436095, 0.485114
202.859000, 2.002617, -1.436095, 0.575886
202.950000, 2.002617, -1.436095, 0.611212
203.057000, 2.002949, -1.435863, 0.610771
203.153000, 2.005286, -1.434232, 0.609246
203.256000, 2.010269, -1.430731, 0.616075
203.366000, 2.013937, -1.428098, 0.641150
203.462000, 2.009395, -1.427023, 0.681681
203.567000, 2.010795, -1.425822, 0.723713
203.664000, 2.014205, -1.422661, 0.769997
203.757000, 2.019178, -1.417559, 0.823056
203.861000, 2.025592, -1.410218, 0.882620
203.966000, 2.029690, -1.405555, 0.946666
204.065000, 2.030113, -1.404954, 1.005056
204.162000, 2.030325, -1.404592, 1.045407
204.262000, 2.031869, -1.401795, 1.080449
204.364000, 2.032552, -1.400493, 1.117679
204.465000, 2.035714, -1.398403, 1.155368
204.558000, 2.035918, -1.397935, 1.191831
204.662000, 2.035918, -1.397935, 1.233001
204.762000, 2.035918, -1.397935, 1.273470
204.862000, 2.035918, -1.397935, 1.314787
204.954000, 2.035918, -1.397935, 1.352054
205.053000, 2.039195, -1.399428, 1.393601
205.164000, 2.039195, -1.399428, 1.440344
205.261000, 2.039195, -1.399428, 1.481058
205.364000, 2.039195, -1.399428, 1.524795
205.456000, 2.039195, -1.399428, 1.566759
205.566000, 2.052951, -1.402300, 1.634427
205.656000, 2.052951, -1.402300, 1.694251
205.751000, 2.052951, -1.402300, 1.756116
205.866000, 2.058299, -1.402884, 1.830180
205.967000, 2.058299, -1.402884, 1.896583
206.067000, 2.058299, -1.402884, 1.962385
206.152000, 2.057809, -1.403183, 2.019818
206.264000, 2.057809, -1.403183, 2.094110
206.352000, 2.057809, -1.403183, 2.151279
206.458000, 2.057809, -1.403183, 2.224272
206.556000, 2.056824, -1.402705, 2.286066
206.665000, 2.056824, -1.402705, 2.357771
206.758000, 2.056824, -1.402705, 2.419695
206.862000, 2.061021, -1.403168, 2.487006
206.962000, 2.061021, -1.403168, 2.552638
207.062000, 2.061021, -1.403168, 2.618994
207.160000, 2.061194, -1.403401, 2.684256
207.255000, 2.061194, -1.403401, 2.747428
207.363000, 2.061194, -1.403401, 2.817794
207.460000, 2.061194, -1.403401, 2.881521
207.555000, 2.062533, -1.402436, 2.945273
207.658000, 2.062533, -1.402436, 3.012977
207.757000, 2.062533, -1.402436, 3.077454
207.861000, 2.066236, -1.402947, -3.136635
207.952000, 2.066236, -1.402947, -3.075461
208.060000, 2.066236, -1.402947, -3.005179
208.158000, 2.066236, -1.402947, -2.944705
208.265000, 2.059539, -1.401177, -2.879738
208.359000, 2.059539, -1.401177, -2.826769
208.457000, 2.059539, -1.401177, -2.768473
208.564000, 2.059539, -1.401177, -2.706687
208.662000, 2.061057, -1.399825, -2.655370
208.757000, 2.061057, -1.399825, -2.605843
208.864000, 2.061057, -1.399825, -2.547881
208.953000, 2.061057, -1.399825, -2.497234
209.058000, 2.060021, -1.400666, -2.440876
209.159000, 2.055285, -1.400721, -2.382999
209.251000, 2.053264, -1.402752, -2.331539
209.362000, 2.051654, -1.404511, -2.262633
209.449000, 2.056672, -1.405070, -2.201517
209.560000, 2.056672, -1.405070, -2.132506
209.663000, 2.055851, -1.406501, -2.072455
209.761000, 2.053762, -1.410588, -2.020016
209.865000, 2.050522, -1.417846, -1.966190
209.964000, 2.042925, -1.427822, -1.917747
210.057000, 2.038850, -1.439950, -1.873415
210.166000, 2.033958, -1.457239, -1.821009
210.257000, 2.029947, -1.474467, -1.779397
210.363000, 2.025881, -1.495883, -1.737918
210.467000, 2.021267, -1.515429, -1.707638
210.565000, 2.018858, -1.534880, -1.680452
210.661000, 2.016823, -1.556182, -1.651660
210.750000, 2.015717, -1.571743, -1.631847
210.859000, 2.014597, -1.594315, -1.608895
210.966000, 2.014001, -1.614906, -1.590832
211.058000, 2.013767, -1.633304, -1.576344
211.162000, 2.013807, -1.654104, -1.561652
211.245000, 2.014046, -1.670702, -1.551316
211.362000, 2.014655, -1.694094, -1.538578
211.460000, 2.015444, -1.713878, -1.520654
211.566000, 2.016689, -1.732994, -1.508815
211.661000, 2.018004, -1.752149, -1.489718
211.758000, 2.019956, -1.771449, -1.449030
211.864000, 2.022972, -1.792229, -1.405139
211.967000, 2.026731, -1.812482, -1.367535
212.060000, 2.031136, -1.831785, -1.325757
212.162000, 2.030782, -1.845705, -1.290123
212.260000, 2.036896, -1.865585, -1.255599
212.350000, 2.042446, -1.881864, -1.228496
212.456000, 2.049908, -1.901707, -1.193547
212.559000, 2.057699, -1.920559, -1.165098
212.667000, 2.066419, -1.940102, -1.135996
212.761000, 2.074830, -1.957583, -1.109419
212.864000, 2.084049, -1.975556, -1.084485
212.956000, 2.090498, -1.991189, -1.063837
213.067000, 2.101514, -2.010462, -1.038792
213.165000, 2.112064, -2.027922, -1.015837
213.262000, 2.122023, -2.043631, -0.996127
213.367000, 2.133616, -2.061140, -0.974485
213.456000, 2.144314, -2.076600, -0.957229
213.566000, 2.156557, -2.093661, -0.938495
213.656000, 2.167336, -2.108077, -0.919105
213.765000, 2.180702, -2.125298, -0.902853
213.854000, 2.191814, -2.139204, -0.890298
213.952000, 2.204350, -2.154529, -0.881079
214.060000, 2.218167, -2.171132, -0.871870
214.145000, 2.231040, -2.184536, -0.862796
214.251000, 2.244509, -2.200123, -0.852254
214.356000, 2.258561, -2.215997, -0.840453
214.458000, 2.272250, -2.231122, -0.830344
214.557000, 2.285781, -2.245850, -0.824865
214.667000, 2.300381, -2.261496, -0.815266
214.750000, 2.313452, -2.275285, -0.808614
214.857000, 2.326619, -2.288983, -0.802343
214.952000, 2.339962, -2.302789, -0.802457
215.065000, 2.355677, -2.319031, -0.803400
215.163000, 2.369128, -2.333011, -0.805626
215.267000, 2.383554, -2.347995, -0.801225
215.366000, 2.394803, -2.359527, -0.793334
215.453000, 2.403863, -2.368682, -0.789593
215.564000, 2.414323, -2.379208, -0.787000
215.666000, 2.424418, -2.389308, -0.785771
215.755000, 2.433088, -2.398730, -0.783256
215.856000, 2.443169, -2.408645, -0.768753
215.962000, 2.453993, -2.419001, -0.762246
216.024000, 2.460168, -2.424900, -0.762901
216.157000, 2.473924, -2.438064, -0.762213
216.263000, 2.484453, -2.447917, -0.741643
216.367000, 2.495285, -2.457646, -0.722925
216.453000, 2.504581, -2.465730, -0.708395
216.565000, 2.517841, -2.476787, -0.683522
216.655000, 2.530695, -2.487115, -0.672671
216.740000, 2.542295, -2.496291, -0.665440
216.855000, 2.556801, -2.507545, -0.652736
216.963000, 2.571618, -2.518671, -0.633970
217.054000, 2.583882, -2.527532, -0.618330
217.166000, 2.599300, -2.538412, -0.612090
217.257000, 2.611802, -2.547232, -0.614309
217.360000, 2.631932, -2.557435, -0.602687
217.461000, 2.643552, -2.565315, -0.583696
217.565000, 2.650152, -2.569565, -0.560406
217.658000, 2.651696, -2.570528, -0.554377
217.763000, 2.651696, -2.570528, -0.554415
217.861000, 2.651696, -2.570528, -0.554412
217.963000, 2.651696, -2.570528, -0.554410
218.047000, 2.651696, -2.570528, -0.554408
218.159000, 2.651696, -2.570528, -0.554405
218.254000, 2.651696, -2.570528, -0.554403
218.361000, 2.651696, -2.570528, -0.554400
218.460000, 2.651696, -2.570528, -0.554398
218.560000, 2.651696, -2.570528, -0.554395
218.657000, 2.651696, -2.570528, -0.554394
218.762000, 2.651696, -2.570528, -0.554391
218.851000, 2.651696, -2.570528, -0.554387
218.956000, 2.651696, -2.570528, -0.554385
219.058000, 2.651696, -2.570528, -0.554383
219.161000, 2.651696, -2.570528, -0.554380
219.264000, 2.651696, -2.570528, -0.554376
219.357000, 2.651696, -2.570528, -0.554374
219.457000, 2.651696, -2.570528, -0.554371
219.554000, 2.651696, -2.570528, -0.554368
219.659000, 2.651696, -2.570528, -0.554367
219.765000, 2.651696, -2.570528, -0.554365
219.864000, 2.651696, -2.570528, -0.554363
219.965000, 2.651696, -2.570528, -0.554360
220.057000, 2.651696, -2.570528, -0.554356
220.164000, 2.651696, -2.570528, -0.554354
220.262000, 2.651696, -2.570528, -0.554350
220.356000, 2.651696, -2.570528, -0.554347
220.453000, 2.651696, -2.570528, -0.554345
220.563000, 2.651696, -2.570528, -0.554342
220.655000, 2.651696, -2.570528, -0.554341
220.755000, 2.651696, -2.570528, -0.554337
220.865000, 2.651696, -2.570528, -0.554333
220.962000, 2.651696, -2.570528, -0.554331
221.056000, 2.651696, -2.570528, -0.554327
221.148000, 2.651696, -2.570528, -0.554324
221.264000, 2.651696, -2.570528, -0.554322
221.358000, 2.651696, -2.570528, -0.554320
221.464000, 2.651696, -2.570528, -0.554317
221.555000, 2.651696, -2.570528, -0.554316
221.648000, 2.651696, -2.570528, -0.554314
221.758000, 2.651696, -2.570528, -0.554312
221.863000, 2.651696, -2.570528, -0.554310
221.959000, 2.651696, -2.570528, -0.554308
222.063000, 2.651696, -2.570528, -0.554304
222.164000, 2.651696, -2.570528, -0.554303
222.264000, 2.651696, -2.570528, -0.554300
222.357000, 2.651696, -2.570528, -0.554299
222.444000, 2.651696, -2.570528, -0.554296
222.561000, 2.651696, -2.570528, -0.554293
222.658000, 2.651696, -2.570528, -0.554290
222.759000, 2.651696, -2.570528, -0.554288
222.863000, 2.651696, -2.570528, -0.554285
222.956000, 2.651696, -2.570528, -0.554282
223.062000, 2.651696, -2.570528, -0.554279
223.167000, 2.651696, -2.570528, -0.554278
223.265000, 2.651696, -2.570528, -0.554275
223.363000, 2.651696, -2.570528, -0.554272
223.461000, 2.651696, -2.570528, -0.554271
223.562000, 2.651696, -2.570528, -0.554269
223.663000, 2.651696, -2.570528, -0.554266
223.765000, 2.651696, -2.570528, -0.554262
223.851000, 2.651696, -2.570528, -0.554261
223.964000, 2.651696, -2.570528, -0.554259
224.058000, 2.651696, -2.570528, -0.554254
224.158000, 2.651696, -2.570528, -0.554252
224.264000, 2.651696, -2.570528, -0.554251
224.367000, 2.651696, -2.570528, -0.554248
224.447000, 2.651696, -2.570528, -0.554245
224.554000, 2.651696, -2.570528, -0.554242
224.649000, 2.651696, -2.570528, -0.554241
224.767000, 2.651696, -2.570528, -0.554238
224.857000, 2.651696, -2.570528, -0.554235
224.959000, 2.651696, -2.570528, -0.554233
225.057000, 2.651696, -2.570528, -0.554232
225.162000, 2.651696, -2.570528, -0.554229
225.259000, 2.651696, -2.570528, -0.554226
225.361000, 2.651696, -2.570528, -0.554224
225.464000, 2.651696, -2.570528, -0.554222
225.563000, 2.651696, -2.570528, -0.554220
225.667000, 2.651696, -2.570528, -0.554217
225.764000, 2.651696, -2.570528, -0.554217
225.859000, 2.651696, -2.570528, -0.554213
225.967000, 2.651696, -2.570528, -0.554209
226.060000, 2.651696, -2.570528, -0.554207
226.165000, 2.651696, -2.570528, -0.554205
226.261000, 2.651696, -2.570528, -0.554204
226.361000, 2.651696, -2.570528, -0.554200
226.452000, 2.651696, -2.570528, -0.554197
226.566000, 2.651696, -2.570528, -0.554194
226.662000, 2.651696, -2.570528, -0.554192
226.767000, 2.651696, -2.570528, -0.554188
226.840000, 2.651696, -2.570528, -0.554186
226.966000, 2.651696, -2.570528, -0.554184
227.054000, 2.651696, -2.570528, -0.554180
227.162000, 2.651696, -2.570528, -0.554177
227.264000, 2.651696, -2.570528, -0.554176
227.359000, 2.651696, -2.570528, -0.554175
227.458000, 2.651696, -2.570528, -0.554171
227.556000, 2.651696, -2.570528, -0.554168
227.658000, 2.651696, -2.570528, -0.554166
227.767000, 2.651696, -2.570528, -0.554165
227.864000, 2.651696, -2.570528, -0.554161
227.962000, 2.651696, -2.570528, -0.554160
228.064000, 2.651696, -2.570528, -0.554157
228.167000, 2.651696, -2.570528, -0.554156
228.263000, 2.651696, -2.570528, -0.554152
228.359000, 2.651696, -2.570528, -0.554150
228.456000, 2.651696, -2.570528, -0.554150
228.561000, 2.651696, -2.570528, -0.554146
228.667000, 2.651696, -2.570528, -0.554140
228.756000, 2.651696, -2.570528, -0.554138
228.847000, 2.651696, -2.570528, -0.554136
228.967000, 2.651696, -2.570528, -0.554133
229.051000, 2.651696, -2.570528, -0.554130
229.163000, 2.651696, -2.570528, -0.554127
229.262000, 2.651696, -2.570528, -0.554126
229.359000, 2.651696, -2.570528, -0.554122
229.464000, 2.651696, -2.570528, -0.554121
229.565000, 2.651696, -2.570528, -0.554118
229.660000, 2.651696, -2.570528, -0.554116
229.751000, 2.651696, -2.570528, -0.554113
229.861000, 2.651696, -2.570528, -0.554111
229.966000, 2.651696, -2.570528, -0.554109
230.061000, 2.651696, -2.570528, -0.554106
230.167000, 2.651696, -2.570528, -0.554102
230.261000, 2.651696, -2.570528, -0.554100
230.363000, 2.651696, -2.570528, -0.554098
230.464000, 2.651696, -2.570528, -0.554094
230.542000, 2.651696, -2.570528, -0.554092
230.651000, 2.651696, -2.570528, -0.554089
230.765000, 2.651696, -2.570528, -0.554086
230.865000, 2.651696, -2.570528, -0.554082
230.962000, 2.651696, -2.570528, -0.554080
231.058000, 2.651696, -2.570528, -0.554078
231.164000, 2.651696, -2.570528, -0.554075
231.264000, 2.651696, -2.570528, -0.554071
231.364000, 2.651696, -2.570528, -0.554069
231.463000, 2.651696, -2.570528, -0.554068
231.566000, 2.651696, -2.570528, -0.554063
231.662000, 2.651696, -2.570528, -0.554060
231.755000, 2.651696, -2.570528, -0.554059
231.859000, 2.651696, -2.570528, -0.554057
231.964000, 2.651696, -2.570528, -0.554054
232.040000, 2.651696, -2.570528, -0.554053
232.164000, 2.651696, -2.570528, -0.554051
232.261000, 2.651696, -2.570528, -0.554048
232.358000, 2.651696, -2.570528, -0.554045
232.461000, 2.651696, -2.570528, -0.554043
232.550000, 2.651696, -2.570528, -0.554042
232.652000, 2.651696, -2.570528, -0.554039
232.760000, 2.651696, -2.570528, -0.554035
232.858000, 2.651696, -2.570528, -0.554033
232.960000, 2.651696, -2.570528, -0.554032
233.055000, 2.651696, -2.570528, -0.554028
233.141000, 2.651696, -2.570528, -0.554026
233.265000, 2.651696, -2.570528, -0.554023
233.365000, 2.651696, -2.570528, -0.554022
233.444000, 2.651696, -2.570528, -0.554018
233.564000, 2.651696, -2.570528, -0.554015
233.665000, 2.651696, -2.570528, -0.554014
233.752000, 2.651696, -2.570528, -0.554012
233.858000, 2.651696, -2.570528, -0.554008
233.956000, 2.651696, -2.570528, -0.554007
234.062000, 2.651696, -2.570528, -0.554005
234.160000, 2.651696, -2.570528, -0.554001
234.258000, 2.651696, -2.570528, -0.553998
234.356000, 2.651696, -2.570528, -0.553995
234.459000, 2.651696, -2.570528, -0.553992
234.555000, 2.651696, -2.570528, -0.553989
234.665000, 2.651696, -2.570528, -0.553984
234.766000, 2.651696, -2.570528, -0.553981
234.863000, 2.651696, -2.570528, -0.553981
234.958000, 2.651696, -2.570528, -0.553976
235.061000, 2.651696, -2.570528, -0.553973
235.157000, 2.651696, -2.570528, -0.553972
235.256000, 2.651696, -2.570528, -0.553971
235.338000, 2.651696, -2.570528, -0.553967
235.463000, 2.651696, -2.570528, -0.553966
235.567000, 2.651696, -2.570528, -0.553963
235.667000, 2.651696, -2.570528, -0.553961
235.756000, 2.651696, -2.570528, -0.553956
235.856000, 2.651696, -2.570528, -0.553953
235.964000, 2.651696, -2.570528, -0.553952
236.064000, 2.651696, -2.570528, -0.553949
236.159000, 2.651696, -2.570528, -0.553945
236.242000, 2.651696, -2.570528, -0.553943
236.361000, 2.651696, -2.570528, -0.553941
236.457000, 2.651696, -2.570528, -0.553938
236.547000, 2.651696, -2.570528, -0.553934
236.664000, 2.651696, -2.570528, -0.553931
236.765000, 2.651696, -2.570528, -0.553929
236.867000, 2.651696, -2.570528, -0.553927
236.960000, 2.651696, -2.570528, -0.553923
237.061000, 2.651696, -2.570528, -0.553920
237.162000, 2.651696, -2.570528, -0.553919
237.259000, 2.651696, -2.570528, -0.553917
237.357000, 2.651696, -2.570528, -0.553913
237.465000, 2.651696, -2.570528, -0.553911
237.561000, 2.651696, -2.570528, -0.553911
237.664000, 2.651696, -2.570528, -0.553908
237.759000, 2.651696, -2.570528, -0.553904
237.864000, 2.651696, -2.570528, -0.553902
237.959000, 2.651696, -2.570528, -0.553902
238.061000, 2.651696, -2.570528, -0.553899
238.159000, 2.651696, -2.570528, -0.553895
238.264000, 2.651696, -2.570528, -0.553894
238.363000, 2.651696, -2.570528, -0.553893
238.457000, 2.651696, -2.570528, -0.553890
238.566000, 2.651696, -2.570528, -0.553887
238.656000, 2.651696, -2.570528, -0.553885
238.765000, 2.651696, -2.570528, -0.553882
238.860000, 2.651696, -2.570528, -0.553879
238.958000, 2.651696, -2.570528, -0.553877
239.063000, 2.651696, -2.570528, -0.553874
239.157000, 2.651696, -2.570528, -0.553874
239.266000, 2.651696, -2.570528, -0.553872
239.361000, 2.651696, -2.570528, -0.553868
239.466000, 2.651696, -2.570528, -0.553864
239.557000, 2.651696, -2.570528, -0.553862
239.658000, 2.651696, -2.570528, -0.553862
239.765000, 2.651696, -2.570528, -0.553860
239.861000, 2.651696, -2.570528, -0.553858
239.965000, 2.651696, -2.570528, -0.553855
240.060000, 2.651696, -2.570528, -0.553854
240.163000, 2.651696, -2.570528, -0.553852
240.263000, 2.651696, -2.570528, -0.553850
240.355000, 2.651696, -2.570528, -0.553848
240.460000, 2.651696, -2.570528, -0.553845
240.564000, 2.651696, -2.570528, -0.553843
240.660000, 2.651696, -2.570528, -0.553840
240.763000, 2.651696, -2.570528, -0.553836
240.844000, 2.651696, -2.570528, -0.553836
240.966000, 2.651696, -2.570528, -0.553834
241.065000, 2.651696, -2.570528, -0.553833
241.162000, 2.651696, -2.570528, -0.553831
241.266000, 2.651696, -2.570528, -0.553828
241.359000, 2.651696, -2.570528, -0.553826
241.452000, 2.651696, -2.570528, -0.553820
241.567000, 2.651696, -2.570528, -0.553817
241.666000, 2.651696, -2.570528, -0.553815
241.764000, 2.651696, -2.570528, -0.553813
241.851000, 2.651696, -2.570528, -0.553810
241.965000, 2.651696, -2.570528, -0.553809
242.064000, 2.651696, -2.570528, -0.553808
242.154000, 2.651696, -2.570528, -0.553805
242.256000, 2.651696, -2.570528, -0.553803
242.356000, 2.651696, -2.570528, -0.553802
242.458000, 2.651696, -2.570528, -0.553798
242.567000, 2.651696, -2.570528, -0.553796
242.661000, 2.651696, -2.570528, -0.553792
242.757000, 2.651696, -2.570528, -0.553789
242.864000, 2.651696, -2.570528, -0.553787
242.957000, 2.651696, -2.570528, -0.553783
243.061000, 2.651696, -2.570528, -0.553780
243.166000, 2.651696, -2.570528, -0.553778
243.264000, 2.651696, -2.570528, -0.553776
243.366000, 2.651696, -2.570528, -0.553773
243.463000, 2.651696, -2.570528, -0.553769
243.561000, 2.651696, -2.570528, -0.553768
243.658000, 2.651696, -2.570528, -0.553766
243.750000, 2.651696, -2.570528, -0.553763
243.855000, 2.651696, -2.570528, -0.553761
243.956000, 2.651696, -2.570528, -0.553759
244.065000, 2.651696, -2.570528, -0.553756
244.161000, 2.651696, -2.570528, -0.553753
244.263000, 2.651696, -2.570528, -0.553750
244.363000, 2.651696, -2.570528, -0.553747
244.462000, 2.651696, -2.570528, -0.553745
244.547000, 2.651696, -2.570528, -0.553743
244.666000, 2.651696, -2.570528, -0.553739
244.754000, 2.651696, -2.570528, -0.553737
244.867000, 2.651696, -2.570528, -0.553735
244.967000, 2.651696, -2.570528, -0.553732
245.060000, 2.651696, -2.570528, -0.553731
245.155000, 2.651696, -2.570528, -0.553729
245.261000, 2.651696, -2.570528, -0.553726
245.362000, 2.651696, -2.570528, -0.553723
245.454000, 2.651696, -2.570528, -0.553722
245.559000, 2.651696, -2.570528, -0.553717
245.653000, 2.651696, -2.570528, -0.553716
245.746000, 2.651696, -2.570528, -0.553713
245.862000, 2.651696, -2.570528, -0.553711
245.966000, 2.651696, -2.570528, -0.553710
246.067000, 2.651696, -2.570528, -0.553706
246.161000, 2.651696, -2.570528, -0.553703
246.261000, 2.651696, -2.570528, -0.553701
246.361000, 2.651696, -2.570528, -0.553700
246.461000, 2.651696, -2.570528, -0.553696
246.564000, 2.651696, -2.570528, -0.553692
246.651000, 2.651696, -2.570528, -0.553690
246.763000, 2.651696, -2.570528, -0.553688
246.867000, 2.651696, -2.570528, -0.553685
246.967000, 2.651696, -2.570528, -0.553681
247.060000, 2.651696, -2.570528, -0.553679
247.165000, 2.651696, -2.570528, -0.553676
247.262000, 2.651696, -2.570528, -0.553672
247.360000, 2.651696, -2.570528, -0.553670
247.459000, 2.651696, -2.570528, -0.553667
247.560000, 2.651696, -2.570528, -0.553665
247.659000, 2.651696, -2.570528, -0.553664
247.754000, 2.651696, -2.570528, -0.553661
247.866000, 2.651696, -2.570528, -0.553658
247.956000, 2.651696, -2.570528, -0.553657
248.050000, 2.651696, -2.570528, -0.553653
248.158000, 2.651696, -2.570528, -0.553650
248.259000, 2.651696, -2.570528, -0.553645
248.366000, 2.651696, -2.570528, -0.553643
248.460000, 2.651696, -2.570528, -0.553643
248.550000, 2.651696, -2.570528, -0.553639
248.661000, 2.651696, -2.570528, -0.553637
248.760000, 2.651696, -2.570528, -0.553635
248.867000, 2.651696, -2.570528, -0.553634
248.959000, 2.651696, -2.570528, -0.553632
249.063000, 2.651696, -2.570528, -0.553630
249.167000, 2.651696, -2.570528, -0.553627
249.241000, 2.651696, -2.570528, -0.553626
249.359000, 2.651696, -2.570528, -0.553622
249.462000, 2.651696, -2.570528, -0.553619
249.556000, 2.651696, -2.570528, -0.553617
249.659000, 2.651696, -2.570528, -0.553616
249.761000, 2.651696, -2.570528, -0.553613
249.856000, 2.651696, -2.570528, -0.553610
249.961000, 2.651696, -2.570528, -0.553607
250.048000, 2.651696, -2.570528, -0.553606
250.160000, 2.651696, -2.570528, -0.553604
250.256000, 2.651696, -2.570528, -0.553600
250.361000, 2.651696, -2.570528, -0.553597
250.464000, 2.651696, -2.570528, -0.553595
250.567000, 2.651696, -2.570528, -0.553592
250.657000, 2.651696, -2.570528, -0.553589
250.753000, 2.651696, -2.570528, -0.553586
250.855000, 2.651696, -2.570528, -0.553585
250.960000, 2.651696, -2.570528, -0.553582
251.047000, 2.651696, -2.570528, -0.553579
251.160000, 2.651696, -2.570528, -0.553575
251.267000, 2.651696, -2.570528, -0.553574
251.360000, 2.651696, -2.570528, -0.553571
251.459000, 2.651696, -2.570528, -0.553567
251.554000, 2.651696, -2.570528, -0.553566
251.665000, 2.651696, -2.570528, -0.553563
251.752000, 2.651696, -2.570528, -0.553560
251.856000, 2.651696, -2.570528, -0.553558
251.959000, 2.651696, -2.570528, -0.553556
252.066000, 2.651696, -2.570528, -0.553552
252.153000, 2.651696, -2.570528, -0.553552
252.266000, 2.651696, -2.570528, -0.553550
252.364000, 2.651696, -2.570528, -0.553548
252.458000, 2.651696, -2.570528, -0.553545
252.561000, 2.651696, -2.570528, -0.553543
252.658000, 2.651696, -2.570528, -0.553541
252.762000, 2.651696, -2.570528, -0.553538
252.867000, 2.651696, -2.570528, -0.553535
252.958000, 2.651696, -2.570528, -0.553533
253.054000, 2.651696, -2.570528, -0.553532
253.161000, 2.651696, -2.570528, -0.553529
253.252000, 2.651696, -2.570528, -0.553525
253.367000, 2.651696, -2.570528, -0.553524
253.462000, 2.651696, -2.570528, -0.553522
253.558000, 2.651696, -2.570528, -0.553519
253.658000, 2.651696, -2.570528, -0.553516
253.754000, 2.651696, -2.570528, -0.553515
253.862000, 2.651696, -2.570528, -0.553512
253.962000, 2.651696, -2.570528, -0.553508
254.056000, 2.651696, -2.570528, -0.553506
254.161000, 2.651696, -2.570528, -0.553503
254.261000, 2.651696, -2.570528, -0.553502
254.367000, 2.651696, -2.570528, -0.553500
254.453000, 2.651696, -2.570528, -0.553499
254.558000, 2.651696, -2.570528, -0.553495
254.654000, 2.651696, -2.570528, -0.553494
254.764000, 2.651696, -2.570528, -0.553492
254.867000, 2.651696, -2.570528, -0.553487
254.966000, 2.651696, -2.570528, -0.553485
255.058000, 2.651696, -2.570528, -0.553483
255.159000, 2.651696, -2.570528, -0.553480
255.247000, 2.651696, -2.570528, -0.553479
255.367000, 2.651696, -2.570528, -0.553475
255.459000, 2.651696, -2.570528, -0.553473
255.552000, 2.651696, -2.570528, -0.553472
255.666000, 2.651696, -2.570528, -0.553470
255.764000, 2.651696, -2.570528, -0.553466
255.856000, 2.651696, -2.570528, -0.553463
255.955000, 2.651696, -2.570528, -0.553459
256.062000, 2.651696, -2.570528, -0.553458
256.164000, 2.651696, -2.570528, -0.553455
256.252000, 2.651696, -2.570528, -0.553452
256.355000, 2.651696, -2.570528, -0.553449
256.463000, 2.651696, -2.570528, -0.553446
256.558000, 2.651696, -2.570528, -0.553443
256.657000, 2.651696, -2.570528, -0.553441
256.757000, 2.651696, -2.570528, -0.553439
256.847000, 2.651696, -2.570528, -0.553438
256.964000, 2.651696, -2.570528, -0.553435
257.057000, 2.651696, -2.570528, -0.553432
257.160000, 2.651696, -2.570528, -0.553430
257.266000, 2.651696, -2.570528, -0.553429
257.361000, 2.651696, -2.570528, -0.553425
257.458000, 2.651696, -2.570528, -0.553422
257.561000, 2.651696, -2.570528, -0.553420
257.656000, 2.651696, -2.570528, -0.553418
257.762000, 2.651696, -2.570528, -0.553414
257.868000, 2.651696, -2.570528, -0.553411
257.967000, 2.651696, -2.570528, -0.553410
258.051000, 2.651696, -2.570528, -0.553407
258.162000, 2.651696, -2.570528, -0.553404
258.254000, 2.651696, -2.570528, -0.553402
258.352000, 2.651696, -2.570528, -0.553399
258.460000, 2.651696, -2.570528, -0.553396
258.557000, 2.651696, -2.570528, -0.553395
258.662000, 2.651696, -2.570528, -0.553393
258.756000, 2.651696, -2.570528, -0.553390
258.866000, 2.651696, -2.570528, -0.553385
258.959000, 2.651696, -2.570528, -0.553383
259.052000, 2.651696, -2.570528, -0.553382
259.167000, 2.651696, -2.570528, -0.553379
259.262000, 2.651696, -2.570528, -0.553376
259.356000, 2.651696, -2.570528, -0.553376
259.463000, 2.651696, -2.570528, -0.553369
259.561000, 2.651696, -2.570528, -0.553367
259.653000, 2.651696, -2.570528, -0.553364
259.762000, 2.651696, -2.570528, -0.553362
259.859000, 2.651696, -2.570528, -0.553360
259.962000, 2.651696, -2.570528, -0.553357
260.062000, 2.651696, -2.570528, -0.553355
260.167000, 2.651696, -2.570528, -0.553353
260.265000, 2.651696, -2.570528, -0.553351
260.355000, 2.651696, -2.570528, -0.553348
260.452000, 2.651696, -2.570528, -0.553346
260.558000, 2.651696, -2.570528, -0.553345
260.664000, 2.651696, -2.570528, -0.553342
260.759000, 2.651696, -2.570528, -0.553338
260.861000, 2.651696, -2.570528, -0.553336
260.961000, 2.651696, -2.570528, -0.553334
261.060000, 2.651696, -2.570528, -0.553332
261.157000, 2.651696, -2.570528, -0.553330
261.256000, 2.651696, -2.570528, -0.553329
261.362000, 2.651696, -2.570528, -0.553327
261.454000, 2.651696, -2.570528, -0.553324
261.557000, 2.651696, -2.570528, -0.553321
261.667000, 2.651696, -2.570528, -0.553318
261.761000, 2.651696, -2.570528, -0.553317
261.864000, 2.651696, -2.570528, -0.553314
261.965000, 2.651696, -2.570528, -0.553312
262.059000, 2.651696, -2.570528, -0.553311
262.163000, 2.651696, -2.570528, -0.553308
262.258000, 2.651696, -2.570528, -0.553304
262.366000, 2.651696, -2.570528, -0.553303
262.463000, 2.651696, -2.570528, -0.553301
262.566000, 2.651696, -2.570528, -0.553299
262.664000, 2.651696, -2.570528, -0.553296
262.757000, 2.651696, -2.570528, -0.553295
262.848000, 2.651696, -2.570528, -0.553293
262.949000, 2.651696, -2.570528, -0.553288
263.064000, 2.651696, -2.570528, -0.553285
263.148000, 2.651696, -2.570528, -0.553284
263.264000, 2.651696, -2.570528, -0.553281
263.352000, 2.651696, -2.570528, -0.553278
263.465000, 2.651696, -2.570528, -0.553277
263.565000, 2.651696, -2.570528, -0.553275
263.664000, 2.651696, -2.570528, -0.553271
263.757000, 2.651696, -2.570528, -0.553269
263.860000, 2.651696, -2.570528, -0.553267
263.956000, 2.651696, -2.570528, -0.553265
264.065000, 2.651696, -2.570528, -0.553262
264.157000, 2.651696, -2.570528, -0.553258
264.259000, 2.651696, -2.570528, -0.553257
264.362000, 2.651696, -2.570528, -0.553254
264.461000, 2.651696, -2.570528, -0.553251
264.559000, 2.651696, -2.570528, -0.553248
264.663000, 2.651696, -2.570528, -0.553245
264.763000, 2.651696, -2.570528, -0.553243
264.866000, 2.651696, -2.570528, -0.553240
264.933000, 2.651696, -2.570528, -0.553238
265.057000, 2.651696, -2.570528, -0.553236
265.162000, 2.651696, -2.570528, -0.553233
265.262000, 2.651696, -2.570528, -0.553229
265.362000, 2.651696, -2.570528, -0.553226
265.456000, 2.651696, -2.570528, -0.553224
265.565000, 2.651696, -2.570528, -0.553220
265.655000, 2.651696, -2.570528, -0.553217
265.751000, 2.651696, -2.570528, -0.553216
265.861000, 2.651696, -2.570528, -0.553213
265.966000, 2.651696, -2.570528, -0.553209
266.061000, 2.651696, -2.570528, -0.553207
266.153000, 2.651696, -2.570528, -0.553206
266.261000, 2.651696, -2.570528, -0.553203
266.364000, 2.651696, -2.570528, -0.553201
266.456000, 2.651696, -2.570528, -0.553200
266.555000, 2.651696, -2.570528, -0.553198
266.663000, 2.651696, -2.570528, -0.553195
266.760000, 2.651696, -2.570528, -0.553191
266.859000, 2.651696, -2.570528, -0.553189
266.958000, 2.651696, -2.570528, -0.553186
267.067000, 2.651696, -2.570528, -0.553183
267.162000, 2.651696, -2.570528, -0.553181
267.261000, 2.651696, -2.570528, -0.553179
267.367000, 2.651696, -2.570528, -0.553177
267.466000, 2.651696, -2.570528, -0.553174
267.561000, 2.651696, -2.570528, -0.553173
267.662000, 2.651696, -2.570528, -0.553170
267.748000, 2.651696, -2.570528, -0.553167
267.849000, 2.651696, -2.570528, -0.553165
267.966000, 2.651696, -2.570528, -0.553163
268.067000, 2.651696, -2.570528, -0.553161
268.162000, 2.651696, -2.570528, -0.553159
268.266000, 2.651696, -2.570528, -0.553156
268.359000, 2.651696, -2.570528, -0.553155
268.463000, 2.651696, -2.570528, -0.553151
268.557000, 2.651696, -2.570528, -0.553148
268.665000, 2.651696, -2.570528, -0.553146
268.754000, 2.651696, -2.570528, -0.553144
268.866000, 2.651696, -2.570528, -0.553140
268.959000, 2.651696, -2.570528, -0.553136
269.065000, 2.651696, -2.570528, -0.553132
269.163000, 2.651696, -2.570528, -0.553130
269.263000, 2.651696, -2.570528, -0.553129
269.367000, 2.651696, -2.570528, -0.553128
269.462000, 2.651696, -2.570528, -0.553125
269.558000, 2.651696, -2.570528, -0.553122
269.667000, 2.651696, -2.570528, -0.553120
269.734000, 2.651696, -2.570528, -0.553117
269.863000, 2.651696, -2.570528, -0.553111
269.957000, 2.651696, -2.570528, -0.553109
270.059000, 2.651696, -2.570528, -0.553107
270.157000, 2.651696, -2.570528, -0.553104
270.258000, 2.651696, -2.570528, -0.553101
270.357000, 2.651696, -2.570528, -0.553099
270.458000, 2.651696, -2.570528, -0.553096
270.561000, 2.651696, -2.570528, -0.553094
270.661000, 2.651696, -2.570528, -0.553092
270.751000, 2.651696, -2.570528, -0.553091
270.865000, 2.651696, -2.570528, -0.553090
270.965000, 2.651696, -2.570528, -0.553087
271.067000, 2.651696, -2.570528, -0.553085
271.160000, 2.651696, -2.570528, -0.553082
271.250000, 2.651696, -2.570528, -0.553079
271.362000, 2.651696, -2.570528, -0.553075
271.459000, 2.651696, -2.570528, -0.553072
271.563000, 2.651696, -2.570528, -0.553070
271.664000, 2.651696, -2.570528, -0.553069
271.761000, 2.651696, -2.570528, -0.553065
271.864000, 2.651696, -2.570528, -0.553063
271.956000, 2.651696, -2.570528, -0.553062
272.058000, 2.651696, -2.570528, -0.553061
272.160000, 2.651696, -2.570528, -0.553057
272.253000, 2.651696, -2.570528, -0.553054
272.361000, 2.651696, -2.570528, -0.553053
272.453000, 2.651696, -2.570528, -0.553050
272.544000, 2.651696, -2.570528, -0.553046
272.660000, 2.651696, -2.570528, -0.553045
272.763000, 2.651696, -2.570528, -0.553043
272.858000, 2.651696, -2.570528, -0.553039
272.962000, 2.651696, -2.570528, -0.553037
273.059000, 2.651696, -2.570528, -0.553037
273.161000, 2.651696, -2.570528, -0.553034
