  Time        X         Y         YAW
123.258000, -nan, -nan, -nan
123.360000, 2.010962, -2.001864, 1.575952
123.455000, 2.010962, -2.001864, 1.575954
123.566000, 2.010962, -2.001864, 1.575957
123.625000, 2.010962, -2.001864, 1.575959
123.741000, 2.010962, -2.001864, 1.575962
123.865000, 2.010962, -2.001864, 1.575966
123.967000, 2.010962, -2.001864, 1.575966
124.065000, 2.010962, -2.001864, 1.575967
124.153000, 2.010962, -2.001864, 1.575968
124.267000, 2.010962, -2.001864, 1.575971
124.366000, 2.010962, -2.001864, 1.575974
124.457000, 2.010962, -2.001864, 1.575975
124.548000, 2.010962, -2.001864, 1.575979
124.663000, 2.010962, -2.001864, 1.575982
124.763000, 2.010962, -2.001864, 1.575983
124.855000, 2.010962, -2.001864, 1.575984
124.967000, 2.010962, -2.001864, 1.575989
125.059000, 2.010962, -2.001864, 1.575992
125.160000, 2.010962, -2.001864, 1.575993
125.267000, 2.010962, -2.001864, 1.575995
125.359000, 2.010962, -2.001864, 1.575998
125.460000, 2.010962, -2.001864, 1.576000
125.560000, 2.010962, -2.001864, 1.576002
125.652000, 2.010962, -2.001864, 1.576005
125.763000, 2.010962, -2.001864, 1.576008
125.845000, 2.010962, -2.001864, 1.576009
125.961000, 2.010962, -2.001864, 1.576011
126.065000, 2.010962, -2.001864, 1.576014
126.163000, 2.010962, -2.001864, 1.576017
126.221000, 2.010962, -2.001864, 1.576018
126.360000, 2.010962, -2.001864, 1.576021
126.461000, 2.010962, -2.001864, 1.576025
126.559000, 2.010962, -2.001864, 1.576027
126.664000, 2.010955, -2.000544, 1.576012
126.761000, 2.010932, -1.996434, 1.576738
126.865000, 2.010878, -1.989054, 1.579778
126.941000, 2.010788, -1.980684, 1.583461
127.062000, 2.010557, -1.966121, 1.589712
127.151000, 2.010227, -1.951140, 1.596227
127.266000, 2.009571, -1.930010, 1.608341
127.352000, 2.008787, -1.911827, 1.618425
127.451000, 2.007827, -1.893252, 1.626957
127.564000, 2.006409, -1.870296, 1.637585
127.661000, 2.005041, -1.850944, 1.644807
127.767000, 2.003420, -1.830007, 1.650893
127.866000, 2.003242, -1.825201, 1.658002
127.960000, 2.001533, -1.806278, 1.663449
128.059000, 1.999675, -1.786767, 1.667618
128.159000, 1.997672, -1.766465, 1.670238
128.261000, 1.995628, -1.746369, 1.676306
128.356000, 1.993538, -1.727484, 1.685822
128.463000, 1.990990, -1.706237, 1.694011
128.565000, 1.988446, -1.686197, 1.699761
128.664000, 1.985849, -1.666568, 1.705314
128.729000, 1.983747, -1.651313, 1.709847
128.866000, 1.981597, -1.628056, 1.722740
128.962000, 1.978665, -1.609081, 1.725121
129.067000, 1.975415, -1.588334, 1.727624
129.164000, 1.972365, -1.569175, 1.728997
129.265000, 1.969151, -1.549030, 1.729001
129.365000, 1.966032, -1.529477, 1.729003
129.458000, 1.962975, -1.510320, 1.729004
129.564000, 1.959749, -1.490176, 1.731486
129.646000, 1.956566, -1.470836, 1.736424
129.765000, 1.953075, -1.450332, 1.742259
129.859000, 1.949549, -1.430239, 1.746366
129.950000, 1.946487, -1.413110, 1.748759
130.064000, 1.937532, -1.403651, 1.752576
130.164000, 1.933888, -1.383986, 1.755081
130.260000, 1.930285, -1.364720, 1.755806
130.361000, 1.926644, -1.345258, 1.755753
130.461000, 1.922782, -1.324616, 1.755755
130.562000, 1.919181, -1.305349, 1.754970
130.660000, 1.915675, -1.286472, 1.754186
130.766000, 1.911809, -1.265628, 1.754191
130.860000, 1.908369, -1.247145, 1.756668
130.955000, 1.904779, -1.228284, 1.760718
131.064000, 1.900666, -1.207079, 1.763717
131.162000, 1.900409, -1.186888, 1.763318
131.264000, 1.896388, -1.166480, 1.767792
131.353000, 1.892990, -1.149619, 1.771303
131.453000, 1.888978, -1.130026, 1.773423
131.566000, 1.884475, -1.108083, 1.772486
131.656000, 1.880883, -1.090445, 1.770985
131.765000, 1.876515, -1.069087, 1.773917
131.858000, 1.872666, -1.050481, 1.775322
131.960000, 1.868559, -1.030703, 1.775603
132.058000, 1.864613, -1.011709, 1.775606
132.161000, 1.863884, -0.993291, 1.769933
132.265000, 1.859769, -0.972902, 1.769936
132.357000, 1.856117, -0.954868, 1.772510
132.463000, 1.851814, -0.934110, 1.777846
132.555000, 1.847962, -0.916118, 1.784876
132.650000, 1.844249, -0.899261, 1.791409
132.756000, 1.840882, -0.884665, 1.803853
132.862000, 1.837411, -0.870381, 1.812447
132.946000, 1.834584, -0.858966, 1.814309
133.066000, 1.830518, -0.842665, 1.816776
133.166000, 1.827095, -0.829090, 1.818017
133.253000, 1.824046, -0.817009, 1.818021
133.359000, 1.820449, -0.802756, 1.818025
133.455000, 1.816910, -0.788777, 1.820828
133.560000, 1.821053, -0.774214, 1.820775
133.657000, 1.817696, -0.761056, 1.819955
133.750000, 1.814493, -0.748436, 1.819106
133.867000, 1.810471, -0.732557, 1.818134
133.962000, 1.807221, -0.719660, 1.818419
134.064000, 1.803705, -0.705820, 1.819518
134.156000, 1.800546, -0.693333, 1.817215
134.264000, 1.796874, -0.678666, 1.816371
134.363000, 1.793490, -0.665226, 1.818969
134.464000, 1.789996, -0.651524, 1.821507
134.558000, 1.787125, -0.640347, 1.823030
134.666000, 1.785598, -0.634431, 1.823972
134.759000, 1.785412, -0.633714, 1.824105
134.859000, 1.785412, -0.633714, 1.824108
134.952000, 1.785412, -0.633714, 1.824111
135.061000, 1.785412, -0.633714, 1.824112
135.161000, 1.785412, -0.633714, 1.824115
135.252000, 1.785412, -0.633714, 1.824119
135.363000, 1.785412, -0.633714, 1.824122
135.455000, 1.785412, -0.633714, 1.824123
135.564000, 1.785412, -0.633714, 1.824125
135.666000, 1.785412, -0.633714, 1.824127
135.758000, 1.785412, -0.633714, 1.824130
135.864000, 1.785412, -0.633714, 1.824134
135.963000, 1.785412, -0.633714, 1.824136
136.061000, 1.785412, -0.633714, 1.824139
136.151000, 1.785412, -0.633714, 1.824142
136.265000, 1.785412, -0.633714, 1.824145
136.358000, 1.785412, -0.633714, 1.824146
136.461000, 1.785412, -0.633714, 1.824149
136.562000, 1.785412, -0.633714, 1.824153
136.655000, 1.785412, -0.633714, 1.824156
136.767000, 1.785412, -0.633714, 1.824157
136.863000, 1.785412, -0.633714, 1.824161
136.961000, 1.785412, -0.633714, 1.824164
137.067000, 1.785412, -0.633714, 1.824166
137.151000, 1.785412, -0.633714, 1.824168
137.265000, 1.785412, -0.633714, 1.824170
137.365000, 1.785412, -0.633714, 1.824172
137.467000, 1.785412, -0.633714, 1.824174
137.566000, 1.785412, -0.633714, 1.824176
137.663000, 1.785412, -0.633714, 1.824178
137.754000, 1.785183, -0.632829, 1.824728
137.862000, 1.784044, -0.628475, 1.829071
137.967000, 1.782067, -0.621116, 1.836607
138.063000, 1.779430, -0.611543, 1.842258
138.162000, 1.776254, -0.600220, 1.844312
138.231000, 1.773692, -0.591092, 1.848089
138.362000, 1.769581, -0.577167, 1.869182
138.464000, 1.754799, -0.575628, 1.879417
138.565000, 1.753633, -0.572064, 1.906908
138.663000, 1.753633, -0.572064, 1.945885
138.762000, 1.753633, -0.572064, 1.968114
138.858000, 1.753633, -0.572064, 1.968139
138.962000, 1.753633, -0.572064, 1.968141
139.065000, 1.753633, -0.572064, 1.968144
139.161000, 1.753633, -0.572064, 1.968145
139.263000, 1.753633, -0.572064, 1.968149
139.364000, 1.753633, -0.572064, 1.968153
139.453000, 1.753633, -0.572064, 1.968154
139.557000, 1.753633, -0.572064, 1.968157
139.659000, 1.753633, -0.572064, 1.968160
139.762000, 1.753633, -0.572064, 1.968162
139.860000, 1.753633, -0.572064, 1.968164
139.959000, 1.753633, -0.572064, 1.968168
140.050000, 1.753633, -0.572064, 1.968170
140.144000, 1.753633, -0.572064, 1.968174
140.261000, 1.753633, -0.572064, 1.968177
140.366000, 1.753633, -0.572064, 1.968180
140.453000, 1.753633, -0.572064, 1.968181
140.556000, 1.753633, -0.572064, 1.968185
140.664000, 1.753633, -0.572064, 1.968188
140.766000, 1.753633, -0.572064, 1.968193
140.856000, 1.753633, -0.572064, 1.968195
140.949000, 1.753633, -0.572064, 1.968196
141.061000, 1.753633, -0.572064, 1.968199
141.143000, 1.753633, -0.572064, 1.968200
141.261000, 1.753633, -0.572064, 1.968202
141.357000, 1.753633, -0.572064, 1.968204
141.459000, 1.753633, -0.572064, 1.968208
141.555000, 1.753633, -0.572064, 1.968212
141.652000, 1.753633, -0.572064, 1.968213
141.744000, 1.753633, -0.572064, 1.968216
141.856000, 1.753633, -0.572064, 1.968220
141.965000, 1.753633, -0.572064, 1.968222
142.050000, 1.753633, -0.572064, 1.968224
142.159000, 1.753633, -0.572064, 1.968229
142.257000, 1.753633, -0.572064, 1.968233
142.363000, 1.753633, -0.572064, 1.968235
142.456000, 1.753633, -0.572064, 1.968238
142.551000, 1.753633, -0.572064, 1.968241
142.660000, 1.753633, -0.572064, 1.968243
142.761000, 1.753633, -0.572064, 1.968244
142.866000, 1.753633, -0.572064, 1.968246
142.959000, 1.753633, -0.572064, 1.968248
143.066000, 1.753633, -0.572064, 1.968251
143.147000, 1.753633, -0.572064, 1.968254
143.250000, 1.753633, -0.572064, 1.968256
143.358000, 1.753633, -0.572064, 1.968257
143.458000, 1.753633, -0.572064, 1.968260
143.556000, 1.753633, -0.572064, 1.968263
143.651000, 1.753633, -0.572064, 1.968265
143.762000, 1.753633, -0.572064, 1.968267
143.858000, 1.753633, -0.572064, 1.968272
143.953000, 1.753633, -0.572064, 1.968275
144.055000, 1.753633, -0.572064, 1.968278
144.166000, 1.753633, -0.572064, 1.968280
144.247000, 1.753633, -0.572064, 1.968283
144.360000, 1.753633, -0.572064, 1.968287
144.461000, 1.753633, -0.572064, 1.968289
144.560000, 1.753633, -0.572064, 1.968292
144.657000, 1.753633, -0.572064, 1.968297
144.759000, 1.753633, -0.572064, 1.968301
144.863000, 1.753633, -0.572064, 1.968302
144.963000, 1.753633, -0.572064, 1.968304
145.060000, 1.753633, -0.572064, 1.968308
145.153000, 1.753633, -0.572064, 1.968310
145.262000, 1.753633, -0.572064, 1.968312
145.364000, 1.753633, -0.572064, 1.968315
145.464000, 1.753633, -0.572064, 1.968319
145.558000, 1.753633, -0.572064, 1.968321
145.661000, 1.753633, -0.572064, 1.968323
145.759000, 1.753633, -0.572064, 1.968326
145.856000, 1.753633, -0.572064, 1.968329
145.951000, 1.753633, -0.572064, 1.968333
146.067000, 1.753633, -0.572064, 1.968337
146.157000, 1.753633, -0.572064, 1.968338
146.268000, 1.753633, -0.572064, 1.968341
146.356000, 1.753633, -0.572064, 1.968342
146.467000, 1.753633, -0.572064, 1.968346
146.557000, 1.753633, -0.572064, 1.968351
146.661000, 1.753633, -0.572064, 1.968352
146.758000, 1.753633, -0.572064, 1.968355
146.866000, 1.753633, -0.572064, 1.968357
146.963000, 1.753633, -0.572064, 1.968358
147.059000, 1.753633, -0.572064, 1.968359
147.166000, 1.753633, -0.572064, 1.968362
147.262000, 1.753633, -0.572064, 1.968364
147.364000, 1.753633, -0.572064, 1.968366
147.442000, 1.753633, -0.572064, 1.968368
147.558000, 1.753633, -0.572064, 1.968372
147.666000, 1.753633, -0.572064, 1.968375
147.760000, 1.753633, -0.572064, 1.968376
147.867000, 1.753633, -0.572064, 1.968379
147.964000, 1.753633, -0.572064, 1.968382
148.062000, 1.753633, -0.572064, 1.968385
148.162000, 1.753633, -0.572064, 1.968387
148.252000, 1.753633, -0.572064, 1.968389
148.361000, 1.753633, -0.572064, 1.968391
148.463000, 1.753633, -0.572064, 1.968394
148.563000, 1.753633, -0.572064, 1.968396
148.664000, 1.753633, -0.572064, 1.968400
148.767000, 1.753633, -0.572064, 1.968403
148.857000, 1.753633, -0.572064, 1.968404
148.964000, 1.753633, -0.572064, 1.968406
149.061000, 1.753633, -0.572064, 1.968409
149.166000, 1.753633, -0.572064, 1.968411
149.243000, 1.753633, -0.572064, 1.968413
149.346000, 1.753633, -0.572064, 1.968417
149.453000, 1.753633, -0.572064, 1.968419
149.532000, 1.753633, -0.572064, 1.968421
149.659000, 1.753633, -0.572064, 1.968424
149.761000, 1.753633, -0.572064, 1.968428
149.863000, 1.753633, -0.572064, 1.968429
149.965000, 1.753633, -0.572064, 1.968431
150.048000, 1.753324, -0.571332, 1.970118
150.163000, 1.752468, -0.569327, 1.989530
150.259000, 1.752468, -0.569327, 2.035637
150.356000, 1.752011, -0.568500, 2.093634
150.454000, 1.759200, -0.568588, 2.156896
150.561000, 1.754868, -0.562541, 2.223793
150.660000, 1.748707, -0.555005, 2.286116
150.761000, 1.752943, -0.540571, 2.344990
150.861000, 1.741296, -0.529423, 2.409974
150.960000, 1.726240, -0.516778, 2.474782
151.060000, 1.710659, -0.505224, 2.530679
151.164000, 1.679516, -0.498930, 2.587885
151.264000, 1.662262, -0.488820, 2.635237
151.356000, 1.644739, -0.479604, 2.678723
151.461000, 1.627033, -0.471203, 2.718367
151.543000, 1.611050, -0.464325, 2.752065
151.663000, 1.589597, -0.456036, 2.792560
151.729000, 1.561463, -0.460546, 2.818041
151.865000, 1.537837, -0.453010, 2.848960
151.957000, 1.518806, -0.447546, 2.873198
152.052000, 1.500633, -0.442733, 2.892350
152.164000, 1.480032, -0.437731, 2.914488
152.256000, 1.461089, -0.433547, 2.934137
152.360000, 1.441676, -0.429651, 2.953267
152.461000, 1.421600, -0.426030, 2.972808
152.563000, 1.404029, -0.423188, 2.990507
152.663000, 1.390174, -0.421183, 3.004875
152.759000, 1.376848, -0.419434, 3.016972
152.851000, 1.363782, -0.417867, 3.027296
152.953000, 1.345269, -0.407714, 3.039045
153.065000, 1.329802, -0.406218, 3.050987
153.157000, 1.317109, -0.405124, 3.060677
153.264000, 1.301976, -0.403990, 3.072940
153.365000, 1.286198, -0.402990, 3.083230
153.467000, 1.270566, -0.402148, 3.092151
153.558000, 1.256166, -0.401483, 3.098440
153.664000, 1.239749, -0.400829, 3.105630
153.762000, 1.224722, -0.400349, 3.114935
153.860000, 1.209380, -0.400031, 3.126456
153.962000, 1.193881, -0.399877, 3.136649
154.062000, 1.178381, -0.399872, -3.136759
154.155000, 1.163657, -0.400015, -3.127398
154.257000, 1.148160, -0.400301, -3.119196
154.362000, 1.110746, -0.407355, -3.105329
154.458000, 1.096498, -0.407931, -3.097099
154.561000, 1.080396, -0.408706, -3.090405
154.665000, 1.064455, -0.409578, -3.082129
154.767000, 1.049890, -0.410517, -3.072463
154.862000, 1.043232, -0.410988, -3.069354
154.961000, 1.041941, -0.411082, -3.068466
155.062000, 1.041941, -0.411082, -3.068440
155.164000, 1.041941, -0.411082, -3.068437
155.250000, 1.041941, -0.411082, -3.068436
155.360000, 1.041941, -0.411082, -3.068432
155.456000, 1.041941, -0.411082, -3.068430
155.566000, 1.041941, -0.411082, -3.068428
155.661000, 1.041941, -0.411082, -3.068424
155.767000, 1.041941, -0.411082, -3.068421
155.867000, 1.041941, -0.411082, -3.068419
155.961000, 1.041941, -0.411082, -3.068418
156.061000, 1.041941, -0.411082, -3.068415
156.154000, 1.041941, -0.411082, -3.068412
156.261000, 1.041941, -0.411082, -3.068411
156.350000, 1.041941, -0.411082, -3.068410
156.468000, 1.041941, -0.411082, -3.068406
156.567000, 1.041941, -0.411082, -3.068404
156.663000, 1.041941, -0.411082, -3.068403
156.760000, 1.041941, -0.411082, -3.068401
156.866000, 1.041941, -0.411082, -3.068398
156.967000, 1.041941, -0.411082, -3.068396
157.054000, 1.041941, -0.411082, -3.068393
157.159000, 1.041941, -0.411082, -3.068389
157.260000, 1.041941, -0.411082, -3.068386
157.356000, 1.041941, -0.411082, -3.068385
157.467000, 1.041941, -0.411082, -3.068383
157.563000, 1.041941, -0.411082, -3.068379
157.660000, 1.041941, -0.411082, -3.068375
157.742000, 1.041941, -0.411082, -3.068374
157.858000, 1.041941, -0.411082, -3.068371
157.959000, 1.041941, -0.411082, -3.068367
158.065000, 1.041941, -0.411082, -3.068364
158.164000, 1.041941, -0.411082, -3.068362
158.255000, 1.041941, -0.411082, -3.068360
158.367000, 1.041941, -0.411082, -3.068357
158.458000, 1.041941, -0.411082, -3.068354
158.544000, 1.041941, -0.411082, -3.068352
158.659000, 1.041941, -0.411082, -3.068349
158.762000, 1.041941, -0.411082, -3.068345
158.864000, 1.041941, -0.411082, -3.068342
158.963000, 1.041941, -0.411082, -3.068342
159.063000, 1.041941, -0.411082, -3.068340
159.160000, 1.041941, -0.411082, -3.068336
159.260000, 1.041941, -0.411082, -3.068335
159.365000, 1.041941, -0.411082, -3.068333
159.458000, 1.041941, -0.411082, -3.068329
159.561000, 1.041941, -0.411082, -3.068326
159.650000, 1.041941, -0.411082, -3.068324
159.753000, 1.041941, -0.411082, -3.068322
159.858000, 1.041941, -0.411082, -3.068319
159.959000, 1.041941, -0.411082, -3.068317
160.059000, 1.041941, -0.411082, -3.068316
160.160000, 1.041941, -0.411082, -3.068313
160.266000, 1.041941, -0.411082, -3.068310
160.365000, 1.041941, -0.411082, -3.068309
160.457000, 1.041941, -0.411082, -3.068308
160.565000, 1.041941, -0.411082, -3.068304
160.645000, 1.041941, -0.411082, -3.068301
160.756000, 1.041941, -0.411082, -3.068300
160.865000, 1.041941, -0.411082, -3.068298
160.964000, 1.041941, -0.411082, -3.068295
161.065000, 1.041941, -0.411082, -3.068292
161.162000, 1.041941, -0.411082, -3.068289
161.259000, 1.041941, -0.411082, -3.068288
161.364000, 1.041941, -0.411082, -3.068284
161.461000, 1.041941, -0.411082, -3.068281
161.567000, 1.041941, -0.411082, -3.068279
161.658000, 1.041941, -0.411082, -3.068276
161.764000, 1.041941, -0.411082, -3.068273
161.866000, 1.041941, -0.411082, -3.068271
161.959000, 1.041941, -0.411082, -3.068270
162.065000, 1.041941, -0.411082, -3.068266
162.165000, 1.041941, -0.411082, -3.068264
162.261000, 1.041941, -0.411082, -3.068262
162.361000, 1.041941, -0.411082, -3.068260
162.452000, 1.041941, -0.411082, -3.068258
162.566000, 1.041941, -0.411082, -3.068255
162.663000, 1.041941, -0.411082, -3.068254
162.761000, 1.041941, -0.411082, -3.068251
162.865000, 1.041941, -0.411082, -3.068248
162.965000, 1.041941, -0.411082, -3.068246
163.062000, 1.041941, -0.411082, -3.068244
163.164000, 1.041941, -0.411082, -3.068241
163.258000, 1.041941, -0.411082, -3.068239
163.345000, 1.041941, -0.411082, -3.068236
163.461000, 1.041941, -0.411082, -3.068234
163.556000, 1.041941, -0.411082, -3.068230
163.662000, 1.041941, -0.411082, -3.068226
163.764000, 1.041941, -0.411082, -3.068226
163.838000, 1.041941, -0.411082, -3.068224
163.967000, 1.041941, -0.411082, -3.068222
164.047000, 1.041941, -0.411082, -3.068218
164.162000, 1.041941, -0.411082, -3.068215
164.270000, 1.041941, -0.411082, -3.068213
164.361000, 1.041941, -0.411082, -3.068211
164.452000, 1.041941, -0.411082, -3.068208
164.567000, 1.041941, -0.411082, -3.068205
164.662000, 1.041941, -0.411082, -3.068205
164.764000, 1.041941, -0.411082, -3.068202
164.860000, 1.041941, -0.411082, -3.068199
164.955000, 1.041941, -0.411082, -3.068198
165.061000, 1.041941, -0.411082, -3.068196
165.164000, 1.041941, -0.411082, -3.068193
165.265000, 1.041941, -0.411082, -3.068189
165.362000, 1.041941, -0.411082, -3.068187
165.464000, 1.041941, -0.411082, -3.068184
165.567000, 1.041941, -0.411082, -3.068180
165.661000, 1.041941, -0.411082, -3.068177
165.763000, 1.041941, -0.411082, -3.068176
165.867000, 1.041941, -0.411082, -3.068172
165.966000, 1.041941, -0.411082, -3.068170
166.063000, 1.040609, -0.411182, -3.065481
166.162000, 1.039047, -0.411308, -3.046641
166.264000, 1.039047, -0.411308, -3.003945
166.364000, 1.037938, -0.411499, -2.958922
166.467000, 1.037158, -0.414889, -2.894484
166.566000, 1.030495, -0.416809, -2.830338
166.666000, 1.022374, -0.419725, -2.764628
166.761000, 1.010517, -0.420659, -2.701013
166.864000, 1.002013, -0.425011, -2.635881
166.965000, 0.993487, -0.430106, -2.569408
167.064000, 0.982312, -0.431237, -2.501743
167.160000, 0.973971, -0.437880, -2.438666
167.259000, 0.963190, -0.447678, -2.371043
167.359000, 0.951049, -0.460300, -2.304006
167.459000, 0.940907, -0.463042, -2.241556
167.564000, 0.928540, -0.479761, -2.173119
167.657000, 0.918474, -0.495398, -2.111782
167.759000, 0.908311, -0.508559, -2.047362
167.862000, 0.899483, -0.527167, -1.979503
167.965000, 0.891920, -0.546325, -1.914845
168.059000, 0.886073, -0.564190, -1.859878
168.160000, 0.880844, -0.583699, -1.806224
168.253000, 0.874017, -0.602098, -1.760442
168.363000, 0.870425, -0.623598, -1.713136
168.463000, 0.867980, -0.643446, -1.673665
168.564000, 0.866283, -0.663574, -1.637119
168.662000, 0.865232, -0.685547, -1.599428
168.767000, 0.864977, -0.704145, -1.571268
168.866000, 0.869590, -0.725416, -1.546058
168.954000, 0.870221, -0.743205, -1.524712
169.062000, 0.871478, -0.764768, -1.500718
169.167000, 0.873157, -0.785499, -1.479438
169.259000, 0.874996, -0.803807, -1.462179
169.358000, 0.877313, -0.823471, -1.445023
169.466000, 0.880203, -0.844876, -1.428556
169.565000, 0.883142, -0.864457, -1.415303
169.650000, 0.885928, -0.881632, -1.404964
169.756000, 0.889485, -0.902126, -1.391548
169.863000, 0.893472, -0.923151, -1.375503
169.966000, 0.894177, -0.941574, -1.360977
170.045000, 0.897844, -0.958379, -1.351167
170.157000, 0.902563, -0.979047, -1.343567
170.238000, 0.906185, -0.994631, -1.339150
170.339000, 0.910958, -1.014259, -1.325439
170.432000, 0.916494, -1.035758, -1.311935
170.559000, 0.922896, -1.059303, -1.299402
170.665000, 0.927958, -1.077201, -1.290893
170.759000, 0.933216, -1.095250, -1.284304
170.861000, 0.939106, -1.114990, -1.276006
170.965000, 0.945191, -1.134671, -1.266130
171.064000, 0.950947, -1.149916, -1.259053
171.167000, 0.957332, -1.169502, -1.252639
171.266000, 0.963657, -1.188475, -1.244070
171.362000, 0.969839, -1.206442, -1.235096
171.452000, 0.975899, -1.223603, -1.227890
171.563000, 0.983443, -1.244482, -1.220438
171.651000, 0.989519, -1.261000, -1.216533
171.761000, 0.997135, -1.281426, -1.209898
171.864000, 1.004489, -1.300669, -1.201954
171.963000, 1.011762, -1.319299, -1.195607
172.058000, 1.018774, -1.336958, -1.188793
172.162000, 1.023049, -1.354150, -1.179354
172.267000, 1.031274, -1.373906, -1.172722
172.361000, 1.038548, -1.391025, -1.164019
172.462000, 1.046545, -1.409356, -1.156823
172.563000, 1.054717, -1.427830, -1.150492
172.661000, 1.062788, -1.445690, -1.142155
172.761000, 1.071168, -1.463850, -1.134460
172.864000, 1.079957, -1.482481, -1.125051
172.957000, 1.088055, -1.499225, -1.115024
173.059000, 1.097220, -1.517675, -1.105757
173.163000, 1.106529, -1.536051, -1.096622
173.267000, 1.116151, -1.554492, -1.081790
173.357000, 1.125039, -1.571025, -1.065166
173.458000, 1.134456, -1.587757, -1.051273
173.560000, 1.144682, -1.605409, -1.039129
173.667000, 1.155664, -1.623776, -1.024999
173.762000, 1.165601, -1.639970, -1.017743
173.866000, 1.176692, -1.657802, -1.008732
173.962000, 1.186902, -1.673825, -0.999340
174.065000, 1.198108, -1.691111, -0.992257
174.165000, 1.209066, -1.707842, -0.989191
174.260000, 1.219524, -1.723705, -0.987894
174.355000, 1.230416, -1.740240, -0.988306
174.467000, 1.242307, -1.758272, -0.986881
174.558000, 1.243529, -1.774968, -0.985398
174.655000, 1.254265, -1.791127, -0.980350
174.765000, 1.266612, -1.809335, -0.971825
174.864000, 1.277670, -1.825518, -0.972843
174.961000, 1.288673, -1.841738, -0.975464
175.058000, 1.299442, -1.857634, -0.974798
175.153000, 1.310345, -1.873680, -0.973187
175.264000, 1.322752, -1.891605, -0.960963
175.357000, 1.333385, -1.906866, -0.963495
175.454000, 1.343564, -1.921334, -0.950578
175.558000, 1.352085, -1.933139, -0.943628
175.658000, 1.360294, -1.944480, -0.946202
175.765000, 1.369106, -1.956767, -0.950662
175.865000, 1.377139, -1.968062, -0.954989
175.958000, 1.384713, -1.978824, -0.960549
176.067000, 1.390223, -1.993082, -0.960718
176.163000, 1.398291, -2.004351, -0.940564
176.259000, 1.406152, -2.014905, -0.916439
176.359000, 1.414754, -2.025771, -0.893098
176.462000, 1.423816, -2.036988, -0.892459
176.558000, 1.432247, -2.047455, -0.888759
176.655000, 1.440888, -2.057931, -0.875409
176.767000, 1.450997, -2.069917, -0.864376
176.861000, 1.459586, -2.079888, -0.855320
176.959000, 1.468628, -2.090206, -0.847456
177.063000, 1.478320, -2.101072, -0.835163
177.159000, 1.487408, -2.110973, -0.822238
177.266000, 1.497661, -2.121895, -0.812101
177.365000, 1.507253, -2.131900, -0.798714
177.464000, 1.517101, -2.141850, -0.782610
177.567000, 1.527285, -2.151860, -0.773807
177.655000, 1.537682, -2.156630, -0.761849
177.759000, 1.548202, -2.166389, -0.732663
177.855000, 1.554851, -2.172214, -0.706096
177.961000, 1.557220, -2.174213, -0.694976
178.057000, 1.557220, -2.174213, -0.685741
178.152000, 1.557220, -2.174213, -0.646339
178.260000, 1.557220, -2.174213, -0.575065
178.362000, 1.558964, -2.174335, -0.513265
178.462000, 1.558964, -2.174335, -0.447488
178.560000, 1.558964, -2.174335, -0.382482
178.659000, 1.555701, -2.173383, -0.321863
178.752000, 1.555701, -2.173383, -0.258044
178.866000, 1.555701, -2.173383, -0.185667
178.958000, 1.556076, -2.167975, -0.131072
179.064000, 1.556076, -2.167975, -0.061383
179.166000, 1.556076, -2.167975, 0.005658
179.266000, 1.556076, -2.167975, 0.071315
179.353000, 1.554644, -2.170318, 0.130671
179.455000, 1.554644, -2.170318, 0.198455
179.568000, 1.554644, -2.170318, 0.272109
179.662000, 1.557332, -2.169165, 0.332301
179.762000, 1.557332, -2.169165, 0.403418
179.846000, 1.557332, -2.169165, 0.442210
179.963000, 1.557332, -2.169165, 0.502887
180.062000, 1.556886, -2.172261, 0.548858
180.161000, 1.556886, -2.172261, 0.588086
180.257000, 1.556886, -2.172261, 0.626302
180.359000, 1.556886, -2.172261, 0.668971
180.462000, 1.556886, -2.172261, 0.708020
180.563000, 1.556886, -2.172261, 0.730309
180.663000, 1.556886, -2.172261, 0.730404
180.767000, 1.556886, -2.172261, 0.730407
180.867000, 1.556886, -2.172261, 0.730408
180.961000, 1.556886, -2.172261, 0.730411
181.067000, 1.556886, -2.172261, 0.730413
181.165000, 1.556886, -2.172261, 0.730414
181.248000, 1.556886, -2.172261, 0.730418
181.362000, 1.556886, -2.172261, 0.730420
181.466000, 1.556886, -2.172261, 0.730422
181.568000, 1.556886, -2.172261, 0.730426
181.665000, 1.556886, -2.172261, 0.730429
181.757000, 1.556886, -2.172261, 0.730431
181.854000, 1.556886, -2.172261, 0.730439
181.956000, 1.556886, -2.172261, 0.730441
182.064000, 1.556886, -2.172261, 0.730444
182.167000, 1.556886, -2.172261, 0.730448
182.261000, 1.556886, -2.172261, 0.730449
182.364000, 1.556886, -2.172261, 0.730451
182.449000, 1.556886, -2.172261, 0.730454
182.556000, 1.556886, -2.172261, 0.730457
182.654000, 1.556886, -2.172261, 0.730458
182.771000, 1.556886, -2.172261, 0.730461
182.858000, 1.556886, -2.172261, 0.730464
182.953000, 1.556886, -2.172261, 0.730466
183.062000, 1.556886, -2.172261, 0.730469
183.163000, 1.556886, -2.172261, 0.730471
183.252000, 1.556886, -2.172261, 0.730474
183.360000, 1.556886, -2.172261, 0.730474
183.466000, 1.556886, -2.172261, 0.730477
183.563000, 1.556886, -2.172261, 0.730480
183.656000, 1.556886, -2.172261, 0.730484
183.762000, 1.556886, -2.172261, 0.730488
183.860000, 1.556886, -2.172261, 0.730490
183.951000, 1.556886, -2.172261, 0.730492
184.062000, 1.556886, -2.172261, 0.730497
184.150000, 1.556886, -2.172261, 0.730499
184.264000, 1.556886, -2.172261, 0.730502
184.362000, 1.556886, -2.172261, 0.730505
184.456000, 1.556886, -2.172261, 0.730508
184.561000, 1.556886, -2.172261, 0.730508
184.665000, 1.556886, -2.172261, 0.730513
184.764000, 1.556886, -2.172261, 0.730516
184.863000, 1.556886, -2.172261, 0.730517
184.955000, 1.556886, -2.172261, 0.730520
185.059000, 1.556886, -2.172261, 0.730523
185.167000, 1.556886, -2.172261, 0.730527
185.263000, 1.556886, -2.172261, 0.730528
185.355000, 1.556886, -2.172261, 0.730530
185.465000, 1.556886, -2.172261, 0.730534
185.559000, 1.556886, -2.172261, 0.730538
185.664000, 1.556886, -2.172261, 0.730539
185.763000, 1.556886, -2.172261, 0.730542
185.862000, 1.556886, -2.172261, 0.730545
185.960000, 1.556886, -2.172261, 0.730547
186.055000, 1.556886, -2.172261, 0.730550
186.162000, 1.556886, -2.172261, 0.730552
186.256000, 1.556886, -2.172261, 0.730557
186.360000, 1.556886, -2.172261, 0.730559
186.463000, 1.556886, -2.172261, 0.730562
186.553000, 1.556886, -2.172261, 0.730567
186.667000, 1.556886, -2.172261, 0.730570
186.766000, 1.556886, -2.172261, 0.730571
186.860000, 1.556886, -2.172261, 0.730574
186.961000, 1.556886, -2.172261, 0.730577
187.059000, 1.556886, -2.172261, 0.730578
187.167000, 1.556886, -2.172261, 0.730582
187.251000, 1.556886, -2.172261, 0.730586
187.356000, 1.556886, -2.172261, 0.730588
187.463000, 1.556886, -2.172261, 0.730593
187.564000, 1.556886, -2.172261, 0.730594
187.665000, 1.556886, -2.172261, 0.730597
187.757000, 1.556886, -2.172261, 0.730600
187.860000, 1.556886, -2.172261, 0.730601
187.962000, 1.556886, -2.172261, 0.730605
188.063000, 1.556886, -2.172261, 0.730608
188.156000, 1.556886, -2.172261, 0.730610
188.265000, 1.556886, -2.172261, 0.730612
188.362000, 1.556886, -2.172261, 0.730616
188.458000, 1.556886, -2.172261, 0.730619
188.563000, 1.556886, -2.172261, 0.730620
188.658000, 1.556886, -2.172261, 0.730623
188.762000, 1.556886, -2.172261, 0.730627
188.861000, 1.556886, -2.172261, 0.730629
188.952000, 1.556886, -2.172261, 0.730631
189.041000, 1.556886, -2.172261, 0.730634
189.164000, 1.556886, -2.172261, 0.730637
189.258000, 1.556886, -2.172261, 0.730639
189.360000, 1.556886, -2.172261, 0.730641
189.460000, 1.556886, -2.172261, 0.730644
189.559000, 1.556886, -2.172261, 0.730648
189.662000, 1.556886, -2.172261, 0.730650
189.760000, 1.556886, -2.172261, 0.730654
189.865000, 1.556886, -2.172261, 0.730658
189.964000, 1.556886, -2.172261, 0.730659
190.064000, 1.556886, -2.172261, 0.730660
190.160000, 1.556886, -2.172261, 0.730663
190.265000, 1.556886, -2.172261, 0.730667
190.367000, 1.556886, -2.172261, 0.730669
190.461000, 1.556886, -2.172261, 0.730671
190.566000, 1.556886, -2.172261, 0.730672
190.654000, 1.556886, -2.172261, 0.730674
190.761000, 1.556886, -2.172261, 0.730676
190.856000, 1.556886, -2.172261, 0.730678
190.951000, 1.556886, -2.172261, 0.730681
191.060000, 1.556886, -2.172261, 0.730682
191.161000, 1.556886, -2.172261, 0.730684
191.262000, 1.556886, -2.172261, 0.730685
191.363000, 1.556886, -2.172261, 0.730691
191.466000, 1.556886, -2.172261, 0.730695
191.550000, 1.556886, -2.172261, 0.730696
191.667000, 1.556886, -2.172261, 0.730699
191.754000, 1.556886, -2.172261, 0.730702
191.862000, 1.556886, -2.172261, 0.730704
191.956000, 1.556886, -2.172261, 0.730705
192.056000, 1.556886, -2.172261, 0.730707
192.163000, 1.556886, -2.172261, 0.730710
192.263000, 1.556886, -2.172261, 0.730712
192.362000, 1.556886, -2.172261, 0.730715
192.464000, 1.556886, -2.172261, 0.730717
192.557000, 1.556886, -2.172261, 0.730720
192.662000, 1.556886, -2.172261, 0.730722
192.761000, 1.556886, -2.172261, 0.730722
192.859000, 1.556886, -2.172261, 0.730724
192.954000, 1.556886, -2.172261, 0.730726
193.061000, 1.556886, -2.172261, 0.730730
193.165000, 1.556886, -2.172261, 0.730732
193.265000, 1.556886, -2.172261, 0.730734
193.358000, 1.556886, -2.172261, 0.730734
193.454000, 1.556886, -2.172261, 0.730737
193.537000, 1.556886, -2.172261, 0.730739
193.664000, 1.556886, -2.172261, 0.730742
193.763000, 1.556886, -2.172261, 0.730744
193.852000, 1.556886, -2.172261, 0.730747
193.963000, 1.556886, -2.172261, 0.730752
194.067000, 1.556886, -2.172261, 0.730754
194.154000, 1.556886, -2.172261, 0.730755
194.258000, 1.556886, -2.172261, 0.730758
194.358000, 1.556886, -2.172261, 0.730760
194.456000, 1.556886, -2.172261, 0.730761
194.553000, 1.556886, -2.172261, 0.730764
194.662000, 1.556886, -2.172261, 0.730768
194.756000, 1.556886, -2.172261, 0.730769
194.851000, 1.556886, -2.172261, 0.730772
194.958000, 1.556886, -2.172261, 0.730773
195.052000, 1.556886, -2.172261, 0.730776
195.157000, 1.556886, -2.172261, 0.730779
195.261000, 1.556886, -2.172261, 0.730781
195.361000, 1.556886, -2.172261, 0.730783
195.460000, 1.556886, -2.172261, 0.730786
195.551000, 1.556886, -2.172261, 0.730787
195.660000, 1.556886, -2.172261, 0.730789
195.756000, 1.556886, -2.172261, 0.730789
195.855000, 1.556886, -2.172261, 0.730792
195.963000, 1.556886, -2.172261, 0.730793
196.061000, 1.556886, -2.172261, 0.730795
196.154000, 1.556886, -2.172261, 0.730798
196.264000, 1.556886, -2.172261, 0.730802
196.356000, 1.556886, -2.172261, 0.730804
196.465000, 1.556886, -2.172261, 0.730805
196.553000, 1.556886, -2.172261, 0.730808
196.666000, 1.556886, -2.172261, 0.730811
196.766000, 1.556886, -2.172261, 0.730813
196.863000, 1.556886, -2.172261, 0.730813
196.962000, 1.556886, -2.172261, 0.730816
197.063000, 1.556886, -2.172261, 0.730819
197.160000, 1.556886, -2.172261, 0.730820
197.261000, 1.556886, -2.172261, 0.730824
197.364000, 1.556886, -2.172261, 0.730828
197.467000, 1.556886, -2.172261, 0.730831
197.567000, 1.556886, -2.172261, 0.730833
197.664000, 1.556886, -2.172261, 0.730834
197.764000, 1.556886, -2.172261, 0.730838
197.851000, 1.556886, -2.172261, 0.730841
197.960000, 1.556886, -2.172261, 0.730845
198.065000, 1.556886, -2.172261, 0.730848
198.166000, 1.556886, -2.172261, 0.730850
198.264000, 1.556886, -2.172261, 0.730852
198.360000, 1.556886, -2.172261, 0.730854
198.461000, 1.556886, -2.172261, 0.730858
198.564000, 1.556886, -2.172261, 0.730860
198.666000, 1.556886, -2.172261, 0.730863
198.749000, 1.556886, -2.172261, 0.730867
198.848000, 1.556886, -2.172261, 0.730869
198.960000, 1.556886, -2.172261, 0.730871
199.065000, 1.556886, -2.172261, 0.730873
199.159000, 1.556886, -2.172261, 0.730875
199.266000, 1.556886, -2.172261, 0.730876
199.360000, 1.556886, -2.172261, 0.730878
199.466000, 1.556886, -2.172261, 0.730882
199.563000, 1.556886, -2.172261, 0.730884
199.661000, 1.556886, -2.172261, 0.730886
199.765000, 1.556886, -2.172261, 0.730889
199.863000, 1.556886, -2.172261, 0.730892
199.961000, 1.556886, -2.172261, 0.730894
200.065000, 1.556886, -2.172261, 0.730898
200.160000, 1.556886, -2.172261, 0.730902
200.260000, 1.556886, -2.172261, 0.730904
200.362000, 1.556886, -2.172261, 0.730906
200.460000, 1.556886, -2.172261, 0.730909
200.553000, 1.556886, -2.172261, 0.730912
200.658000, 1.556886, -2.172261, 0.730914
200.764000, 1.556886, -2.172261, 0.730917
200.862000, 1.556886, -2.172261, 0.730921
200.960000, 1.556886, -2.172261, 0.730924
201.066000, 1.556886, -2.172261, 0.730925
201.150000, 1.556886, -2.172261, 0.730929
201.267000, 1.556886, -2.172261, 0.730932
201.364000, 1.556886, -2.172261, 0.730932
201.464000, 1.556886, -2.172261, 0.730934
201.563000, 1.556886, -2.172261, 0.730937
201.665000, 1.556886, -2.172261, 0.730941
201.761000, 1.556886, -2.172261, 0.730942
201.862000, 1.556886, -2.172261, 0.730945
201.955000, 1.556886, -2.172261, 0.730951
202.051000, 1.556886, -2.172261, 0.730953
202.158000, 1.556886, -2.172261, 0.730956
202.265000, 1.556886, -2.172261, 0.730961
202.357000, 1.556886, -2.172261, 0.730963
202.460000, 1.556886, -2.172261, 0.730964
202.554000, 1.556886, -2.172261, 0.730968
202.660000, 1.556886, -2.172261, 0.730971
202.767000, 1.556886, -2.172261, 0.730973
202.860000, 1.556886, -2.172261, 0.730977
202.957000, 1.556886, -2.172261, 0.730979
203.065000, 1.556886, -2.172261, 0.730982
203.154000, 1.556886, -2.172261, 0.730983
203.256000, 1.556886, -2.172261, 0.730986
203.356000, 1.556886, -2.172261, 0.730989
203.465000, 1.556886, -2.172261, 0.730991
203.560000, 1.556886, -2.172261, 0.730993
203.664000, 1.556886, -2.172261, 0.730998
203.762000, 1.556886, -2.172261, 0.731000
203.858000, 1.556886, -2.172261, 0.731003
203.965000, 1.556886, -2.172261, 0.731004
204.066000, 1.556886, -2.172261, 0.731006
204.152000, 1.556886, -2.172261, 0.731009
204.264000, 1.556886, -2.172261, 0.731011
204.368000, 1.556886, -2.172261, 0.731013
204.466000, 1.556886, -2.172261, 0.731018
204.555000, 1.556886, -2.172261, 0.731020
204.666000, 1.556886, -2.172261, 0.731022
204.754000, 1.556886, -2.172261, 0.731025
204.859000, 1.556886, -2.172261, 0.731028
204.954000, 1.556886, -2.172261, 0.731029
205.053000, 1.556886, -2.172261, 0.731031
205.164000, 1.556886, -2.172261, 0.731033
205.263000, 1.556886, -2.172261, 0.731036
205.366000, 1.556886, -2.172261, 0.731038
205.461000, 1.556886, -2.172261, 0.731040
205.566000, 1.556886, -2.172261, 0.731043
205.659000, 1.556886, -2.172261, 0.731046
205.758000, 1.556886, -2.172261, 0.731047
205.865000, 1.556886, -2.172261, 0.731051
205.962000, 1.556886, -2.172261, 0.731054
206.060000, 1.556886, -2.172261, 0.731056
206.152000, 1.556886, -2.172261, 0.731059
206.264000, 1.556886, -2.172261, 0.731062
206.352000, 1.556886, -2.172261, 0.731063
206.458000, 1.556886, -2.172261, 0.731064
206.556000, 1.556886, -2.172261, 0.731064
206.665000, 1.556886, -2.172261, 0.731066
206.755000, 1.556886, -2.172261, 0.731069
206.859000, 1.556886, -2.172261, 0.731072
206.953000, 1.556886, -2.172261, 0.731075
207.059000, 1.556886, -2.172261, 0.731077
207.162000, 1.556886, -2.172261, 0.731080
207.255000, 1.556886, -2.172261, 0.731080
207.363000, 1.556886, -2.172261, 0.731084
207.460000, 1.556886, -2.172261, 0.731088
207.557000, 1.556886, -2.172261, 0.731089
207.658000, 1.556886, -2.172261, 0.731090
207.757000, 1.556886, -2.172261, 0.731094
207.853000, 1.556886, -2.172261, 0.731097
207.952000, 1.556886, -2.172261, 0.731098
208.057000, 1.556886, -2.172261, 0.731101
208.164000, 1.556886, -2.172261, 0.731105
208.259000, 1.556886, -2.172261, 0.731109
208.365000, 1.556886, -2.172261, 0.731110
208.461000, 1.556886, -2.172261, 0.731112
208.556000, 1.556886, -2.172261, 0.731115
208.644000, 1.556886, -2.172261, 0.731117
208.757000, 1.556886, -2.172261, 0.731120
208.864000, 1.556886, -2.172261, 0.731123
208.955000, 1.556886, -2.172261, 0.731126
209.059000, 1.556886, -2.172261, 0.731128
209.165000, 1.556886, -2.172261, 0.731131
209.264000, 1.556886, -2.172261, 0.731135
209.363000, 1.556886, -2.172261, 0.731136
209.449000, 1.556886, -2.172261, 0.731137
209.560000, 1.556886, -2.172261, 0.731139
209.665000, 1.556886, -2.172261, 0.731142
209.767000, 1.556886, -2.172261, 0.731144
209.857000, 1.556886, -2.172261, 0.731147
209.964000, 1.556886, -2.172261, 0.731151
210.058000, 1.556886, -2.172261, 0.731155
210.166000, 1.556886, -2.172261, 0.731159
210.257000, 1.556886, -2.172261, 0.731160
210.363000, 1.556886, -2.172261, 0.731162
210.467000, 1.556886, -2.172261, 0.731165
210.560000, 1.556886, -2.172261, 0.731168
210.661000, 1.556886, -2.172261, 0.731169
210.750000, 1.556886, -2.172261, 0.731172
210.857000, 1.556886, -2.172261, 0.731175
210.962000, 1.556886, -2.172261, 0.731179
211.057000, 1.556886, -2.172261, 0.731180
211.162000, 1.556886, -2.172261, 0.731183
211.245000, 1.556886, -2.172261, 0.731186
211.364000, 1.556886, -2.172261, 0.731190
211.458000, 1.556886, -2.172261, 0.731191
211.565000, 1.556886, -2.172261, 0.731194
211.666000, 1.556886, -2.172261, 0.731198
211.763000, 1.556886, -2.172261, 0.731200
211.864000, 1.556886, -2.172261, 0.731202
211.967000, 1.556886, -2.172261, 0.731206
212.050000, 1.556886, -2.172261, 0.731209
212.166000, 1.556886, -2.172261, 0.731212
212.256000, 1.556886, -2.172261, 0.731213
212.364000, 1.556886, -2.172261, 0.731217
212.465000, 1.556886, -2.172261, 0.731219
212.559000, 1.556886, -2.172261, 0.731220
212.666000, 1.556886, -2.172261, 0.731223
212.761000, 1.556886, -2.172261, 0.731226
212.864000, 1.556886, -2.172261, 0.731228
212.956000, 1.556886, -2.172261, 0.731231
213.067000, 1.556886, -2.172261, 0.731233
213.165000, 1.556886, -2.172261, 0.731236
213.267000, 1.556886, -2.172261, 0.731238
213.360000, 1.556886, -2.172261, 0.731241
213.456000, 1.556886, -2.172261, 0.731244
213.566000, 1.556886, -2.172261, 0.731246
213.656000, 1.556886, -2.172261, 0.731248
213.758000, 1.556886, -2.172261, 0.731251
213.864000, 1.556886, -2.172261, 0.731255
213.961000, 1.556886, -2.172261, 0.731257
214.062000, 1.556886, -2.172261, 0.731261
214.145000, 1.556886, -2.172261, 0.731265
214.251000, 1.556886, -2.172261, 0.731267
214.354000, 1.556886, -2.172261, 0.731268
214.465000, 1.556886, -2.172261, 0.731272
214.560000, 1.556886, -2.172261, 0.731276
214.667000, 1.556886, -2.172261, 0.731277
214.750000, 1.556886, -2.172261, 0.731280
214.858000, 1.556886, -2.172261, 0.731283
214.957000, 1.556886, -2.172261, 0.731284
215.065000, 1.556886, -2.172261, 0.731287
215.158000, 1.556886, -2.172261, 0.731290
215.267000, 1.556886, -2.172261, 0.731293
215.365000, 1.556886, -2.172261, 0.731296
215.453000, 1.556886, -2.172261, 0.731298
215.564000, 1.556886, -2.172261, 0.731300
215.666000, 1.556886, -2.172261, 0.731302
215.755000, 1.556886, -2.172261, 0.731303
215.856000, 1.556886, -2.172261, 0.731306
215.962000, 1.556886, -2.172261, 0.731309
216.024000, 1.556886, -2.172261, 0.731310
216.156000, 1.556886, -2.172261, 0.731313
216.256000, 1.556886, -2.172261, 0.731315
216.367000, 1.556886, -2.172261, 0.731318
216.453000, 1.556886, -2.172261, 0.731321
216.565000, 1.556886, -2.172261, 0.731323
216.645000, 1.556886, -2.172261, 0.731326
216.740000, 1.556886, -2.172261, 0.731328
216.855000, 1.556886, -2.172261, 0.731330
216.963000, 1.556886, -2.172261, 0.731332
217.052000, 1.556886, -2.172261, 0.731335
217.166000, 1.556886, -2.172261, 0.731337
217.258000, 1.556886, -2.172261, 0.731337
217.359000, 1.556886, -2.172261, 0.731341
217.462000, 1.556886, -2.172261, 0.731343
217.553000, 1.556886, -2.172261, 0.731344
217.666000, 1.556886, -2.172261, 0.731348
217.755000, 1.556886, -2.172261, 0.731352
217.867000, 1.556886, -2.172261, 0.731354
217.967000, 1.556886, -2.172261, 0.731357
218.054000, 1.556886, -2.172261, 0.731361
218.163000, 1.556886, -2.172261, 0.731362
218.252000, 1.556886, -2.172261, 0.731365
218.361000, 1.556886, -2.172261, 0.731368
218.460000, 1.556886, -2.172261, 0.731369
218.560000, 1.556886, -2.172261, 0.731371
218.657000, 1.556886, -2.172261, 0.731374
218.766000, 1.556886, -2.172261, 0.731377
218.851000, 1.556886, -2.172261, 0.731378
218.966000, 1.556886, -2.172261, 0.731380
219.058000, 1.556886, -2.172261, 0.731384
219.173000, 1.556886, -2.172261, 0.731388
219.264000, 1.556886, -2.172261, 0.731389
219.357000, 1.556886, -2.172261, 0.731393
219.457000, 1.556886, -2.172261, 0.731395
219.554000, 1.556886, -2.172261, 0.731397
219.659000, 1.556886, -2.172261, 0.731400
219.764000, 1.556886, -2.172261, 0.731404
219.859000, 1.556886, -2.172261, 0.731407
219.962000, 1.556886, -2.172261, 0.731410
220.057000, 1.556886, -2.172261, 0.731412
220.164000, 1.556886, -2.172261, 0.731415
220.262000, 1.556886, -2.172261, 0.731417
220.357000, 1.556886, -2.172261, 0.731418
220.453000, 1.556886, -2.172261, 0.731421
220.563000, 1.556886, -2.172261, 0.731423
220.655000, 1.556886, -2.172261, 0.731426
220.755000, 1.556886, -2.172261, 0.731430
220.865000, 1.556886, -2.172261, 0.731433
220.962000, 1.556886, -2.172261, 0.731437
221.056000, 1.556886, -2.172261, 0.731438
221.148000, 1.556886, -2.172261, 0.731440
221.258000, 1.556886, -2.172261, 0.731443
221.357000, 1.556886, -2.172261, 0.731444
221.462000, 1.556886, -2.172261, 0.731446
221.560000, 1.556886, -2.172261, 0.731449
221.653000, 1.556886, -2.172261, 0.731452
221.767000, 1.556886, -2.172261, 0.731454
221.863000, 1.556886, -2.172261, 0.731456
221.958000, 1.556886, -2.172261, 0.731457
222.063000, 1.556886, -2.172261, 0.731460
222.164000, 1.556886, -2.172261, 0.731463
222.266000, 1.556886, -2.172261, 0.731466
222.355000, 1.556886, -2.172261, 0.731469
222.448000, 1.556886, -2.172261, 0.731470
222.565000, 1.556886, -2.172261, 0.731473
222.666000, 1.556886, -2.172261, 0.731476
222.761000, 1.556886, -2.172261, 0.731478
222.863000, 1.556886, -2.172261, 0.731481
222.957000, 1.556886, -2.172261, 0.731483
223.065000, 1.556886, -2.172261, 0.731487
223.158000, 1.556886, -2.172261, 0.731488
223.265000, 1.556886, -2.172261, 0.731493
223.363000, 1.556886, -2.172261, 0.731497
223.461000, 1.556886, -2.172261, 0.731500
223.562000, 1.556886, -2.172261, 0.731503
223.662000, 1.556886, -2.172261, 0.731505
223.767000, 1.556886, -2.172261, 0.731508
223.850000, 1.556886, -2.172261, 0.731510
223.964000, 1.556886, -2.172261, 0.731512
224.067000, 1.556886, -2.172261, 0.731514
224.167000, 1.556886, -2.172261, 0.731517
224.260000, 1.556886, -2.172261, 0.731523
224.367000, 1.556886, -2.172261, 0.731525
224.448000, 1.556886, -2.172261, 0.731527
224.554000, 1.556886, -2.172261, 0.731531
224.649000, 1.556886, -2.172261, 0.731534
224.767000, 1.556886, -2.172261, 0.731537
224.858000, 1.556886, -2.172261, 0.731540
224.959000, 1.556886, -2.172261, 0.731543
225.057000, 1.556886, -2.172261, 0.731544
225.165000, 1.556886, -2.172261, 0.731545
225.257000, 1.556886, -2.172261, 0.731549
225.360000, 1.556886, -2.172261, 0.731553
225.464000, 1.556886, -2.172261, 0.731554
225.563000, 1.556886, -2.172261, 0.731556
225.667000, 1.556886, -2.172261, 0.731559
225.754000, 1.556886, -2.172261, 0.731560
225.863000, 1.556886, -2.172261, 0.731564
225.957000, 1.556886, -2.172261, 0.731565
226.058000, 1.556886, -2.172261, 0.731568
226.164000, 1.556886, -2.172261, 0.731570
226.263000, 1.556886, -2.172261, 0.731572
226.363000, 1.556886, -2.172261, 0.731575
226.452000, 1.556886, -2.172261, 0.731579
226.566000, 1.556886, -2.172261, 0.731582
226.659000, 1.556886, -2.172261, 0.731583
226.764000, 1.556886, -2.172261, 0.731586
226.866000, 1.556886, -2.172261, 0.731590
226.965000, 1.556886, -2.172261, 0.731591
227.048000, 1.556886, -2.172261, 0.731593
227.161000, 1.556886, -2.172261, 0.731595
227.261000, 1.556886, -2.172261, 0.731597
227.359000, 1.556886, -2.172261, 0.731599
227.458000, 1.556886, -2.172261, 0.731602
227.563000, 1.556886, -2.172261, 0.731606
227.658000, 1.556886, -2.172261, 0.731609
227.761000, 1.556886, -2.172261, 0.731611
227.864000, 1.556886, -2.172261, 0.731614
227.962000, 1.556886, -2.172261, 0.731617
228.063000, 1.556886, -2.172261, 0.731619
228.165000, 1.556886, -2.172261, 0.731622
228.263000, 1.556886, -2.172261, 0.731624
228.358000, 1.556886, -2.172261, 0.731626
228.456000, 1.556886, -2.172261, 0.731628
228.563000, 1.556886, -2.172261, 0.731632
228.667000, 1.556886, -2.172261, 0.731635
228.759000, 1.556886, -2.172261, 0.731635
228.851000, 1.556886, -2.172261, 0.731638
228.967000, 1.556886, -2.172261, 0.731641
229.051000, 1.556886, -2.172261, 0.731644
229.163000, 1.556886, -2.172261, 0.731646
229.262000, 1.556886, -2.172261, 0.731650
229.361000, 1.556886, -2.172261, 0.731652
229.467000, 1.556886, -2.172261, 0.731655
229.565000, 1.556886, -2.172261, 0.731656
229.660000, 1.556886, -2.172261, 0.731659
229.751000, 1.556886, -2.172261, 0.731663
229.861000, 1.556886, -2.172261, 0.731665
229.966000, 1.556886, -2.172261, 0.731668
230.057000, 1.556886, -2.172261, 0.731674
230.165000, 1.556886, -2.172261, 0.731677
230.263000, 1.556886, -2.172261, 0.731679
230.363000, 1.556886, -2.172261, 0.731682
230.463000, 1.556886, -2.172261, 0.731685
230.542000, 1.556886, -2.172261, 0.731686
230.651000, 1.556886, -2.172261, 0.731691
230.762000, 1.556886, -2.172261, 0.731694
230.865000, 1.556886, -2.172261, 0.731697
230.963000, 1.556886, -2.172261, 0.731701
231.058000, 1.556886, -2.172261, 0.731705
231.164000, 1.556886, -2.172261, 0.731707
231.264000, 1.556886, -2.172261, 0.731709
231.364000, 1.556886, -2.172261, 0.731711
231.463000, 1.556886, -2.172261, 0.731713
231.557000, 1.556886, -2.172261, 0.731716
231.658000, 1.556886, -2.172261, 0.731719
231.755000, 1.556886, -2.172261, 0.731721
231.859000, 1.556886, -2.172261, 0.731725
231.964000, 1.556886, -2.172261, 0.731728
232.046000, 1.556886, -2.172261, 0.731729
232.164000, 1.556886, -2.172261, 0.731731
232.261000, 1.556886, -2.172261, 0.731734
232.358000, 1.556886, -2.172261, 0.731735
232.461000, 1.556886, -2.172261, 0.731738
232.561000, 1.556886, -2.172261, 0.731741
232.652000, 1.556886, -2.172261, 0.731744
232.764000, 1.556886, -2.172261, 0.731746
232.858000, 1.556886, -2.172261, 0.731747
232.961000, 1.556886, -2.172261, 0.731750
233.054000, 1.556886, -2.172261, 0.731752
233.141000, 1.556886, -2.172261, 0.731753
233.265000, 1.556886, -2.172261, 0.731755
233.364000, 1.556886, -2.172261, 0.731757
233.444000, 1.556886, -2.172261, 0.731759
233.564000, 1.556886, -2.172261, 0.731761
233.661000, 1.556886, -2.172261, 0.731764
233.752000, 1.556886, -2.172261, 0.731767
233.858000, 1.556886, -2.172261, 0.731770
233.958000, 1.556886, -2.172261, 0.731771
234.060000, 1.556886, -2.172261, 0.731775
234.160000, 1.556886, -2.172261, 0.731777
234.256000, 1.556886, -2.172261, 0.731778
234.352000, 1.556886, -2.172261, 0.731780
234.462000, 1.556886, -2.172261, 0.731783
234.562000, 1.556886, -2.172261, 0.731784
234.658000, 1.556886, -2.172261, 0.731788
234.761000, 1.556886, -2.172261, 0.731789
234.853000, 1.556886, -2.172261, 0.731790
234.958000, 1.556886, -2.172261, 0.731791
235.061000, 1.556886, -2.172261, 0.731792
235.157000, 1.556886, -2.172261, 0.731796
235.256000, 1.556886, -2.172261, 0.731799
235.338000, 1.556886, -2.172261, 0.731800
235.463000, 1.556886, -2.172261, 0.731803
235.567000, 1.556886, -2.172261, 0.731806
235.667000, 1.556886, -2.172261, 0.731809
235.756000, 1.556886, -2.172261, 0.731810
235.856000, 1.556886, -2.172261, 0.731811
235.964000, 1.556886, -2.172261, 0.731814
236.064000, 1.556886, -2.172261, 0.731815
236.159000, 1.556886, -2.172261, 0.731816
236.246000, 1.556886, -2.172261, 0.731820
236.361000, 1.556886, -2.172261, 0.731823
236.457000, 1.556886, -2.172261, 0.731825
236.556000, 1.556886, -2.172261, 0.731825
236.664000, 1.556886, -2.172261, 0.731827
236.765000, 1.556886, -2.172261, 0.731831
236.867000, 1.556886, -2.172261, 0.731835
236.959000, 1.556886, -2.172261, 0.731836
237.061000, 1.556886, -2.172261, 0.731838
237.162000, 1.556886, -2.172261, 0.731840
237.259000, 1.556886, -2.172261, 0.731843
237.357000, 1.556886, -2.172261, 0.731843
237.464000, 1.556886, -2.172261, 0.731846
237.561000, 1.556886, -2.172261, 0.731847
237.664000, 1.556886, -2.172261, 0.731850
237.762000, 1.556886, -2.172261, 0.731851
237.865000, 1.556886, -2.172261, 0.731855
237.962000, 1.556886, -2.172261, 0.731859
238.061000, 1.556886, -2.172261, 0.731861
238.155000, 1.556886, -2.172261, 0.731865
238.261000, 1.556886, -2.172261, 0.731866
238.362000, 1.556886, -2.172261, 0.731868
238.455000, 1.556886, -2.172261, 0.731870
238.566000, 1.556886, -2.172261, 0.731873
238.656000, 1.556886, -2.172261, 0.731875
238.765000, 1.556886, -2.172261, 0.731878
238.860000, 1.556886, -2.172261, 0.731879
238.958000, 1.556886, -2.172261, 0.731882
239.063000, 1.556886, -2.172261, 0.731883
239.157000, 1.556886, -2.172261, 0.731886
239.261000, 1.556886, -2.172261, 0.731890
239.357000, 1.556886, -2.172261, 0.731892
239.457000, 1.556886, -2.172261, 0.731894
239.558000, 1.556886, -2.172261, 0.731896
239.652000, 1.556886, -2.172261, 0.731898
239.765000, 1.556886, -2.172261, 0.731902
239.861000, 1.556886, -2.172261, 0.731903
239.965000, 1.556886, -2.172261, 0.731905
240.063000, 1.556886, -2.172261, 0.731911
240.167000, 1.556886, -2.172261, 0.731911
240.265000, 1.556886, -2.172261, 0.731911
240.365000, 1.556886, -2.172261, 0.731913
240.464000, 1.556886, -2.172261, 0.731916
240.563000, 1.556886, -2.172261, 0.731919
240.660000, 1.556886, -2.172261, 0.731920
240.763000, 1.556886, -2.172261, 0.731922
240.835000, 1.556886, -2.172261, 0.731924
240.961000, 1.556886, -2.172261, 0.731929
241.065000, 1.556886, -2.172261, 0.731933
241.162000, 1.556886, -2.172261, 0.731936
241.265000, 1.556886, -2.172261, 0.731939
241.359000, 1.556886, -2.172261, 0.731940
241.452000, 1.556886, -2.172261, 0.731943
241.567000, 1.556886, -2.172261, 0.731945
241.662000, 1.556886, -2.172261, 0.731948
241.761000, 1.556886, -2.172261, 0.731950
241.859000, 1.556886, -2.172261, 0.731953
241.961000, 1.556886, -2.172261, 0.731955
242.061000, 1.556886, -2.172261, 0.731956
242.155000, 1.556886, -2.172261, 0.731958
242.256000, 1.556886, -2.172261, 0.731962
242.361000, 1.556886, -2.172261, 0.731965
242.466000, 1.556886, -2.172261, 0.731968
242.570000, 1.556886, -2.172261, 0.731971
242.667000, 1.556886, -2.172261, 0.731972
242.766000, 1.556886, -2.172261, 0.731977
242.863000, 1.556886, -2.172261, 0.731980
242.961000, 1.556886, -2.172261, 0.731982
243.065000, 1.556886, -2.172261, 0.731985
243.161000, 1.556886, -2.172261, 0.731989
243.260000, 1.556886, -2.172261, 0.731991
243.363000, 1.556886, -2.172261, 0.731993
243.463000, 1.556886, -2.172261, 0.731997
243.561000, 1.556886, -2.172261, 0.732000
243.658000, 1.556886, -2.172261, 0.732002
243.750000, 1.556886, -2.172261, 0.732006
243.854000, 1.556886, -2.172261, 0.732008
243.955000, 1.556886, -2.172261, 0.732010
244.065000, 1.556886, -2.172261, 0.732012
244.161000, 1.556886, -2.172261, 0.732014
244.263000, 1.556886, -2.172261, 0.732016
244.363000, 1.556886, -2.172261, 0.732019
244.462000, 1.556886, -2.172261, 0.732022
244.547000, 1.556886, -2.172261, 0.732026
244.666000, 1.556886, -2.172261, 0.732028
244.755000, 1.556886, -2.172261, 0.732029
244.861000, 1.556886, -2.172261, 0.732032
244.956000, 1.556886, -2.172261, 0.732036
245.063000, 1.556886, -2.172261, 0.732040
245.167000, 1.556886, -2.172261, 0.732041
245.255000, 1.556886, -2.172261, 0.732043
245.366000, 1.556886, -2.172261, 0.732047
245.464000, 1.556886, -2.172261, 0.732049
245.559000, 1.556886, -2.172261, 0.732050
245.660000, 1.556886, -2.172261, 0.732054
245.752000, 1.556886, -2.172261, 0.732057
245.862000, 1.556886, -2.172261, 0.732059
245.963000, 1.556886, -2.172261, 0.732059
246.048000, 1.556886, -2.172261, 0.732061
246.167000, 1.556886, -2.172261, 0.732064
246.264000, 1.556886, -2.172261, 0.732067
246.367000, 1.556886, -2.172261, 0.732068
246.466000, 1.556886, -2.172261, 0.732072
246.561000, 1.556886, -2.172261, 0.732075
246.651000, 1.556886, -2.172261, 0.732076
246.765000, 1.556886, -2.172261, 0.732078
246.861000, 1.556886, -2.172261, 0.732082
246.958000, 1.556886, -2.172261, 0.732084
247.062000, 1.556886, -2.172261, 0.732085
247.165000, 1.556886, -2.172261, 0.732087
247.261000, 1.556886, -2.172261, 0.732091
247.360000, 1.556886, -2.172261, 0.732094
247.459000, 1.556886, -2.172261, 0.732096
247.561000, 1.556886, -2.172261, 0.732099
247.660000, 1.556886, -2.172261, 0.732100
247.759000, 1.556886, -2.172261, 0.732103
247.866000, 1.556886, -2.172261, 0.732104
247.956000, 1.556886, -2.172261, 0.732106
248.050000, 1.556886, -2.172261, 0.732109
248.158000, 1.556886, -2.172261, 0.732112
248.258000, 1.556886, -2.172261, 0.732116
248.363000, 1.556886, -2.172261, 0.732118
248.460000, 1.556886, -2.172261, 0.732119
248.550000, 1.556886, -2.172261, 0.732123
248.660000, 1.556886, -2.172261, 0.732126
248.760000, 1.556886, -2.172261, 0.732128
248.867000, 1.556886, -2.172261, 0.732130
248.959000, 1.556886, -2.172261, 0.732133
249.063000, 1.556886, -2.172261, 0.732137
249.167000, 1.556886, -2.172261, 0.732140
249.240000, 1.556886, -2.172261, 0.732142
249.360000, 1.556886, -2.172261, 0.732145
249.463000, 1.556886, -2.172261, 0.732147
249.556000, 1.556886, -2.172261, 0.732148
249.659000, 1.556886, -2.172261, 0.732151
249.764000, 1.556886, -2.172261, 0.732154
249.852000, 1.556886, -2.172261, 0.732157
249.960000, 1.556886, -2.172261, 0.732158
250.048000, 1.556886, -2.172261, 0.732163
250.160000, 1.556886, -2.172261, 0.732167
250.257000, 1.556886, -2.172261, 0.732170
250.363000, 1.556886, -2.172261, 0.732171
250.459000, 1.556886, -2.172261, 0.732175
250.567000, 1.556886, -2.172261, 0.732178
250.656000, 1.556886, -2.172261, 0.732180
250.758000, 1.556886, -2.172261, 0.732184
250.862000, 1.556886, -2.172261, 0.732187
250.963000, 1.556886, -2.172261, 0.732191
251.058000, 1.556886, -2.172261, 0.732192
251.163000, 1.556886, -2.172261, 0.732194
251.270000, 1.556886, -2.172261, 0.732197
251.364000, 1.556886, -2.172261, 0.732199
251.453000, 1.556886, -2.172261, 0.732199
251.564000, 1.556886, -2.172261, 0.732203
251.650000, 1.556886, -2.172261, 0.732206
251.751000, 1.556886, -2.172261, 0.732208
251.860000, 1.556886, -2.172261, 0.732211
251.959000, 1.556886, -2.172261, 0.732214
252.065000, 1.556886, -2.172261, 0.732217
252.167000, 1.556886, -2.172261, 0.732219
252.253000, 1.556886, -2.172261, 0.732220
252.356000, 1.556886, -2.172261, 0.732224
252.458000, 1.556886, -2.172261, 0.732227
252.561000, 1.556886, -2.172261, 0.732229
252.659000, 1.556886, -2.172261, 0.732233
252.762000, 1.556886, -2.172261, 0.732236
252.865000, 1.556886, -2.172261, 0.732239
252.964000, 1.556886, -2.172261, 0.732241
253.067000, 1.556886, -2.172261, 0.732244
253.155000, 1.556886, -2.172261, 0.732245
253.247000, 1.556886, -2.172261, 0.732246
253.359000, 1.556886, -2.172261, 0.732250
253.461000, 1.556886, -2.172261, 0.732254
253.558000, 1.556886, -2.172261, 0.732256
253.657000, 1.556886, -2.172261, 0.732258
253.754000, 1.556886, -2.172261, 0.732262
253.848000, 1.556886, -2.172261, 0.732265
253.963000, 1.556886, -2.172261, 0.732268
254.056000, 1.556886, -2.172261, 0.732270
254.161000, 1.556886, -2.172261, 0.732273
254.261000, 1.556886, -2.172261, 0.732276
254.367000, 1.556886, -2.172261, 0.732279
254.453000, 1.556886, -2.172261, 0.732282
254.560000, 1.556886, -2.172261, 0.732285
254.660000, 1.556886, -2.172261, 0.732287
254.758000, 1.556886, -2.172261, 0.732290
254.865000, 1.556886, -2.172261, 0.732292
254.960000, 1.556886, -2.172261, 0.732294
255.056000, 1.556886, -2.172261, 0.732296
255.167000, 1.556886, -2.172261, 0.732299
255.245000, 1.556886, -2.172261, 0.732301
255.367000, 1.556886, -2.172261, 0.732305
255.459000, 1.556886, -2.172261, 0.732305
255.552000, 1.556886, -2.172261, 0.732308
255.666000, 1.556886, -2.172261, 0.732311
255.763000, 1.556886, -2.172261, 0.732315
255.848000, 1.556886, -2.172261, 0.732316
255.966000, 1.556886, -2.172261, 0.732317
256.060000, 1.556886, -2.172261, 0.732320
256.156000, 1.556886, -2.172261, 0.732322
256.250000, 1.556886, -2.172261, 0.732324
256.360000, 1.556886, -2.172261, 0.732328
256.466000, 1.556886, -2.172261, 0.732332
256.558000, 1.556886, -2.172261, 0.732333
256.657000, 1.556886, -2.172261, 0.732335
256.757000, 1.556886, -2.172261, 0.732338
256.847000, 1.556886, -2.172261, 0.732340
256.967000, 1.556886, -2.172261, 0.732343
257.059000, 1.556886, -2.172261, 0.732346
257.160000, 1.556886, -2.172261, 0.732348
257.265000, 1.556886, -2.172261, 0.732350
257.362000, 1.556886, -2.172261, 0.732352
257.458000, 1.556886, -2.172261, 0.732355
257.561000, 1.556886, -2.172261, 0.732358
257.655000, 1.556886, -2.172261, 0.732359
257.758000, 1.556886, -2.172261, 0.732361
257.862000, 1.556886, -2.172261, 0.732365
257.960000, 1.556886, -2.172261, 0.732367
258.066000, 1.556886, -2.172261, 0.732368
258.159000, 1.556886, -2.172261, 0.732372
258.254000, 1.556886, -2.172261, 0.732376
258.354000, 1.556886, -2.172261, 0.732377
258.460000, 1.556886, -2.172261, 0.732380
258.557000, 1.556886, -2.172261, 0.732383
258.662000, 1.556886, -2.172261, 0.732386
258.756000, 1.556886, -2.172261, 0.732388
258.866000, 1.556886, -2.172261, 0.732391
258.958000, 1.556886, -2.172261, 0.732394
259.065000, 1.556886, -2.172261, 0.732398
259.164000, 1.556886, -2.172261, 0.732401
259.259000, 1.556886, -2.172261, 0.732403
259.363000, 1.556886, -2.172261, 0.732406
259.455000, 1.556886, -2.172261, 0.732411
259.561000, 1.556886, -2.172261, 0.732413
259.652000, 1.556886, -2.172261, 0.732416
259.763000, 1.556886, -2.172261, 0.732420
259.857000, 1.556886, -2.172261, 0.732421
259.962000, 1.556886, -2.172261, 0.732424
260.062000, 1.556886, -2.172261, 0.732429
260.167000, 1.556886, -2.172261, 0.732431
260.267000, 1.556886, -2.172261, 0.732432
260.361000, 1.556886, -2.172261, 0.732435
260.451000, 1.556886, -2.172261, 0.732438
260.558000, 1.556886, -2.172261, 0.732442
260.666000, 1.556886, -2.172261, 0.732443
260.763000, 1.556886, -2.172261, 0.732448
260.863000, 1.556886, -2.172261, 0.732449
260.960000, 1.556886, -2.172261, 0.732450
261.060000, 1.556886, -2.172261, 0.732453
261.157000, 1.556886, -2.172261, 0.732457
261.251000, 1.556886, -2.172261, 0.732458
261.359000, 1.556886, -2.172261, 0.732460
261.453000, 1.556886, -2.172261, 0.732464
261.557000, 1.556886, -2.172261, 0.732467
261.667000, 1.556886, -2.172261, 0.732469
261.761000, 1.556886, -2.172261, 0.732472
261.864000, 1.556886, -2.172261, 0.732476
261.965000, 1.556886, -2.172261, 0.732480
262.063000, 1.556886, -2.172261, 0.732481
262.160000, 1.556886, -2.172261, 0.732485
262.253000, 1.556886, -2.172261, 0.732488
262.358000, 1.556886, -2.172261, 0.732490
262.463000, 1.556886, -2.172261, 0.732491
262.566000, 1.556886, -2.172261, 0.732494
262.664000, 1.556886, -2.172261, 0.732497
262.759000, 1.556886, -2.172261, 0.732497
262.850000, 1.556886, -2.172261, 0.732499
262.949000, 1.556886, -2.172261, 0.732505
263.061000, 1.556886, -2.172261, 0.732509
263.155000, 1.556886, -2.172261, 0.732511
263.264000, 1.556886, -2.172261, 0.732513
263.352000, 1.556886, -2.172261, 0.732516
263.465000, 1.556886, -2.172261, 0.732521
263.566000, 1.556886, -2.172261, 0.732525
263.667000, 1.556886, -2.172261, 0.732528
263.763000, 1.556886, -2.172261, 0.732531
263.857000, 1.556886, -2.172261, 0.732532
263.961000, 1.556886, -2.172261, 0.732537
264.061000, 1.556886, -2.172261, 0.732539
264.157000, 1.556886, -2.172261, 0.732540
264.259000, 1.556886, -2.172261, 0.732542
264.359000, 1.556886, -2.172261, 0.732546
264.457000, 1.556886, -2.172261, 0.732548
264.564000, 1.556886, -2.172261, 0.732550
264.663000, 1.556886, -2.172261, 0.732553
264.761000, 1.556886, -2.172261, 0.732556
264.864000, 1.556886, -2.172261, 0.732558
264.933000, 1.556886, -2.172261, 0.732559
265.057000, 1.556886, -2.172261, 0.732563
265.162000, 1.556886, -2.172261, 0.732568
265.262000, 1.556886, -2.172261, 0.732569
265.358000, 1.556886, -2.172261, 0.732571
265.453000, 1.556886, -2.172261, 0.732575
265.559000, 1.556886, -2.172261, 0.732579
265.655000, 1.556886, -2.172261, 0.732580
265.754000, 1.556886, -2.172261, 0.732582
265.861000, 1.556886, -2.172261, 0.732586
265.966000, 1.556886, -2.172261, 0.732589
266.062000, 1.556886, -2.172261, 0.732590
266.153000, 1.556886, -2.172261, 0.732593
266.261000, 1.556886, -2.172261, 0.732596
266.364000, 1.556886, -2.172261, 0.732598
266.455000, 1.556886, -2.172261, 0.732600
266.555000, 1.556886, -2.172261, 0.732603
266.663000, 1.556886, -2.172261, 0.732605
266.760000, 1.556886, -2.172261, 0.732607
266.859000, 1.556886, -2.172261, 0.732610
266.958000, 1.556886, -2.172261, 0.732613
267.064000, 1.556886, -2.172261, 0.732615
267.165000, 1.556886, -2.172261, 0.732618
267.249000, 1.556886, -2.172261, 0.732621
267.349000, 1.556886, -2.172261, 0.732624
267.466000, 1.556886, -2.172261, 0.732625
267.561000, 1.556886, -2.172261, 0.732629
267.662000, 1.556886, -2.172261, 0.732632
267.745000, 1.556886, -2.172261, 0.732633
267.857000, 1.556886, -2.172261, 0.732636
267.950000, 1.556886, -2.172261, 0.732640
268.067000, 1.556886, -2.172261, 0.732644
268.162000, 1.556886, -2.172261, 0.732644
268.264000, 1.556886, -2.172261, 0.732647
268.357000, 1.556886, -2.172261, 0.732649
268.463000, 1.556886, -2.172261, 0.732652
268.557000, 1.556886, -2.172261, 0.732655
268.665000, 1.556886, -2.172261, 0.732658
268.762000, 1.556886, -2.172261, 0.732660
268.866000, 1.556886, -2.172261, 0.732661
268.959000, 1.556886, -2.172261, 0.732665
269.055000, 1.556886, -2.172261, 0.732667
269.161000, 1.556886, -2.172261, 0.732670
269.263000, 1.556886, -2.172261, 0.732673
269.367000, 1.556886, -2.172261, 0.732674
269.462000, 1.556886, -2.172261, 0.732677
269.558000, 1.556886, -2.172261, 0.732680
269.667000, 1.556886, -2.172261, 0.732682
269.763000, 1.556886, -2.172261, 0.732684
269.862000, 1.556886, -2.172261, 0.732687
269.957000, 1.556886, -2.172261, 0.732690
270.060000, 1.556886, -2.172261, 0.732691
270.157000, 1.556886, -2.172261, 0.732691
270.258000, 1.556886, -2.172261, 0.732694
270.357000, 1.556886, -2.172261, 0.732698
270.458000, 1.556886, -2.172261, 0.732700
270.561000, 1.556886, -2.172261, 0.732701
270.661000, 1.556886, -2.172261, 0.732706
270.753000, 1.556886, -2.172261, 0.732709
270.865000, 1.556886, -2.172261, 0.732714
270.965000, 1.556886, -2.172261, 0.732716
271.067000, 1.556886, -2.172261, 0.732719
271.160000, 1.556886, -2.172261, 0.732723
271.250000, 1.556886, -2.172261, 0.732726
271.358000, 1.556886, -2.172261, 0.732729
271.459000, 1.556886, -2.172261, 0.732731
271.559000, 1.556886, -2.172261, 0.732733
271.664000, 1.556886, -2.172261, 0.732735
271.767000, 1.556886, -2.172261, 0.732737
271.864000, 1.556886, -2.172261, 0.732739
271.956000, 1.556886, -2.172261, 0.732742
272.060000, 1.556886, -2.172261, 0.732745
272.155000, 1.556886, -2.172261, 0.732747
272.253000, 1.556886, -2.172261, 0.732750
272.361000, 1.556886, -2.172261, 0.732754
272.453000, 1.556886, -2.172261, 0.732754
272.544000, 1.556886, -2.172261, 0.732757
272.660000, 1.556886, -2.172261, 0.732762
272.763000, 1.556886, -2.172261, 0.732763
272.858000, 1.556886, -2.172261, 0.732764
272.962000, 1.556886, -2.172261, 0.732767
273.059000, 1.556886, -2.172261, 0.732770
273.162000, 1.556886, -2.172261, 0.732772
