  Time        X         Y         YAW
123.258000, 2.997392, -0.002397, -1.574610
123.360000, 2.997392, -0.002397, -1.574608
123.455000, 2.997392, -0.002397, -1.574606
123.566000, 2.997392, -0.002397, -1.574603
123.625000, 2.997392, -0.002397, -1.574602
123.738000, 2.997392, -0.002397, -1.574598
123.867000, 2.997392, -0.002397, -1.574596
123.965000, 2.997392, -0.002397, -1.574593
124.065000, 2.997392, -0.002397, -1.574590
124.155000, 2.997392, -0.002397, -1.574588
124.267000, 2.997392, -0.002397, -1.574585
124.358000, 2.997392, -0.002397, -1.574582
124.457000, 2.997392, -0.002397, -1.574580
124.548000, 2.997392, -0.002397, -1.574578
124.663000, 2.997392, -0.002397, -1.574575
124.767000, 2.997392, -0.002397, -1.574573
124.856000, 2.997392, -0.002397, -1.574572
124.966000, 2.997392, -0.002397, -1.574569
125.064000, 2.997392, -0.002397, -1.574566
125.161000, 2.997392, -0.002397, -1.574563
125.260000, 2.997392, -0.002397, -1.574563
125.364000, 2.997392, -0.002397, -1.574561
125.461000, 2.997392, -0.002397, -1.574557
125.556000, 2.997392, -0.002397, -1.574556
125.666000, 2.997392, -0.002397, -1.574553
125.761000, 2.997392, -0.002397, -1.574549
125.845000, 2.997392, -0.002397, -1.574546
125.962000, 2.997392, -0.002397, -1.574543
126.036000, 2.997392, -0.002397, -1.574542
126.163000, 2.997392, -0.002397, -1.574539
126.221000, 2.997392, -0.002397, -1.574538
126.360000, 2.997392, -0.002397, -1.574535
126.461000, 2.997392, -0.002397, -1.574533
126.559000, 2.997392, -0.002397, -1.574530
126.664000, 2.997388, -0.003267, -1.576352
126.761000, 2.997347, -0.007061, -1.586997
126.863000, 2.997238, -0.011590, -1.610703
126.941000, 2.997238, -0.011590, -1.656797
127.061000, 2.997238, -0.011590, -1.728816
127.151000, 2.997089, -0.017846, -1.802189
127.266000, 2.997089, -0.017846, -1.874485
127.349000, 2.997089, -0.017846, -1.930437
127.449000, 2.986370, -0.017279, -2.000878
127.564000, 2.986370, -0.017279, -2.077159
127.661000, 2.986370, -0.017279, -2.140864
127.767000, 2.986370, -0.017279, -2.209884
127.866000, 2.986715, -0.023259, -2.277087
127.960000, 2.986715, -0.023259, -2.339589
128.059000, 2.986715, -0.023259, -2.403973
128.159000, 2.992945, -0.030459, -2.473734
128.261000, 2.992945, -0.030459, -2.554608
128.358000, 2.992945, -0.030459, -2.604130
128.463000, 2.983140, -0.031187, -2.668602
128.565000, 2.983140, -0.031187, -2.735660
128.664000, 2.983140, -0.031187, -2.800819
128.729000, 2.982638, -0.031344, -2.851407
128.857000, 2.982305, -0.048006, -2.934672
128.962000, 2.977464, -0.048885, -3.000409
129.059000, 2.976971, -0.048928, -3.064112
129.167000, 2.972444, -0.053509, -3.133773
129.261000, 2.968275, -0.053439, 3.087698
129.366000, 2.967290, -0.053336, 3.018658
129.458000, 2.961828, -0.048421, 2.959619
129.560000, 2.955322, -0.046988, 2.893248
129.664000, 2.947388, -0.044680, 2.826117
129.761000, 2.937395, -0.041053, 2.762470
129.855000, 2.935986, -0.031214, 2.701128
129.950000, 2.924657, -0.025436, 2.638021
130.063000, 2.912377, -0.018095, 2.567009
130.166000, 2.901178, -0.010299, 2.499201
130.260000, 2.888448, 0.007260, 2.440545
130.363000, 2.878418, 0.016314, 2.373330
130.456000, 2.870533, 0.024396, 2.309704
130.564000, 2.864641, 0.031341, 2.239920
130.660000, 2.865553, 0.038186, 2.179577
130.766000, 2.860533, 0.045876, 2.112904
130.860000, 2.859348, 0.047912, 2.074772
130.955000, 2.859348, 0.047912, 2.060135
131.067000, 2.859348, 0.047912, 2.067465
131.155000, 2.859348, 0.047912, 2.103584
131.262000, 2.859348, 0.047912, 2.166830
131.363000, 2.859348, 0.047912, 2.233253
131.467000, 2.859348, 0.047912, 2.301698
131.557000, 2.864630, 0.047432, 2.361511
131.653000, 2.864630, 0.047432, 2.424658
131.764000, 2.864630, 0.047432, 2.497744
131.860000, 2.864630, 0.047432, 2.561544
131.967000, 2.862618, 0.053452, 2.637996
132.058000, 2.862618, 0.053452, 2.697848
132.163000, 2.862618, 0.053452, 2.766883
132.265000, 2.862950, 0.053276, 2.834499
132.357000, 2.862950, 0.053276, 2.893489
132.464000, 2.862950, 0.053276, 2.956820
132.555000, 2.862950, 0.053276, 3.005437
132.648000, 2.862382, 0.054183, 3.049418
132.761000, 2.862382, 0.054183, 3.098588
132.860000, 2.862382, 0.054183, 3.136958
132.948000, 2.862382, 0.054183, -3.109927
133.047000, 2.862382, 0.054183, -3.068911
133.159000, 2.862382, 0.054183, -3.040742
133.258000, 2.862382, 0.054183, -3.040084
133.363000, 2.862382, 0.054183, -3.040081
133.442000, 2.862382, 0.054183, -3.040078
133.562000, 2.862382, 0.054183, -3.040074
133.668000, 2.862382, 0.054183, -3.040069
133.750000, 2.862382, 0.054183, -3.040068
133.867000, 2.862382, 0.054183, -3.040066
133.962000, 2.862382, 0.054183, -3.040063
134.064000, 2.862382, 0.054183, -3.040057
134.167000, 2.862382, 0.054183, -3.040054
134.254000, 2.862382, 0.054183, -3.040051
134.363000, 2.862382, 0.054183, -3.040050
134.466000, 2.862382, 0.054183, -3.040047
134.565000, 2.862382, 0.054183, -3.040045
134.662000, 2.862382, 0.054183, -3.040041
134.767000, 2.862382, 0.054183, -3.040039
134.865000, 2.862382, 0.054183, -3.040038
134.952000, 2.862382, 0.054183, -3.040035
135.064000, 2.862382, 0.054183, -3.040031
135.166000, 2.862382, 0.054183, -3.040028
135.252000, 2.862382, 0.054183, -3.040027
135.363000, 2.862382, 0.054183, -3.040026
135.455000, 2.862382, 0.054183, -3.040023
135.562000, 2.862382, 0.054183, -3.040018
135.664000, 2.862382, 0.054183, -3.040016
135.758000, 2.862382, 0.054183, -3.040013
135.864000, 2.862382, 0.054183, -3.040010
135.963000, 2.862382, 0.054183, -3.040006
136.061000, 2.862382, 0.054183, -3.040005
136.151000, 2.862382, 0.054183, -3.040002
136.265000, 2.862382, 0.054183, -3.039999
136.358000, 2.862382, 0.054183, -3.039997
136.461000, 2.862382, 0.054183, -3.039995
136.562000, 2.862382, 0.054183, -3.039992
136.655000, 2.862382, 0.054183, -3.039990
136.767000, 2.862382, 0.054183, -3.039987
136.863000, 2.862382, 0.054183, -3.039987
136.961000, 2.862382, 0.054183, -3.039984
137.067000, 2.862382, 0.054183, -3.039980
137.151000, 2.862382, 0.054183, -3.039978
137.265000, 2.862382, 0.054183, -3.039975
137.366000, 2.862382, 0.054183, -3.039971
137.467000, 2.862382, 0.054183, -3.039969
137.557000, 2.862382, 0.054183, -3.039969
137.667000, 2.862382, 0.054183, -3.039965
137.755000, 2.862382, 0.054183, -3.039962
137.862000, 2.862382, 0.054183, -3.039959
137.967000, 2.862382, 0.054183, -3.039957
138.053000, 2.862382, 0.054183, -3.039954
138.155000, 2.862382, 0.054183, -3.039951
138.242000, 2.862382, 0.054183, -3.039949
138.365000, 2.862382, 0.054183, -3.039945
138.453000, 2.862382, 0.054183, -3.039943
138.565000, 2.862382, 0.054183, -3.039941
138.650000, 2.862382, 0.054183, -3.039940
138.755000, 2.862382, 0.054183, -3.039938
138.865000, 2.862382, 0.054183, -3.039934
138.956000, 2.862382, 0.054183, -3.039932
139.065000, 2.862382, 0.054183, -3.039924
139.165000, 2.862382, 0.054183, -3.039922
139.265000, 2.861427, 0.054086, -3.040684
139.364000, 2.857576, 0.053704, -3.044601
139.453000, 2.851528, 0.053133, -3.050250
139.557000, 2.842039, 0.052298, -3.057194
139.658000, 2.831514, 0.051451, -3.068356
139.762000, 2.827112, 0.051174, -3.098792
139.867000, 2.827112, 0.051174, 3.131739
139.944000, 2.827112, 0.051174, 3.077392
140.050000, 2.827112, 0.051174, 3.011038
140.144000, 2.827112, 0.051174, 2.943861
140.258000, 2.829235, 0.055950, 2.875705
140.362000, 2.829235, 0.055950, 2.807384
140.458000, 2.829235, 0.055950, 2.744258
140.560000, 2.821894, 0.062234, 2.681375
140.664000, 2.821894, 0.062234, 2.612992
140.766000, 2.821894, 0.062234, 2.545899
140.857000, 2.821894, 0.062234, 2.486165
140.951000, 2.816208, 0.060525, 2.423830
141.061000, 2.816208, 0.060525, 2.351392
141.143000, 2.816208, 0.060525, 2.291546
141.264000, 2.809926, 0.058061, 2.216525
141.362000, 2.809926, 0.058061, 2.152735
141.450000, 2.809926, 0.058061, 2.093523
141.562000, 2.809926, 0.058061, 2.021087
141.649000, 2.808603, 0.056577, 1.966206
141.751000, 2.808603, 0.056577, 1.896477
141.849000, 2.808603, 0.056577, 1.833960
141.967000, 2.808603, 0.056577, 1.754810
142.060000, 2.805841, 0.056761, 1.694141
142.167000, 2.805841, 0.056761, 1.624940
142.251000, 2.805841, 0.056761, 1.568404
142.363000, 2.805841, 0.056761, 1.496134
142.459000, 2.803713, 0.053718, 1.432439
142.558000, 2.803713, 0.053718, 1.366665
142.665000, 2.803974, 0.054719, 1.297694
142.747000, 2.797831, 0.055071, 1.239895
142.866000, 2.800525, 0.062031, 1.167440
142.959000, 2.803898, 0.069295, 1.105799
143.066000, 2.808610, 0.077920, 1.036098
143.147000, 2.814247, 0.080570, 0.977347
143.261000, 2.820592, 0.089281, 0.904969
143.366000, 2.827228, 0.097165, 0.836648
143.464000, 2.836594, 0.105825, 0.770438
143.560000, 2.845672, 0.114107, 0.708021
143.651000, 2.855461, 0.121978, 0.647519
143.760000, 2.872999, 0.133910, 0.573221
143.857000, 2.889122, 0.143602, 0.509414
143.952000, 2.905985, 0.152351, 0.446988
144.064000, 2.926520, 0.161287, 0.373325
144.161000, 2.951282, 0.163020, 0.307486
144.256000, 2.970333, 0.168400, 0.242268
144.366000, 2.991073, 0.172772, 0.172704
144.456000, 3.012210, 0.173902, 0.111340
144.564000, 3.033743, 0.175548, 0.041077
144.667000, 3.054339, 0.175744, -0.019700
144.762000, 3.073918, 0.174877, -0.067279
144.865000, 3.093838, 0.173105, -0.110205
144.945000, 3.106666, 0.171302, -0.147749
145.058000, 3.127576, 0.167816, -0.182625
145.155000, 3.146791, 0.163955, -0.215409
145.264000, 3.167799, 0.158940, -0.251511
145.358000, 3.186718, 0.153817, -0.275583
145.458000, 3.205336, 0.148366, -0.293837
145.558000, 3.224429, 0.142411, -0.309796
145.667000, 3.245893, 0.135338, -0.331237
145.759000, 3.262656, 0.129352, -0.353017
145.856000, 3.282710, 0.122100, -0.370925
145.958000, 3.300558, 0.115023, -0.383755
146.067000, 3.319978, 0.107032, -0.397605
146.157000, 3.336712, 0.099877, -0.410956
146.266000, 3.356442, 0.091085, -0.427120
146.356000, 3.372781, 0.083533, -0.437875
146.467000, 3.392841, 0.074024, -0.447059
146.557000, 3.409767, 0.065842, -0.453263
146.661000, 3.427727, 0.057042, -0.456697
146.758000, 3.445136, 0.048481, -0.457775
146.860000, 3.463608, 0.039364, -0.457971
146.957000, 3.481942, 0.031407, -0.455798
147.059000, 3.500615, 0.022244, -0.457884
147.165000, 3.519251, 0.013006, -0.461221
147.260000, 3.536264, 0.004547, -0.462018
147.355000, 3.553264, -0.003940, -0.464431
147.449000, 3.571663, -0.013203, -0.468787
147.560000, 3.590017, -0.022558, -0.473586
147.665000, 3.608513, -0.032072, -0.475421
147.760000, 3.625589, -0.040851, -0.474648
147.866000, 3.644264, -0.050454, -0.475682
147.961000, 3.661328, -0.059255, -0.475493
148.062000, 3.679121, -0.068388, -0.473619
148.162000, 3.694085, -0.074696, -0.470744
148.252000, 3.710128, -0.082859, -0.470221
148.361000, 3.729570, -0.092721, -0.469100
148.462000, 3.747587, -0.101854, -0.469608
148.564000, 3.765776, -0.111092, -0.468959
148.664000, 3.783629, -0.120106, -0.467031
148.747000, 3.799166, -0.127940, -0.467023
148.865000, 3.819703, -0.138296, -0.467019
148.963000, 3.837024, -0.147033, -0.467776
149.057000, 3.854336, -0.155787, -0.467256
149.165000, 3.873099, -0.165220, -0.465340
149.232000, 3.887040, -0.172220, -0.465338
149.346000, 3.915264, -0.182575, -0.465503
149.459000, 3.934937, -0.192423, -0.461359
149.529000, 3.946411, -0.198097, -0.457362
149.659000, 3.969234, -0.209243, -0.451228
149.761000, 3.987606, -0.218111, -0.448979
149.862000, 4.005796, -0.226895, -0.450383
149.965000, 4.024339, -0.235867, -0.450873
150.049000, 4.039463, -0.243183, -0.449218
150.163000, 4.060211, -0.253108, -0.442608
150.258000, 4.077220, -0.261117, -0.439376
150.357000, 4.095131, -0.269556, -0.441675
150.454000, 4.111593, -0.277136, -0.441888
150.562000, 4.131489, -0.286525, -0.439985
150.656000, 4.146789, -0.293702, -0.435081
150.762000, 4.159158, -0.299331, -0.415003
150.866000, 4.165078, -0.301842, -0.380474
150.957000, 4.165841, -0.302141, -0.344488
151.063000, 4.165841, -0.302141, -0.296827
151.166000, 4.165841, -0.302141, -0.257824
151.257000, 4.160324, -0.298876, -0.217892
151.356000, 4.160324, -0.298876, -0.174038
151.460000, 4.160324, -0.298876, -0.134579
151.543000, 4.160324, -0.298876, -0.097950
151.641000, 4.160324, -0.298876, -0.058812
151.742000, 4.160324, -0.298876, -0.018168
151.858000, 4.156438, -0.298633, 0.033351
151.952000, 4.156438, -0.298633, 0.074504
152.065000, 4.156438, -0.298633, 0.129598
152.165000, 4.156438, -0.298633, 0.193987
152.256000, 4.163212, -0.305242, 0.254580
152.358000, 4.163212, -0.305242, 0.319052
152.461000, 4.163212, -0.305242, 0.386816
152.563000, 4.156545, -0.306345, 0.453115
152.663000, 4.156545, -0.306345, 0.518940
152.759000, 4.156545, -0.306345, 0.582008
152.851000, 4.156545, -0.306345, 0.643835
152.957000, 4.154511, -0.306749, 0.712712
153.057000, 4.154511, -0.306749, 0.777842
153.156000, 4.154511, -0.306749, 0.842871
153.264000, 4.152278, -0.306668, 0.914704
153.365000, 4.152278, -0.306668, 0.981840
153.466000, 4.152278, -0.306668, 1.047525
153.558000, 4.149717, -0.309072, 1.110695
153.664000, 4.149717, -0.309072, 1.179792
153.764000, 4.149717, -0.309072, 1.244975
153.863000, 4.149717, -0.309072, 1.310663
153.962000, 4.150149, -0.310396, 1.374944
154.062000, 4.150149, -0.310396, 1.440811
154.155000, 4.150149, -0.310396, 1.503344
154.257000, 4.147321, -0.311083, 1.570957
154.362000, 4.147321, -0.311083, 1.642595
154.457000, 4.147321, -0.311083, 1.702513
154.564000, 4.147321, -0.311083, 1.772854
154.660000, 4.149091, -0.311866, 1.837561
154.763000, 4.149091, -0.311866, 1.907307
154.855000, 4.149091, -0.311866, 1.969703
154.961000, 4.145772, -0.314595, 2.035637
155.062000, 4.145772, -0.314595, 2.102040
155.164000, 4.145772, -0.314595, 2.169832
155.250000, 4.155095, -0.315194, 2.228965
155.359000, 4.154567, -0.314580, 2.297828
155.456000, 4.152070, -0.311967, 2.362918
155.564000, 4.146740, -0.307085, 2.433793
155.653000, 4.140635, -0.302179, 2.494971
155.767000, 4.135700, -0.299305, 2.564696
155.866000, 4.127847, -0.294539, 2.627866
155.957000, 4.119115, -0.289970, 2.689603
156.059000, 4.107480, -0.284786, 2.754562
156.164000, 4.088395, -0.278140, 2.832297
156.261000, 4.072911, -0.273668, 2.887661
156.342000, 4.055954, -0.269776, 2.945046
156.468000, 4.032462, -0.265989, 3.012562
156.558000, 4.010391, -0.264864, 3.054482
156.661000, 3.990235, -0.263546, 3.096472
156.762000, 3.970044, -0.262996, 3.131298
156.862000, 3.950045, -0.263100, -3.121012
156.966000, 3.929259, -0.263851, -3.089171
157.066000, 3.909306, -0.265210, -3.058133
157.166000, 3.889205, -0.267194, -3.027560
157.260000, 3.867838, -0.270563, -3.003168
157.356000, 3.849440, -0.273293, -2.984400
157.460000, 3.828552, -0.276911, -2.955773
157.560000, 3.809337, -0.280778, -2.929627
157.653000, 3.790816, -0.285013, -2.904662
157.761000, 3.769692, -0.290396, -2.877941
157.858000, 3.751414, -0.295583, -2.852310
157.956000, 3.732889, -0.301343, -2.828817
158.065000, 3.712228, -0.308295, -2.802822
158.159000, 3.698410, -0.312121, -2.776673
158.258000, 3.679074, -0.319785, -2.751240
158.368000, 3.659758, -0.328023, -2.726809
158.450000, 3.644260, -0.335009, -2.708103
158.514000, 3.628011, -0.342753, -2.685445
158.656000, 3.607679, -0.353069, -2.660609
158.762000, 3.589141, -0.362934, -2.644017
158.864000, 3.571129, -0.372930, -2.624458
158.960000, 3.554541, -0.382598, -2.601997
159.063000, 3.537175, -0.393301, -2.579040
159.160000, 3.518304, -0.405676, -2.563747
159.260000, 3.501313, -0.416966, -2.545202
159.366000, 3.484231, -0.428833, -2.523848
159.458000, 3.469326, -0.439621, -2.506557
159.559000, 3.453008, -0.451864, -2.490371
159.650000, 3.437181, -0.464090, -2.476002
159.757000, 3.421560, -0.476581, -2.457656
159.865000, 3.405416, -0.490010, -2.437997
159.967000, 3.389972, -0.503338, -2.422362
160.059000, 3.376200, -0.515539, -2.410314
160.162000, 3.360821, -0.529544, -2.394992
160.262000, 3.346396, -0.543107, -2.377677
160.361000, 3.336131, -0.559101, -2.357596
160.457000, 3.322638, -0.572760, -2.342066
160.566000, 3.307581, -0.588524, -2.325621
160.645000, 3.296269, -0.600673, -2.315043
160.756000, 3.280958, -0.617566, -2.298571
160.865000, 3.267505, -0.632902, -2.283395
160.964000, 3.254657, -0.647967, -2.271561
161.055000, 3.242846, -0.662076, -2.264157
161.166000, 3.228733, -0.679213, -2.253930
161.263000, 3.216697, -0.694172, -2.243033
161.366000, 3.203831, -0.710515, -2.231832
161.457000, 3.192853, -0.724780, -2.221888
161.567000, 3.179613, -0.742349, -2.211664
161.663000, 3.166771, -0.759717, -2.203618
161.764000, 3.155784, -0.775878, -2.196619
161.851000, 3.145638, -0.790014, -2.190908
161.961000, 3.132887, -0.807942, -2.186682
162.067000, 3.120687, -0.825279, -2.180915
162.164000, 3.109613, -0.841209, -2.176738
162.261000, 3.098578, -0.857164, -2.174678
162.360000, 3.087358, -0.873478, -2.172483
162.452000, 3.076721, -0.888980, -2.170813
162.554000, 3.065359, -0.905681, -2.165118
162.663000, 3.053309, -0.923608, -2.163200
162.761000, 3.042328, -0.939843, -2.167364
162.865000, 3.030290, -0.957536, -2.166971
162.965000, 3.019427, -0.973609, -2.165186
163.062000, 3.004269, -0.990370, -2.168934
163.162000, 2.992856, -1.007037, -2.173145
163.256000, 2.982300, -1.022351, -2.174833
163.345000, 2.970594, -1.039302, -2.176671
163.456000, 2.959051, -1.055878, -2.181198
163.543000, 2.948135, -1.071430, -2.184073
163.666000, 2.935340, -1.089572, -2.185520
163.757000, 2.924828, -1.104429, -2.190392
163.838000, 2.914891, -1.118222, -2.198758
163.964000, 2.900588, -1.137990, -2.196849
164.047000, 2.889690, -1.153064, -2.193995
164.159000, 2.877858, -1.169681, -2.187565
164.263000, 2.863695, -1.183983, -2.186168
164.366000, 2.851936, -1.200653, -2.183736
164.464000, 2.840680, -1.216699, -2.182419
164.565000, 2.829069, -1.233229, -2.183510
164.665000, 2.817573, -1.249594, -2.181560
164.765000, 2.806140, -1.266004, -2.177474
164.862000, 2.795096, -1.281954, -2.176559
164.956000, 2.784385, -1.297404, -2.175596
165.064000, 2.772147, -1.315202, -2.174348
165.164000, 2.760516, -1.331962, -2.176342
165.256000, 2.751174, -1.345563, -2.170015
165.364000, 2.742597, -1.358087, -2.173257
165.464000, 2.734654, -1.369616, -2.172001
165.567000, 2.725325, -1.381565, -2.167411
165.663000, 2.717759, -1.392673, -2.173626
165.765000, 2.709576, -1.404376, -2.187169
165.866000, 2.701343, -1.415871, -2.198061
165.965000, 2.693145, -1.427047, -2.209011
166.063000, 2.684584, -1.438476, -2.217036
166.163000, 2.676466, -1.449187, -2.221753
166.259000, 2.667726, -1.460600, -2.227291
166.362000, 2.656550, -1.474958, -2.239014
166.467000, 2.643337, -1.491279, -2.266302
166.566000, 2.630422, -1.506286, -2.296370
166.658000, 2.618034, -1.519891, -2.321578
166.766000, 2.602537, -1.536064, -2.347858
166.864000, 2.593161, -1.547598, -2.369324
166.958000, 2.579527, -1.560543, -2.395549
167.059000, 2.564500, -1.574041, -2.423036
167.165000, 2.548368, -1.587794, -2.448858
167.259000, 2.533132, -1.600124, -2.474245
167.359000, 2.516941, -1.612532, -2.500967
167.459000, 2.501572, -1.623703, -2.526615
167.564000, 2.484401, -1.635440, -2.557228
167.658000, 2.473909, -1.644959, -2.584612
167.753000, 2.457657, -1.654802, -2.609291
167.868000, 2.437848, -1.666089, -2.639687
167.947000, 2.423910, -1.673530, -2.662752
168.063000, 2.403154, -1.683891, -2.694304
168.163000, 2.385010, -1.692305, -2.721116
168.253000, 2.368306, -1.699530, -2.743433
168.361000, 2.348528, -1.707702, -2.754516
168.465000, 2.329236, -1.715477, -2.767022
168.563000, 2.314734, -1.721833, -2.790771
168.654000, 2.297382, -1.727955, -2.811164
168.767000, 2.276184, -1.735193, -2.809489
168.866000, 2.259079, -1.741172, -2.800926
168.954000, 2.246683, -1.745607, -2.795178
169.062000, 2.231069, -1.751300, -2.788749
169.163000, 2.222413, -1.754505, -2.785083
169.265000, 2.219387, -1.755635, -2.783618
169.363000, 2.219387, -1.755635, -2.783545
169.462000, 2.219387, -1.755635, -2.783542
169.560000, 2.219387, -1.755635, -2.783541
169.653000, 2.219387, -1.755635, -2.783538
169.763000, 2.219387, -1.755635, -2.783536
169.866000, 2.219387, -1.755635, -2.783535
169.963000, 2.219387, -1.755635, -2.783534
170.045000, 2.219387, -1.755635, -2.783531
170.158000, 2.219387, -1.755635, -2.783529
170.238000, 2.219387, -1.755635, -2.783528
170.339000, 2.219387, -1.755635, -2.783526
170.432000, 2.219387, -1.755635, -2.783522
170.559000, 2.219387, -1.755635, -2.783518
170.624000, 2.219387, -1.755635, -2.783517
170.759000, 2.219387, -1.755635, -2.783514
170.861000, 2.219387, -1.755635, -2.783507
170.964000, 2.219387, -1.755635, -2.783504
171.062000, 2.219387, -1.755635, -2.783501
171.156000, 2.219387, -1.755635, -2.783498
171.266000, 2.219387, -1.755635, -2.783495
171.361000, 2.219387, -1.755635, -2.783494
171.452000, 2.219387, -1.755635, -2.783493
171.563000, 2.219387, -1.755635, -2.783491
171.655000, 2.219387, -1.755635, -2.783488
171.762000, 2.219387, -1.755635, -2.783485
171.864000, 2.219387, -1.755635, -2.783485
171.955000, 2.219387, -1.755635, -2.783482
172.057000, 2.219387, -1.755635, -2.783479
172.158000, 2.219387, -1.755635, -2.783473
172.266000, 2.219387, -1.755635, -2.783471
172.357000, 2.219387, -1.755635, -2.783467
172.465000, 2.219387, -1.755635, -2.783464
172.560000, 2.219387, -1.755635, -2.783463
172.664000, 2.219387, -1.755635, -2.783461
172.759000, 2.219387, -1.755635, -2.783458
172.853000, 2.219387, -1.755635, -2.783456
172.961000, 2.219387, -1.755635, -2.783453
173.059000, 2.219387, -1.755635, -2.783450
173.162000, 2.218587, -1.755935, -2.782123
173.267000, 2.217324, -1.756412, -2.777739
173.357000, 2.217324, -1.756412, -2.777735
173.456000, 2.217324, -1.756412, -2.777732
173.564000, 2.217324, -1.756412, -2.777730
173.661000, 2.217324, -1.756412, -2.777728
173.762000, 2.217324, -1.756412, -2.777725
173.858000, 2.217324, -1.756412, -2.777724
173.963000, 2.217324, -1.756412, -2.777721
174.064000, 2.217324, -1.756412, -2.777719
174.158000, 2.217324, -1.756412, -2.777717
174.262000, 2.217324, -1.756412, -2.777714
174.355000, 2.217324, -1.756412, -2.777711
174.458000, 2.217324, -1.756412, -2.777710
174.557000, 2.217324, -1.756412, -2.777706
174.665000, 2.217324, -1.756412, -2.777703
174.758000, 2.217324, -1.756412, -2.777702
174.864000, 2.217324, -1.756412, -2.777700
174.959000, 2.217324, -1.756412, -2.777696
175.057000, 2.217324, -1.756412, -2.777694
175.153000, 2.217324, -1.756412, -2.777692
175.264000, 2.217324, -1.756412, -2.777688
175.356000, 2.217324, -1.756412, -2.777686
175.460000, 2.217324, -1.756412, -2.777683
175.558000, 2.217324, -1.756412, -2.777680
175.658000, 2.217324, -1.756412, -2.777680
175.763000, 2.217324, -1.756412, -2.777677
175.859000, 2.217324, -1.756412, -2.777674
175.961000, 2.217324, -1.756412, -2.777671
176.058000, 2.217324, -1.756412, -2.777670
176.162000, 2.217324, -1.756412, -2.777667
176.250000, 2.217324, -1.756412, -2.777665
176.364000, 2.217324, -1.756412, -2.777663
176.461000, 2.217324, -1.756412, -2.777662
176.565000, 2.217324, -1.756412, -2.777658
176.664000, 2.217324, -1.756412, -2.777655
176.757000, 2.217324, -1.756412, -2.777653
176.853000, 2.217324, -1.756412, -2.777650
176.964000, 2.217324, -1.756412, -2.777646
177.061000, 2.217324, -1.756412, -2.777644
177.162000, 2.217324, -1.756412, -2.777643
177.261000, 2.217324, -1.756412, -2.777638
177.359000, 2.217324, -1.756412, -2.777635
177.464000, 2.217324, -1.756412, -2.777633
177.559000, 2.217324, -1.756412, -2.777631
177.657000, 2.217324, -1.756412, -2.777628
177.765000, 2.217324, -1.756412, -2.777625
177.863000, 2.217324, -1.756412, -2.777623
177.965000, 2.217324, -1.756412, -2.777621
178.057000, 2.217324, -1.756412, -2.777619
178.153000, 2.217324, -1.756412, -2.777617
178.260000, 2.217324, -1.756412, -2.777616
178.348000, 2.217324, -1.756412, -2.777614
178.464000, 2.217324, -1.756412, -2.777612
178.565000, 2.217324, -1.756412, -2.777609
178.660000, 2.217324, -1.756412, -2.777608
178.762000, 2.217324, -1.756412, -2.777605
178.864000, 2.217324, -1.756412, -2.777602
178.966000, 2.217324, -1.756412, -2.777600
179.057000, 2.217324, -1.756412, -2.777598
179.162000, 2.217324, -1.756412, -2.777596
179.261000, 2.217324, -1.756412, -2.777593
179.365000, 2.217324, -1.756412, -2.777588
179.463000, 2.217324, -1.756412, -2.777585
179.568000, 2.217324, -1.756412, -2.777582
179.662000, 2.217324, -1.756412, -2.777580
179.758000, 2.217324, -1.756412, -2.777578
179.865000, 2.217324, -1.756412, -2.777577
179.963000, 2.217324, -1.756412, -2.777573
180.062000, 2.217324, -1.756412, -2.777570
180.166000, 2.217324, -1.756412, -2.777568
180.261000, 2.217324, -1.756412, -2.777566
180.339000, 2.217324, -1.756412, -2.777563
180.460000, 2.217324, -1.756412, -2.777559
180.552000, 2.217324, -1.756412, -2.777558
180.662000, 2.217324, -1.756412, -2.777556
180.764000, 2.217324, -1.756412, -2.777554
180.862000, 2.217324, -1.756412, -2.777551
180.958000, 2.217324, -1.756412, -2.777550
181.067000, 2.217324, -1.756412, -2.777548
181.165000, 2.217324, -1.756412, -2.777543
181.248000, 2.217324, -1.756412, -2.777541
181.362000, 2.217324, -1.756412, -2.777538
181.466000, 2.217324, -1.756412, -2.777535
181.563000, 2.217324, -1.756412, -2.777532
181.662000, 2.217324, -1.756412, -2.777530
181.764000, 2.217324, -1.756412, -2.777527
181.852000, 2.217324, -1.756412, -2.777522
181.958000, 2.217324, -1.756412, -2.777520
182.064000, 2.217324, -1.756412, -2.777518
182.167000, 2.217324, -1.756412, -2.777514
182.261000, 2.217324, -1.756412, -2.777512
182.353000, 2.217324, -1.756412, -2.777511
182.462000, 2.217324, -1.756412, -2.777509
182.556000, 2.217324, -1.756412, -2.777507
182.662000, 2.217324, -1.756412, -2.777503
182.762000, 2.217324, -1.756412, -2.777499
182.859000, 2.217324, -1.756412, -2.777498
182.962000, 2.217324, -1.756412, -2.777496
183.063000, 2.217324, -1.756412, -2.777490
183.163000, 2.217324, -1.756412, -2.777487
183.252000, 2.217324, -1.756412, -2.777485
183.360000, 2.217324, -1.756412, -2.777482
183.464000, 2.217324, -1.756412, -2.777481
183.555000, 2.217324, -1.756412, -2.777479
183.658000, 2.217324, -1.756412, -2.777478
183.751000, 2.217324, -1.756412, -2.777476
183.863000, 2.217324, -1.756412, -2.777475
183.951000, 2.217324, -1.756412, -2.777472
184.064000, 2.217324, -1.756412, -2.777469
184.154000, 2.217324, -1.756412, -2.777466
184.263000, 2.217324, -1.756412, -2.777465
184.362000, 2.217324, -1.756412, -2.777461
184.460000, 2.217324, -1.756412, -2.777458
184.561000, 2.217324, -1.756412, -2.777456
184.665000, 2.217324, -1.756412, -2.777455
184.757000, 2.217324, -1.756412, -2.777452
184.866000, 2.217324, -1.756412, -2.777450
184.954000, 2.217324, -1.756412, -2.777449
185.059000, 2.217324, -1.756412, -2.777447
185.166000, 2.217324, -1.756412, -2.777445
185.267000, 2.217324, -1.756412, -2.777442
185.360000, 2.217324, -1.756412, -2.777436
185.461000, 2.217324, -1.756412, -2.777435
185.564000, 2.217324, -1.756412, -2.777432
185.666000, 2.217324, -1.756412, -2.777428
185.760000, 2.217324, -1.756412, -2.777427
185.854000, 2.217324, -1.756412, -2.777426
185.959000, 2.217324, -1.756412, -2.777422
186.055000, 2.217324, -1.756412, -2.777419
186.165000, 2.217324, -1.756412, -2.777418
186.266000, 2.217324, -1.756412, -2.777416
186.366000, 2.217324, -1.756412, -2.777412
186.457000, 2.217324, -1.756412, -2.777410
186.560000, 2.217324, -1.756412, -2.777408
186.655000, 2.217324, -1.756412, -2.777406
186.766000, 2.217324, -1.756412, -2.777403
186.861000, 2.217324, -1.756412, -2.777401
186.962000, 2.217324, -1.756412, -2.777400
187.065000, 2.217324, -1.756412, -2.777397
187.153000, 2.217324, -1.756412, -2.777396
187.255000, 2.217324, -1.756412, -2.777392
187.360000, 2.217324, -1.756412, -2.777390
187.465000, 2.217324, -1.756412, -2.777387
187.563000, 2.217324, -1.756412, -2.777384
187.660000, 2.217324, -1.756412, -2.777380
187.756000, 2.217324, -1.756412, -2.777380
187.861000, 2.217324, -1.756412, -2.777376
187.962000, 2.217324, -1.756412, -2.777374
188.063000, 2.217324, -1.756412, -2.777372
188.152000, 2.217324, -1.756412, -2.777371
188.245000, 2.217324, -1.756412, -2.777367
188.364000, 2.217324, -1.756412, -2.777364
188.461000, 2.217324, -1.756412, -2.777362
188.559000, 2.217324, -1.756412, -2.777360
188.655000, 2.217324, -1.756412, -2.777357
188.759000, 2.217324, -1.756412, -2.777353
188.861000, 2.217324, -1.756412, -2.777352
188.954000, 2.217324, -1.756412, -2.777350
189.041000, 2.217324, -1.756412, -2.777346
189.164000, 2.217324, -1.756412, -2.777343
189.257000, 2.217324, -1.756412, -2.777342
189.365000, 2.217324, -1.756412, -2.777339
189.458000, 2.217324, -1.756412, -2.777335
189.556000, 2.217324, -1.756412, -2.777332
189.658000, 2.217324, -1.756412, -2.777330
189.758000, 2.217324, -1.756412, -2.777326
189.858000, 2.217324, -1.756412, -2.777324
189.962000, 2.217324, -1.756412, -2.777323
190.063000, 2.217324, -1.756412, -2.777321
190.160000, 2.217324, -1.756412, -2.777318
190.264000, 2.217324, -1.756412, -2.777314
190.366000, 2.217324, -1.756412, -2.777312
190.463000, 2.217324, -1.756412, -2.777309
190.560000, 2.217324, -1.756412, -2.777309
190.663000, 2.217324, -1.756412, -2.777307
190.766000, 2.217324, -1.756412, -2.777305
190.867000, 2.217324, -1.756412, -2.777303
190.960000, 2.217324, -1.756412, -2.777298
191.059000, 2.217324, -1.756412, -2.777296
191.157000, 2.217324, -1.756412, -2.777294
191.267000, 2.217324, -1.756412, -2.777293
191.362000, 2.217324, -1.756412, -2.777291
191.466000, 2.217324, -1.756412, -2.777288
191.564000, 2.217324, -1.756412, -2.777286
191.659000, 2.217324, -1.756412, -2.777284
191.757000, 2.217324, -1.756412, -2.777280
191.857000, 2.217324, -1.756412, -2.777279
191.966000, 2.217324, -1.756412, -2.777275
192.061000, 2.217324, -1.756412, -2.777274
192.155000, 2.217324, -1.756412, -2.777271
192.264000, 2.217324, -1.756412, -2.777270
192.364000, 2.217324, -1.756412, -2.777267
192.462000, 2.217324, -1.756412, -2.777264
192.557000, 2.217324, -1.756412, -2.777261
192.660000, 2.217324, -1.756412, -2.777257
192.760000, 2.217324, -1.756412, -2.777255
192.858000, 2.217324, -1.756412, -2.777253
192.954000, 2.217324, -1.756412, -2.777252
193.061000, 2.217324, -1.756412, -2.777250
193.139000, 2.216777, -1.756620, -2.775912
193.267000, 2.215349, -1.757170, -2.770473
193.357000, 2.215349, -1.757170, -2.770469
193.454000, 2.215349, -1.757170, -2.770467
193.537000, 2.215349, -1.757170, -2.770464
193.658000, 2.215349, -1.757170, -2.770461
193.764000, 2.215349, -1.757170, -2.770459
193.862000, 2.215349, -1.757170, -2.770456
193.934000, 2.215349, -1.757170, -2.770453
194.056000, 2.215349, -1.757170, -2.770451
194.155000, 2.215349, -1.757170, -2.770449
194.262000, 2.215349, -1.757170, -2.770448
194.357000, 2.215349, -1.757170, -2.770445
194.461000, 2.215349, -1.757170, -2.770444
194.560000, 2.215349, -1.757170, -2.770441
194.657000, 2.215349, -1.757170, -2.770436
194.758000, 2.215349, -1.757170, -2.770434
194.851000, 2.215349, -1.757170, -2.770432
194.958000, 2.215349, -1.757170, -2.770430
195.053000, 2.215349, -1.757170, -2.770426
195.159000, 2.215349, -1.757170, -2.770425
195.264000, 2.215349, -1.757170, -2.770423
195.362000, 2.215349, -1.757170, -2.770419
195.467000, 2.215349, -1.757170, -2.770417
195.549000, 2.215349, -1.757170, -2.770415
195.658000, 2.215349, -1.757170, -2.770414
195.763000, 2.215349, -1.757170, -2.770411
195.857000, 2.215349, -1.757170, -2.770406
195.963000, 2.215349, -1.757170, -2.770404
196.060000, 2.215349, -1.757170, -2.770401
196.154000, 2.215349, -1.757170, -2.770399
196.264000, 2.215349, -1.757170, -2.770394
196.366000, 2.215349, -1.757170, -2.770391
196.465000, 2.215349, -1.757170, -2.770391
196.553000, 2.215349, -1.757170, -2.770390
196.667000, 2.215349, -1.757170, -2.770385
196.766000, 2.215349, -1.757170, -2.770381
196.864000, 2.215349, -1.757170, -2.770378
196.963000, 2.215349, -1.757170, -2.770375
197.066000, 2.215349, -1.757170, -2.770372
197.158000, 2.215349, -1.757170, -2.770373
197.261000, 2.215349, -1.757170, -2.770372
197.363000, 2.215349, -1.757170, -2.770369
197.466000, 2.215349, -1.757170, -2.770365
197.564000, 2.215349, -1.757170, -2.770363
197.664000, 2.215349, -1.757170, -2.770360
197.763000, 2.215349, -1.757170, -2.770358
197.862000, 2.215349, -1.757170, -2.770354
197.966000, 2.215349, -1.757170, -2.770351
198.065000, 2.215349, -1.757170, -2.770348
198.166000, 2.215349, -1.757170, -2.770343
198.264000, 2.215349, -1.757170, -2.770341
198.365000, 2.215349, -1.757170, -2.770338
198.458000, 2.215349, -1.757170, -2.770335
198.565000, 2.215349, -1.757170, -2.770332
198.666000, 2.215349, -1.757170, -2.770330
198.735000, 2.215349, -1.757170, -2.770327
198.846000, 2.215349, -1.757170, -2.770324
198.961000, 2.215349, -1.757170, -2.770322
199.064000, 2.215349, -1.757170, -2.770320
199.158000, 2.215349, -1.757170, -2.770315
199.266000, 2.215349, -1.757170, -2.770313
199.347000, 2.215349, -1.757170, -2.770311
199.458000, 2.215349, -1.757170, -2.770308
199.562000, 2.215349, -1.757170, -2.770306
199.661000, 2.215349, -1.757170, -2.770305
199.765000, 2.215349, -1.757170, -2.770302
199.860000, 2.215349, -1.757170, -2.770300
199.956000, 2.215349, -1.757170, -2.770299
200.065000, 2.215349, -1.757170, -2.770296
200.160000, 2.215349, -1.757170, -2.770293
200.260000, 2.215349, -1.757170, -2.770289
200.364000, 2.215349, -1.757170, -2.770287
200.466000, 2.215349, -1.757170, -2.770284
200.557000, 2.215349, -1.757170, -2.770281
200.663000, 2.215349, -1.757170, -2.770281
200.758000, 2.215349, -1.757170, -2.770278
200.862000, 2.215349, -1.757170, -2.770276
200.960000, 2.215349, -1.757170, -2.770271
201.060000, 2.215349, -1.757170, -2.770268
201.163000, 2.215349, -1.757170, -2.770267
201.262000, 2.215349, -1.757170, -2.770263
201.363000, 2.215349, -1.757170, -2.770260
201.451000, 2.215349, -1.757170, -2.770258
201.564000, 2.215349, -1.757170, -2.770255
201.666000, 2.215349, -1.757170, -2.770251
201.759000, 2.215349, -1.757170, -2.770248
201.864000, 2.215349, -1.757170, -2.770247
201.951000, 2.215349, -1.757170, -2.770244
202.063000, 2.214539, -1.757486, -2.768970
202.157000, 2.211482, -1.758690, -2.763407
202.265000, 2.207281, -1.760385, -2.744379
202.357000, 2.207281, -1.760385, -2.703721
202.458000, 2.212969, -1.760619, -2.646533
202.554000, 2.212417, -1.760952, -2.584132
202.655000, 2.211086, -1.761822, -2.516310
202.759000, 2.210419, -1.762357, -2.446670
202.862000, 2.213016, -1.759529, -2.382314
202.957000, 2.213016, -1.759529, -2.318536
203.065000, 2.213016, -1.759529, -2.248769
203.153000, 2.212063, -1.755533, -2.190903
203.253000, 2.211105, -1.756932, -2.124529
203.358000, 2.211105, -1.756932, -2.056064
203.465000, 2.213967, -1.757568, -1.985433
203.565000, 2.213967, -1.757568, -1.919712
203.664000, 2.213967, -1.757568, -1.854504
203.759000, 2.213967, -1.757568, -1.792024
203.857000, 2.210222, -1.757805, -1.729757
203.965000, 2.210222, -1.757805, -1.658708
204.064000, 2.210222, -1.757805, -1.593669
204.160000, 2.209305, -1.758473, -1.527028
204.259000, 2.209305, -1.758473, -1.461896
204.349000, 2.209305, -1.758473, -1.403333
204.452000, 2.209305, -1.758473, -1.335601
204.558000, 2.213429, -1.752059, -1.264535
204.667000, 2.213429, -1.752059, -1.195436
204.761000, 2.213777, -1.752840, -1.133544
204.859000, 2.216942, -1.756937, -1.068341
204.954000, 2.216942, -1.756937, -1.005897
205.066000, 2.217491, -1.757706, -0.929530
205.163000, 2.219646, -1.758332, -0.876312
205.262000, 2.219646, -1.758332, -0.822056
205.357000, 2.219646, -1.758332, -0.771259
205.461000, 2.219646, -1.758332, -0.719568
205.565000, 2.219646, -1.758332, -0.672334
205.666000, 2.221436, -1.758883, -0.627596
205.757000, 2.221436, -1.758883, -0.589110
205.859000, 2.221436, -1.758883, -0.546501
205.966000, 2.222338, -1.759390, -0.502104
206.067000, 2.223394, -1.759960, -0.462807
206.166000, 2.217929, -1.760649, -0.425530
206.252000, 2.221219, -1.762073, -0.394990
206.352000, 2.226874, -1.764334, -0.367772
206.470000, 2.237262, -1.768158, -0.339780
206.563000, 2.248047, -1.771851, -0.323503
206.659000, 2.258756, -1.775395, -0.316071
206.764000, 2.270747, -1.779266, -0.307079
206.852000, 2.280829, -1.782407, -0.297160
206.966000, 2.293931, -1.786339, -0.286222
207.058000, 2.304534, -1.789414, -0.277924
207.160000, 2.316322, -1.792709, -0.265885
207.255000, 2.327459, -1.795656, -0.251037
207.361000, 2.339690, -1.798683, -0.234326
207.450000, 2.350445, -1.801173, -0.220366
207.555000, 2.358492, -1.807674, -0.206667
207.658000, 2.370612, -1.810100, -0.188709
207.758000, 2.383065, -1.812376, -0.174040
207.862000, 2.399284, -1.815154, -0.167030
207.955000, 2.416630, -1.818103, -0.173797
208.057000, 2.436458, -1.821826, -0.198230
208.158000, 2.456212, -1.826046, -0.223282
208.265000, 2.477012, -1.831073, -0.251640
208.361000, 2.495544, -1.836091, -0.276284
208.457000, 2.514535, -1.841693, -0.296432
208.561000, 2.533798, -1.847771, -0.317078
208.662000, 2.551562, -1.853700, -0.338564
208.756000, 2.569414, -1.860203, -0.359245
208.864000, 2.589375, -1.867916, -0.377190
208.951000, 2.605700, -1.874492, -0.388392
209.057000, 2.625089, -1.882559, -0.399912
209.165000, 2.644938, -1.891079, -0.412188
209.265000, 2.663757, -1.899456, -0.423341
209.366000, 2.681599, -1.907569, -0.431390
209.461000, 2.699362, -1.915854, -0.439641
209.557000, 2.716181, -1.923796, -0.443123
209.659000, 2.734769, -1.932676, -0.448708
209.761000, 2.752942, -1.941495, -0.453967
209.863000, 2.776825, -1.947499, -0.458516
209.961000, 2.794367, -1.956243, -0.466038
210.059000, 2.812203, -1.965291, -0.473404
210.166000, 2.830856, -1.974938, -0.479833
210.249000, 2.845112, -1.982376, -0.480883
210.363000, 2.860070, -1.990113, -0.474000
210.467000, 2.876309, -1.998407, -0.470023
210.556000, 2.891254, -2.005950, -0.466164
210.652000, 2.904877, -2.012859, -0.472910
210.750000, 2.920390, -2.020849, -0.476947
210.857000, 2.936982, -2.029420, -0.475523
210.966000, 2.954600, -2.038445, -0.470725
211.057000, 2.969623, -2.046041, -0.465207
211.165000, 2.989885, -2.053477, -0.452062
211.245000, 3.003589, -2.059983, -0.435152
211.362000, 3.022967, -2.068764, -0.415264
211.458000, 3.037989, -2.075230, -0.394518
211.565000, 3.051298, -2.080500, -0.361059
211.667000, 3.066151, -2.085917, -0.338040
211.763000, 3.080390, -2.090743, -0.314851
211.864000, 3.095186, -2.095358, -0.289282
211.967000, 3.110540, -2.099732, -0.269911
212.050000, 3.123381, -2.103309, -0.274964
212.163000, 3.139768, -2.108017, -0.283198
212.256000, 3.153608, -2.112050, -0.284136
212.364000, 3.169673, -2.116754, -0.285158
212.462000, 3.177906, -2.121016, -0.285621
212.550000, 3.191438, -2.124997, -0.284960
212.666000, 3.208266, -2.129855, -0.276624
212.761000, 3.220974, -2.133406, -0.265315
212.864000, 3.228707, -2.135413, -0.240712
212.955000, 3.230632, -2.135879, -0.233654
213.067000, 3.230666, -2.135887, -0.241100
213.162000, 3.230666, -2.135887, -0.281577
213.265000, 3.230666, -2.135887, -0.346769
213.360000, 3.230666, -2.135887, -0.409264
213.456000, 3.230542, -2.133803, -0.472446
213.557000, 3.230542, -2.133803, -0.535598
213.661000, 3.230542, -2.133803, -0.603990
213.765000, 3.230542, -2.133803, -0.672368
213.852000, 3.229806, -2.134007, -0.730364
213.953000, 3.229806, -2.134007, -0.796060
214.060000, 3.229806, -2.134007, -0.867111
214.145000, 3.230866, -2.130638, -0.925045
214.267000, 3.230866, -2.130638, -1.001448
214.356000, 3.230866, -2.130638, -1.056441
214.467000, 3.230866, -2.130638, -1.115055
214.557000, 3.235281, -2.124686, -1.158876
214.667000, 3.235281, -2.124686, -1.205258
214.763000, 3.235281, -2.124686, -1.244359
214.858000, 3.235281, -2.124686, -1.281447
214.957000, 3.235281, -2.124686, -1.322121
215.065000, 3.235281, -2.124686, -1.348150
215.163000, 3.235281, -2.124686, -1.348510
215.264000, 3.235281, -2.124686, -1.348506
215.360000, 3.235281, -2.124686, -1.348503
215.451000, 3.235281, -2.124686, -1.348502
215.564000, 3.235281, -2.124686, -1.348500
215.666000, 3.235281, -2.124686, -1.348496
215.759000, 3.235281, -2.124686, -1.348493
215.856000, 3.235281, -2.124686, -1.348491
215.947000, 3.235281, -2.124686, -1.348487
216.024000, 3.235281, -2.124686, -1.348486
216.157000, 3.235281, -2.124686, -1.348479
216.263000, 3.235281, -2.124686, -1.348474
216.364000, 3.235281, -2.124686, -1.348472
216.453000, 3.235281, -2.124686, -1.348471
216.565000, 3.235281, -2.124686, -1.348467
216.645000, 3.235281, -2.124686, -1.348464
216.740000, 3.235281, -2.124686, -1.348462
216.859000, 3.235281, -2.124686, -1.348460
216.957000, 3.235281, -2.124686, -1.348456
217.052000, 3.235281, -2.124686, -1.348453
217.159000, 3.235281, -2.124686, -1.348451
217.265000, 3.235281, -2.124686, -1.348448
217.364000, 3.235281, -2.124686, -1.348445
217.464000, 3.235281, -2.124686, -1.348442
217.564000, 3.235281, -2.124686, -1.348439
217.656000, 3.235281, -2.124686, -1.348436
217.763000, 3.235281, -2.124686, -1.348433
217.860000, 3.235281, -2.124686, -1.348430
217.964000, 3.235281, -2.124686, -1.348427
218.053000, 3.235281, -2.124686, -1.348424
218.161000, 3.235281, -2.124686, -1.348422
218.252000, 3.235281, -2.124686, -1.348418
218.360000, 3.235281, -2.124686, -1.348414
218.459000, 3.235281, -2.124686, -1.348412
218.559000, 3.235281, -2.124686, -1.348411
218.666000, 3.235281, -2.124686, -1.348407
218.762000, 3.235281, -2.124686, -1.348404
218.851000, 3.235281, -2.124686, -1.348403
218.961000, 3.235281, -2.124686, -1.348401
219.064000, 3.235281, -2.124686, -1.348398
219.158000, 3.235281, -2.124686, -1.348395
219.257000, 3.235281, -2.124686, -1.348393
219.361000, 3.235281, -2.124686, -1.348389
219.451000, 3.235281, -2.124686, -1.348386
219.566000, 3.235281, -2.124686, -1.348383
219.662000, 3.235281, -2.124686, -1.348382
219.764000, 3.235281, -2.124686, -1.348380
219.861000, 3.235281, -2.124686, -1.348376
219.964000, 3.235281, -2.124686, -1.348375
220.057000, 3.235281, -2.124686, -1.348373
220.166000, 3.235281, -2.124686, -1.348369
220.263000, 3.235281, -2.124686, -1.348365
220.352000, 3.235281, -2.124686, -1.348363
220.450000, 3.235281, -2.124686, -1.348362
220.560000, 3.235281, -2.124686, -1.348360
220.662000, 3.235281, -2.124686, -1.348357
220.761000, 3.235281, -2.124686, -1.348355
220.864000, 3.235281, -2.124686, -1.348354
220.962000, 3.235281, -2.124686, -1.348352
221.066000, 3.235281, -2.124686, -1.348348
221.152000, 3.235281, -2.124686, -1.348346
221.252000, 3.235281, -2.124686, -1.348344
221.350000, 3.235281, -2.124686, -1.348340
221.455000, 3.235281, -2.124686, -1.348338
221.560000, 3.235281, -2.124686, -1.348336
221.652000, 3.235281, -2.124686, -1.348332
221.761000, 3.235281, -2.124686, -1.348329
221.867000, 3.235281, -2.124686, -1.348325
221.958000, 3.235281, -2.124686, -1.348323
222.066000, 3.235281, -2.124686, -1.348321
222.156000, 3.235281, -2.124686, -1.348318
222.250000, 3.235281, -2.124686, -1.348317
222.361000, 3.235281, -2.124686, -1.348313
222.440000, 3.235281, -2.124686, -1.348313
222.561000, 3.235281, -2.124686, -1.348308
222.658000, 3.235281, -2.124686, -1.348308
222.765000, 3.235281, -2.124686, -1.348306
222.860000, 3.235281, -2.124686, -1.348303
222.959000, 3.235281, -2.124686, -1.348301
223.064000, 3.235281, -2.124686, -1.348299
223.167000, 3.235281, -2.124686, -1.348296
223.265000, 3.235281, -2.124686, -1.348293
223.365000, 3.235281, -2.124686, -1.348292
223.458000, 3.235281, -2.124686, -1.348289
223.564000, 3.235281, -2.124686, -1.348286
223.666000, 3.235281, -2.124686, -1.348283
223.765000, 3.235281, -2.124686, -1.348281
223.851000, 3.235281, -2.124686, -1.348278
223.962000, 3.235281, -2.124686, -1.348276
224.056000, 3.235281, -2.124686, -1.348275
224.143000, 3.235281, -2.124686, -1.348273
224.260000, 3.235281, -2.124686, -1.348269
224.362000, 3.235281, -2.124686, -1.348266
224.454000, 3.235281, -2.124686, -1.348264
224.548000, 3.235281, -2.124686, -1.348262
224.652000, 3.235281, -2.124686, -1.348258
224.756000, 3.235281, -2.124686, -1.348255
224.859000, 3.235281, -2.124686, -1.348255
224.959000, 3.235281, -2.124686, -1.348252
225.053000, 3.235281, -2.124686, -1.348248
225.162000, 3.235281, -2.124686, -1.348246
225.261000, 3.235281, -2.124686, -1.348245
225.362000, 3.235281, -2.124686, -1.348243
225.466000, 3.235281, -2.124686, -1.348239
225.563000, 3.235281, -2.124686, -1.348237
225.663000, 3.235281, -2.124686, -1.348234
225.754000, 3.235281, -2.124686, -1.348230
225.863000, 3.235281, -2.124686, -1.348228
225.961000, 3.235281, -2.124686, -1.348225
226.063000, 3.235281, -2.124686, -1.348224
226.167000, 3.235281, -2.124686, -1.348221
226.253000, 3.235281, -2.124686, -1.348218
226.358000, 3.235281, -2.124686, -1.348217
226.466000, 3.235281, -2.124686, -1.348216
226.566000, 3.235281, -2.124686, -1.348213
226.659000, 3.235281, -2.124686, -1.348210
226.766000, 3.235281, -2.124686, -1.348208
226.837000, 3.235281, -2.124686, -1.348206
226.966000, 3.235281, -2.124686, -1.348204
227.054000, 3.235281, -2.124686, -1.348201
227.162000, 3.235281, -2.124686, -1.348199
227.265000, 3.235281, -2.124686, -1.348197
227.359000, 3.235281, -2.124686, -1.348193
227.461000, 3.235281, -2.124686, -1.348190
227.557000, 3.235281, -2.124686, -1.348188
227.667000, 3.235281, -2.124686, -1.348184
227.763000, 3.235281, -2.124686, -1.348180
227.866000, 3.235281, -2.124686, -1.348176
227.954000, 3.235281, -2.124686, -1.348174
228.063000, 3.235281, -2.124686, -1.348172
228.160000, 3.235281, -2.124686, -1.348170
228.263000, 3.235281, -2.124686, -1.348169
228.359000, 3.235281, -2.124686, -1.348167
228.455000, 3.235281, -2.124686, -1.348163
228.566000, 3.235281, -2.124686, -1.348159
228.658000, 3.235281, -2.124686, -1.348158
228.760000, 3.235281, -2.124686, -1.348155
228.855000, 3.235281, -2.124686, -1.348152
228.967000, 3.235281, -2.124686, -1.348149
229.051000, 3.235281, -2.124686, -1.348148
229.161000, 3.235281, -2.124686, -1.348145
229.260000, 3.235281, -2.124686, -1.348142
229.364000, 3.235281, -2.124686, -1.348140
229.457000, 3.235281, -2.124686, -1.348138
229.565000, 3.235281, -2.124686, -1.348135
229.660000, 3.235281, -2.124686, -1.348132
229.751000, 3.235281, -2.124686, -1.348131
229.857000, 3.235281, -2.124686, -1.348128
229.962000, 3.235281, -2.124686, -1.348124
230.057000, 3.235281, -2.124686, -1.348123
230.165000, 3.235281, -2.124686, -1.348121
230.263000, 3.235281, -2.124686, -1.348118
230.362000, 3.235281, -2.124686, -1.348115
230.461000, 3.235281, -2.124686, -1.348113
230.542000, 3.235281, -2.124686, -1.348110
230.651000, 3.235281, -2.124686, -1.348106
230.750000, 3.235281, -2.124686, -1.348105
230.866000, 3.235281, -2.124686, -1.348104
230.967000, 3.235281, -2.124686, -1.348101
231.058000, 3.235281, -2.124686, -1.348098
231.164000, 3.235281, -2.124686, -1.348095
231.264000, 3.235281, -2.124686, -1.348094
231.364000, 3.235281, -2.124686, -1.348090
231.463000, 3.235281, -2.124686, -1.348087
231.559000, 3.235281, -2.124686, -1.348086
231.658000, 3.235281, -2.124686, -1.348084
231.755000, 3.235281, -2.124686, -1.348081
231.859000, 3.235281, -2.124686, -1.348077
231.965000, 3.235281, -2.124686, -1.348075
232.046000, 3.235281, -2.124686, -1.348072
232.161000, 3.235281, -2.124686, -1.348068
232.263000, 3.235281, -2.124686, -1.348064
232.354000, 3.235281, -2.124686, -1.348063
232.461000, 3.235281, -2.124686, -1.348060
232.550000, 3.235281, -2.124686, -1.348057
232.665000, 3.235281, -2.124686, -1.348055
232.755000, 3.235281, -2.124686, -1.348055
232.858000, 3.235281, -2.124686, -1.348051
232.960000, 3.235281, -2.124686, -1.348048
233.058000, 3.235281, -2.124686, -1.348045
233.141000, 3.235281, -2.124686, -1.348042
233.260000, 3.235281, -2.124686, -1.348040
233.364000, 3.235281, -2.124686, -1.348038
233.444000, 3.235281, -2.124686, -1.348037
233.557000, 3.235281, -2.124686, -1.348034
233.665000, 3.235281, -2.124686, -1.348028
233.752000, 3.235281, -2.124686, -1.348027
233.850000, 3.235281, -2.124686, -1.348025
233.956000, 3.235281, -2.124686, -1.348022
234.062000, 3.235281, -2.124686, -1.348020
234.164000, 3.235281, -2.124686, -1.348019
234.260000, 3.235281, -2.124686, -1.348017
234.352000, 3.235281, -2.124686, -1.348013
234.460000, 3.235281, -2.124686, -1.348012
234.563000, 3.235281, -2.124686, -1.348009
234.662000, 3.235281, -2.124686, -1.348008
234.765000, 3.235281, -2.124686, -1.348006
234.856000, 3.235281, -2.124686, -1.348004
234.958000, 3.235281, -2.124686, -1.348001
235.062000, 3.235281, -2.124686, -1.347997
235.165000, 3.235281, -2.124686, -1.347995
235.260000, 3.235281, -2.124686, -1.347995
235.338000, 3.235281, -2.124686, -1.347992
235.462000, 3.235281, -2.124686, -1.347988
235.560000, 3.235281, -2.124686, -1.347986
235.663000, 3.235281, -2.124686, -1.347984
235.765000, 3.235281, -2.124686, -1.347981
235.856000, 3.235281, -2.124686, -1.347977
235.966000, 3.235281, -2.124686, -1.347974
236.064000, 3.235281, -2.124686, -1.347970
236.158000, 3.235281, -2.124686, -1.347968
236.246000, 3.235281, -2.124686, -1.347965
236.357000, 3.235281, -2.124686, -1.347962
236.456000, 3.235281, -2.124686, -1.347959
236.556000, 3.235281, -2.124686, -1.347956
236.667000, 3.235281, -2.124686, -1.347952
236.765000, 3.235281, -2.124686, -1.347949
236.861000, 3.235281, -2.124686, -1.347949
236.964000, 3.235281, -2.124686, -1.347947
237.066000, 3.235281, -2.124686, -1.347944
237.163000, 3.235281, -2.124686, -1.347942
237.263000, 3.235281, -2.124686, -1.347941
237.366000, 3.235281, -2.124686, -1.347937
237.457000, 3.235281, -2.124686, -1.347933
237.565000, 3.235281, -2.124686, -1.347932
237.664000, 3.235281, -2.124686, -1.347931
237.759000, 3.235281, -2.124686, -1.347927
237.865000, 3.235281, -2.124686, -1.347924
237.961000, 3.235281, -2.124686, -1.347922
238.061000, 3.235281, -2.124686, -1.347921
238.161000, 3.235281, -2.124686, -1.347918
238.267000, 3.235281, -2.124686, -1.347916
238.363000, 3.235281, -2.124686, -1.347915
238.457000, 3.235281, -2.124686, -1.347912
238.546000, 3.235281, -2.124686, -1.347911
238.656000, 3.235281, -2.124686, -1.347907
238.759000, 3.235281, -2.124686, -1.347906
238.858000, 3.235281, -2.124686, -1.347903
238.956000, 3.235281, -2.124686, -1.347901
239.062000, 3.235281, -2.124686, -1.347896
239.159000, 3.235281, -2.124686, -1.347896
239.248000, 3.235281, -2.124686, -1.347895
239.356000, 3.235281, -2.124686, -1.347893
239.457000, 3.235281, -2.124686, -1.347890
239.559000, 3.235281, -2.124686, -1.347886
239.667000, 3.235281, -2.124686, -1.347884
239.765000, 3.235281, -2.124686, -1.347881
239.861000, 3.235281, -2.124686, -1.347876
239.965000, 3.235281, -2.124686, -1.347873
240.062000, 3.235281, -2.124686, -1.347872
240.164000, 3.235281, -2.124686, -1.347871
240.265000, 3.235281, -2.124686, -1.347868
240.360000, 3.235281, -2.124686, -1.347867
240.460000, 3.235281, -2.124686, -1.347864
240.564000, 3.235281, -2.124686, -1.347863
240.660000, 3.235281, -2.124686, -1.347860
240.763000, 3.235281, -2.124686, -1.347856
240.835000, 3.235281, -2.124686, -1.347855
240.960000, 3.235281, -2.124686, -1.347853
241.052000, 3.235281, -2.124686, -1.347850
241.162000, 3.235281, -2.124686, -1.347849
241.265000, 3.235281, -2.124686, -1.347848
241.359000, 3.235281, -2.124686, -1.347845
241.465000, 3.235281, -2.124686, -1.347841
241.567000, 3.235281, -2.124686, -1.347839
241.663000, 3.235281, -2.124686, -1.347838
241.765000, 3.235281, -2.124686, -1.347835
241.851000, 3.235281, -2.124686, -1.347832
241.967000, 3.235281, -2.124686, -1.347831
242.064000, 3.235281, -2.124686, -1.347830
242.155000, 3.235281, -2.124686, -1.347827
242.256000, 3.235281, -2.124686, -1.347824
242.356000, 3.235281, -2.124686, -1.347822
242.458000, 3.235281, -2.124686, -1.347821
242.569000, 3.235281, -2.124686, -1.347817
242.665000, 3.235281, -2.124686, -1.347815
242.764000, 3.235281, -2.124686, -1.347813
242.863000, 3.235281, -2.124686, -1.347808
242.961000, 3.235281, -2.124686, -1.347804
243.061000, 3.235281, -2.124686, -1.347801
243.165000, 3.235281, -2.124686, -1.347800
243.259000, 3.235281, -2.124686, -1.347798
243.359000, 3.235281, -2.124686, -1.347794
243.459000, 3.235281, -2.124686, -1.347792
243.561000, 3.235281, -2.124686, -1.347791
243.658000, 3.235281, -2.124686, -1.347787
243.750000, 3.235281, -2.124686, -1.347785
243.854000, 3.235281, -2.124686, -1.347782
243.955000, 3.235281, -2.124686, -1.347781
244.062000, 3.235281, -2.124686, -1.347777
244.157000, 3.235281, -2.124686, -1.347773
244.261000, 3.235281, -2.124686, -1.347772
244.363000, 3.235281, -2.124686, -1.347770
244.467000, 3.235281, -2.124686, -1.347768
244.547000, 3.235281, -2.124686, -1.347765
244.666000, 3.235281, -2.124686, -1.347763
244.756000, 3.235281, -2.124686, -1.347760
244.861000, 3.235281, -2.124686, -1.347757
244.956000, 3.235281, -2.124686, -1.347754
245.063000, 3.235281, -2.124686, -1.347752
245.156000, 3.235281, -2.124686, -1.347748
245.260000, 3.235281, -2.124686, -1.347745
245.361000, 3.235281, -2.124686, -1.347743
245.454000, 3.235281, -2.124686, -1.347740
245.556000, 3.235281, -2.124686, -1.347739
245.653000, 3.235281, -2.124686, -1.347737
245.745000, 3.235281, -2.124686, -1.347736
245.866000, 3.235281, -2.124686, -1.347733
245.965000, 3.235281, -2.124686, -1.347730
246.042000, 3.235281, -2.124686, -1.347727
246.167000, 3.235281, -2.124686, -1.347720
246.266000, 3.235281, -2.124686, -1.347720
246.355000, 3.235281, -2.124686, -1.347716
246.453000, 3.235281, -2.124686, -1.347713
246.561000, 3.235281, -2.124686, -1.347711
246.651000, 3.235281, -2.124686, -1.347709
246.765000, 3.235281, -2.124686, -1.347706
246.861000, 3.235281, -2.124686, -1.347703
246.966000, 3.235281, -2.124686, -1.347700
247.066000, 3.235281, -2.124686, -1.347699
247.167000, 3.235281, -2.124686, -1.347694
247.267000, 3.235281, -2.124686, -1.347691
247.360000, 3.235281, -2.124686, -1.347691
247.464000, 3.235281, -2.124686, -1.347687
247.560000, 3.235281, -2.124686, -1.347684
247.660000, 3.235281, -2.124686, -1.347679
247.752000, 3.235281, -2.124686, -1.347677
247.860000, 3.235281, -2.124686, -1.347674
247.956000, 3.235281, -2.124686, -1.347670
248.050000, 3.235281, -2.124686, -1.347667
248.158000, 3.235281, -2.124686, -1.347664
248.257000, 3.235281, -2.124686, -1.347662
248.364000, 3.235281, -2.124686, -1.347660
248.456000, 3.235281, -2.124686, -1.347657
248.550000, 3.235281, -2.124686, -1.347653
248.661000, 3.235281, -2.124686, -1.347649
248.760000, 3.235281, -2.124686, -1.347647
248.866000, 3.235281, -2.124686, -1.347644
248.959000, 3.235281, -2.124686, -1.347641
249.063000, 3.235281, -2.124686, -1.347639
249.155000, 3.235281, -2.124686, -1.347637
249.241000, 3.235281, -2.124686, -1.347632
249.360000, 3.235281, -2.124686, -1.347629
249.462000, 3.235281, -2.124686, -1.347628
249.565000, 3.235281, -2.124686, -1.347625
249.657000, 3.235281, -2.124686, -1.347622
249.765000, 3.235281, -2.124686, -1.347621
249.852000, 3.235281, -2.124686, -1.347619
249.960000, 3.235281, -2.124686, -1.347616
250.048000, 3.235281, -2.124686, -1.347614
250.160000, 3.235281, -2.124686, -1.347612
250.256000, 3.235281, -2.124686, -1.347610
250.366000, 3.235281, -2.124686, -1.347607
250.459000, 3.235281, -2.124686, -1.347604
250.566000, 3.235281, -2.124686, -1.347602
250.653000, 3.235281, -2.124686, -1.347600
250.763000, 3.235281, -2.124686, -1.347597
250.862000, 3.235281, -2.124686, -1.347593
250.966000, 3.235281, -2.124686, -1.347592
251.058000, 3.235281, -2.124686, -1.347590
251.163000, 3.235281, -2.124686, -1.347587
251.263000, 3.235281, -2.124686, -1.347586
251.355000, 3.235281, -2.124686, -1.347584
251.458000, 3.235281, -2.124686, -1.347582
251.565000, 3.235281, -2.124686, -1.347579
251.650000, 3.235281, -2.124686, -1.347578
251.750000, 3.235281, -2.124686, -1.347573
251.865000, 3.235281, -2.124686, -1.347569
251.954000, 3.235281, -2.124686, -1.347566
252.060000, 3.235281, -2.124686, -1.347565
252.167000, 3.235281, -2.124686, -1.347561
252.252000, 3.235281, -2.124686, -1.347558
252.364000, 3.235281, -2.124686, -1.347555
252.458000, 3.235281, -2.124686, -1.347553
252.562000, 3.235281, -2.124686, -1.347550
252.662000, 3.235281, -2.124686, -1.347549
252.762000, 3.235281, -2.124686, -1.347549
252.857000, 3.235281, -2.124686, -1.347547
252.958000, 3.235281, -2.124686, -1.347544
253.051000, 3.235281, -2.124686, -1.347542
253.160000, 3.235281, -2.124686, -1.347540
253.252000, 3.235281, -2.124686, -1.347536
253.359000, 3.235281, -2.124686, -1.347533
253.461000, 3.235281, -2.124686, -1.347531
253.558000, 3.235281, -2.124686, -1.347528
253.658000, 3.235281, -2.124686, -1.347526
253.762000, 3.235281, -2.124686, -1.347524
253.862000, 3.235281, -2.124686, -1.347522
253.963000, 3.235281, -2.124686, -1.347520
254.055000, 3.235281, -2.124686, -1.347517
254.161000, 3.235281, -2.124686, -1.347514
254.258000, 3.235281, -2.124686, -1.347509
254.356000, 3.235281, -2.124686, -1.347507
254.458000, 3.235281, -2.124686, -1.347506
254.555000, 3.235281, -2.124686, -1.347502
254.660000, 3.235281, -2.124686, -1.347500
254.761000, 3.235281, -2.124686, -1.347498
254.867000, 3.235281, -2.124686, -1.347495
254.965000, 3.235281, -2.124686, -1.347490
255.061000, 3.235281, -2.124686, -1.347486
255.164000, 3.235281, -2.124686, -1.347482
255.259000, 3.235281, -2.124686, -1.347480
255.357000, 3.235281, -2.124686, -1.347479
255.453000, 3.235281, -2.124686, -1.347475
255.556000, 3.235281, -2.124686, -1.347472
255.652000, 3.235281, -2.124686, -1.347470
255.766000, 3.235281, -2.124686, -1.347468
255.856000, 3.235281, -2.124686, -1.347465
255.956000, 3.235281, -2.124686, -1.347460
256.062000, 3.235281, -2.124686, -1.347458
256.164000, 3.235281, -2.124686, -1.347456
256.252000, 3.235281, -2.124686, -1.347452
256.353000, 3.235281, -2.124686, -1.347449
256.463000, 3.235281, -2.124686, -1.347447
256.561000, 3.235281, -2.124686, -1.347445
256.663000, 3.235281, -2.124686, -1.347441
256.757000, 3.235281, -2.124686, -1.347437
256.847000, 3.235281, -2.124686, -1.347436
256.967000, 3.235281, -2.124686, -1.347433
257.059000, 3.235281, -2.124686, -1.347429
257.159000, 3.235281, -2.124686, -1.347428
257.256000, 3.235281, -2.124686, -1.347426
257.360000, 3.235281, -2.124686, -1.347423
257.453000, 3.235281, -2.124686, -1.347419
257.558000, 3.235281, -2.124686, -1.347418
257.657000, 3.235281, -2.124686, -1.347414
257.762000, 3.235281, -2.124686, -1.347409
257.867000, 3.235281, -2.124686, -1.347406
257.965000, 3.235281, -2.124686, -1.347405
258.051000, 3.235281, -2.124686, -1.347403
258.154000, 3.235281, -2.124686, -1.347401
258.261000, 3.235281, -2.124686, -1.347399
258.360000, 3.235281, -2.124686, -1.347396
258.456000, 3.235281, -2.124686, -1.347393
258.554000, 3.235281, -2.124686, -1.347390
258.662000, 3.235281, -2.124686, -1.347387
258.754000, 3.235281, -2.124686, -1.347384
258.866000, 3.235281, -2.124686, -1.347382
258.958000, 3.235281, -2.124686, -1.347381
259.051000, 3.235281, -2.124686, -1.347378
259.164000, 3.235281, -2.124686, -1.347374
259.259000, 3.235281, -2.124686, -1.347372
259.363000, 3.235281, -2.124686, -1.347370
259.455000, 3.235281, -2.124686, -1.347365
259.561000, 3.235281, -2.124686, -1.347362
259.653000, 3.235281, -2.124686, -1.347359
259.762000, 3.235281, -2.124686, -1.347358
259.858000, 3.235281, -2.124686, -1.347356
259.961000, 3.235281, -2.124686, -1.347352
260.062000, 3.235281, -2.124686, -1.347351
260.167000, 3.235281, -2.124686, -1.347350
260.264000, 3.235281, -2.124686, -1.347347
260.361000, 3.235281, -2.124686, -1.347344
260.451000, 3.235281, -2.124686, -1.347342
260.558000, 3.235281, -2.124686, -1.347340
260.665000, 3.235281, -2.124686, -1.347335
260.763000, 3.235281, -2.124686, -1.347332
260.863000, 3.235281, -2.124686, -1.347331
260.964000, 3.235281, -2.124686, -1.347328
261.060000, 3.235281, -2.124686, -1.347325
261.161000, 3.235281, -2.124686, -1.347322
261.258000, 3.235281, -2.124686, -1.347320
261.355000, 3.235281, -2.124686, -1.347317
261.456000, 3.235281, -2.124686, -1.347314
261.565000, 3.235281, -2.124686, -1.347312
261.662000, 3.235281, -2.124686, -1.347311
261.759000, 3.235281, -2.124686, -1.347309
261.862000, 3.235281, -2.124686, -1.347306
261.965000, 3.235281, -2.124686, -1.347304
262.058000, 3.235281, -2.124686, -1.347302
262.162000, 3.235281, -2.124686, -1.347298
262.256000, 3.235281, -2.124686, -1.347296
262.364000, 3.235281, -2.124686, -1.347294
262.463000, 3.235281, -2.124686, -1.347290
262.566000, 3.235281, -2.124686, -1.347287
262.663000, 3.235281, -2.124686, -1.347284
262.762000, 3.235281, -2.124686, -1.347282
262.852000, 3.235281, -2.124686, -1.347278
262.967000, 3.235281, -2.124686, -1.347271
263.055000, 3.235281, -2.124686, -1.347270
263.155000, 3.235281, -2.124686, -1.347267
263.250000, 3.235281, -2.124686, -1.347264
263.354000, 3.235281, -2.124686, -1.347263
263.465000, 3.235281, -2.124686, -1.347261
263.566000, 3.235281, -2.124686, -1.347258
263.666000, 3.235281, -2.124686, -1.347255
263.760000, 3.235281, -2.124686, -1.347253
263.860000, 3.235281, -2.124686, -1.347250
263.956000, 3.235281, -2.124686, -1.347248
264.065000, 3.235281, -2.124686, -1.347245
264.157000, 3.235281, -2.124686, -1.347244
264.259000, 3.235281, -2.124686, -1.347241
264.359000, 3.235281, -2.124686, -1.347238
264.459000, 3.235281, -2.124686, -1.347235
264.566000, 3.235281, -2.124686, -1.347234
264.659000, 3.235281, -2.124686, -1.347232
264.765000, 3.235281, -2.124686, -1.347228
264.867000, 3.235281, -2.124686, -1.347226
264.933000, 3.235281, -2.124686, -1.347224
265.056000, 3.235281, -2.124686, -1.347221
265.162000, 3.235281, -2.124686, -1.347219
265.263000, 3.235281, -2.124686, -1.347215
265.362000, 3.235281, -2.124686, -1.347213
265.456000, 3.235281, -2.124686, -1.347210
265.566000, 3.235281, -2.124686, -1.347207
265.655000, 3.235281, -2.124686, -1.347206
265.756000, 3.235281, -2.124686, -1.347203
265.866000, 3.235281, -2.124686, -1.347200
265.956000, 3.235281, -2.124686, -1.347197
266.056000, 3.235281, -2.124686, -1.347194
266.167000, 3.235281, -2.124686, -1.347190
266.253000, 3.235281, -2.124686, -1.347189
266.354000, 3.235281, -2.124686, -1.347187
266.456000, 3.235281, -2.124686, -1.347184
266.555000, 3.235281, -2.124686, -1.347182
266.663000, 3.235281, -2.124686, -1.347181
266.759000, 3.235281, -2.124686, -1.347179
266.858000, 3.235281, -2.124686, -1.347175
266.956000, 3.235281, -2.124686, -1.347172
267.067000, 3.235281, -2.124686, -1.347170
267.163000, 3.235281, -2.124686, -1.347168
267.249000, 3.235281, -2.124686, -1.347165
267.349000, 3.235281, -2.124686, -1.347164
267.466000, 3.235281, -2.124686, -1.347161
267.561000, 3.235281, -2.124686, -1.347157
267.664000, 3.235281, -2.124686, -1.347154
267.752000, 3.235281, -2.124686, -1.347152
267.847000, 3.235281, -2.124686, -1.347149
267.966000, 3.235281, -2.124686, -1.347147
268.065000, 3.235281, -2.124686, -1.347144
268.162000, 3.235281, -2.124686, -1.347142
268.264000, 3.235281, -2.124686, -1.347141
268.359000, 3.235281, -2.124686, -1.347138
268.465000, 3.235281, -2.124686, -1.347135
268.558000, 3.235281, -2.124686, -1.347133
268.666000, 3.235281, -2.124686, -1.347130
268.761000, 3.235281, -2.124686, -1.347128
268.865000, 3.235281, -2.124686, -1.347127
268.963000, 3.235281, -2.124686, -1.347124
269.062000, 3.235281, -2.124686, -1.347121
269.160000, 3.235281, -2.124686, -1.347119
269.263000, 3.235281, -2.124686, -1.347115
269.367000, 3.235281, -2.124686, -1.347113
269.462000, 3.235281, -2.124686, -1.347111
269.555000, 3.235281, -2.124686, -1.347108
269.663000, 3.235281, -2.124686, -1.347105
269.763000, 3.235281, -2.124686, -1.347102
269.860000, 3.235281, -2.124686, -1.347100
269.957000, 3.235281, -2.124686, -1.347097
270.066000, 3.235281, -2.124686, -1.347096
270.161000, 3.235281, -2.124686, -1.347096
270.258000, 3.235281, -2.124686, -1.347094
270.357000, 3.235281, -2.124686, -1.347091
270.462000, 3.235281, -2.124686, -1.347089
270.560000, 3.235281, -2.124686, -1.347088
270.661000, 3.235281, -2.124686, -1.347083
270.752000, 3.235281, -2.124686, -1.347081
270.865000, 3.235281, -2.124686, -1.347076
270.965000, 3.235281, -2.124686, -1.347073
271.063000, 3.235281, -2.124686, -1.347071
271.166000, 3.235281, -2.124686, -1.347068
271.250000, 3.235281, -2.124686, -1.347066
271.365000, 3.235281, -2.124686, -1.347062
271.459000, 3.235281, -2.124686, -1.347060
271.563000, 3.235281, -2.124686, -1.347056
271.662000, 3.235281, -2.124686, -1.347054
271.760000, 3.235281, -2.124686, -1.347053
271.867000, 3.235281, -2.124686, -1.347050
271.956000, 3.235281, -2.124686, -1.347046
272.058000, 3.235281, -2.124686, -1.347044
272.149000, 3.235281, -2.124686, -1.347043
272.267000, 3.235281, -2.124686, -1.347039
272.361000, 3.235281, -2.124686, -1.347036
272.453000, 3.235281, -2.124686, -1.347035
272.544000, 3.235281, -2.124686, -1.347032
272.660000, 3.235281, -2.124686, -1.347029
272.763000, 3.235281, -2.124686, -1.347027
272.858000, 3.235281, -2.124686, -1.347025
272.963000, 3.235281, -2.124686, -1.347023
273.059000, 3.235281, -2.124686, -1.347020
273.161000, 3.235281, -2.124686, -1.347018
