  Time        X         Y         YAW
123.253000, -nan, -nan, -nan
123.356000, 6.024874, -0.000419, -3.141014
123.452000, 6.024874, -0.000419, -3.141011
123.561000, 6.024874, -0.000419, -3.141006
123.625000, 6.024874, -0.000419, -3.141005
123.741000, 6.024874, -0.000419, -3.141002
123.867000, 6.024874, -0.000419, -3.141000
123.965000, 6.024874, -0.000419, -3.140997
124.062000, 6.024874, -0.000419, -3.140995
124.155000, 6.024874, -0.000419, -3.140994
124.267000, 6.024874, -0.000419, -3.140990
124.366000, 6.024874, -0.000419, -3.140988
124.457000, 6.024874, -0.000419, -3.140987
124.548000, 6.024874, -0.000419, -3.140984
124.663000, 6.024874, -0.000419, -3.140981
124.763000, 6.024874, -0.000419, -3.140979
124.854000, 6.024874, -0.000419, -3.140978
124.967000, 6.024874, -0.000419, -3.140974
125.059000, 6.024874, -0.000419, -3.140970
125.163000, 6.024874, -0.000419, -3.140968
125.260000, 6.024874, -0.000419, -3.140967
125.360000, 6.024874, -0.000419, -3.140965
125.460000, 6.024874, -0.000419, -3.140962
125.556000, 6.024874, -0.000419, -3.140960
125.652000, 6.024874, -0.000419, -3.140959
125.763000, 6.024874, -0.000419, -3.140954
125.845000, 6.024874, -0.000419, -3.140952
125.961000, 6.024874, -0.000419, -3.140949
126.065000, 6.024874, -0.000419, -3.140948
126.152000, 6.024874, -0.000419, -3.140944
126.221000, 6.024874, -0.000419, -3.140943
126.360000, 6.024874, -0.000419, -3.140940
126.461000, 6.024874, -0.000419, -3.140937
126.559000, 6.024874, -0.000419, -3.140934
126.664000, 6.024124, -0.000420, -3.139323
126.762000, 6.020629, -0.000443, -3.130508
126.865000, 6.015890, -0.000532, -3.107228
126.941000, 6.015366, -0.000565, -3.069252
127.065000, 6.011385, -0.000998, -3.004741
127.151000, 6.005514, -0.001987, -2.946643
127.266000, 5.972635, -0.005499, -2.869217
127.349000, 5.962535, -0.008626, -2.814423
127.451000, 5.948236, -0.014019, -2.749006
127.564000, 5.918916, -0.033084, -2.671887
127.660000, 5.902286, -0.042185, -2.609395
127.767000, 5.884238, -0.053675, -2.539793
127.860000, 5.862808, -0.072975, -2.484108
127.965000, 5.846605, -0.086328, -2.421901
128.064000, 5.832062, -0.099762, -2.370357
128.159000, 5.818469, -0.113601, -2.324699
128.245000, 5.805097, -0.128472, -2.281606
128.356000, 5.768109, -0.141918, -2.236569
128.463000, 5.755192, -0.158978, -2.201290
128.567000, 5.743317, -0.175810, -2.169222
128.664000, 5.732622, -0.191995, -2.139687
128.729000, 5.724483, -0.205068, -2.115463
128.857000, 5.712317, -0.225986, -2.079782
128.962000, 5.706303, -0.244568, -2.056418
129.066000, 5.696845, -0.263093, -2.028741
129.164000, 5.688415, -0.280787, -2.002195
129.265000, 5.680117, -0.299422, -1.979826
129.360000, 5.672678, -0.316905, -1.965816
129.449000, 5.665720, -0.333939, -1.951192
129.564000, 5.657565, -0.354801, -1.936000
129.664000, 5.650607, -0.373339, -1.923331
129.767000, 5.643564, -0.392910, -1.909394
129.859000, 5.637038, -0.411815, -1.896422
129.950000, 5.631571, -0.428334, -1.884583
130.064000, 5.624988, -0.449116, -1.869164
130.165000, 5.618371, -0.469380, -1.856073
130.260000, 5.612971, -0.488014, -1.847112
130.364000, 5.607521, -0.507879, -1.832158
130.456000, 5.602611, -0.526441, -1.825623
130.562000, 5.597524, -0.546403, -1.815873
130.660000, 5.593237, -0.563730, -1.810427
130.766000, 5.589565, -0.578990, -1.803169
130.860000, 5.585942, -0.594554, -1.797025
130.955000, 5.582303, -0.610463, -1.793893
131.067000, 5.578175, -0.628876, -1.788391
131.155000, 5.574983, -0.643491, -1.783396
131.262000, 5.571188, -0.661281, -1.778109
131.353000, 5.573952, -0.674593, -1.773852
131.453000, 5.570562, -0.691252, -1.768959
131.548000, 5.567362, -0.707428, -1.763412
131.663000, 5.563766, -0.726126, -1.756934
131.761000, 5.560757, -0.742511, -1.748196
131.864000, 5.557732, -0.759758, -1.740910
131.964000, 5.554903, -0.776521, -1.735472
132.062000, 5.552207, -0.792961, -1.730871
132.158000, 5.549651, -0.809080, -1.725425
132.265000, 5.546879, -0.827058, -1.724235
132.357000, 5.544465, -0.842510, -1.725590
132.464000, 5.541701, -0.860489, -1.720564
132.556000, 5.539406, -0.875960, -1.717599
132.661000, 5.524243, -0.889640, -1.733299
132.760000, 5.522688, -0.898555, -1.755376
132.864000, 5.521902, -0.902640, -1.766928
132.947000, 5.521902, -0.902640, -1.770300
133.066000, 5.521902, -0.902640, -1.811378
133.166000, 5.521902, -0.902640, -1.866942
133.261000, 5.521902, -0.902640, -1.933393
133.360000, 5.536339, -0.898441, -1.994883
133.455000, 5.536339, -0.898441, -2.062592
133.553000, 5.536339, -0.898441, -2.123104
133.670000, 5.552390, -0.898192, -2.199945
133.762000, 5.552390, -0.898192, -2.259400
133.862000, 5.552390, -0.898192, -2.319644
133.962000, 5.552390, -0.898192, -2.373472
134.064000, 5.540105, -0.897369, -2.423664
134.156000, 5.540105, -0.897369, -2.463514
134.264000, 5.540105, -0.897369, -2.506659
134.362000, 5.540105, -0.897369, -2.545677
134.464000, 5.540105, -0.897369, -2.586385
134.558000, 5.540105, -0.897369, -2.621412
134.666000, 5.540105, -0.897369, -2.621368
134.759000, 5.540105, -0.897369, -2.621364
134.859000, 5.540105, -0.897369, -2.621362
134.959000, 5.540105, -0.897369, -2.621361
135.066000, 5.540105, -0.897369, -2.621359
135.166000, 5.540105, -0.897369, -2.621357
135.249000, 5.540105, -0.897369, -2.621355
135.354000, 5.540105, -0.897369, -2.621351
135.466000, 5.540105, -0.897369, -2.621348
135.567000, 5.540105, -0.897369, -2.621346
135.664000, 5.540105, -0.897369, -2.621344
135.758000, 5.540105, -0.897369, -2.621341
135.864000, 5.540105, -0.897369, -2.621339
135.962000, 5.540105, -0.897369, -2.621337
136.057000, 5.540105, -0.897369, -2.621335
136.144000, 5.540105, -0.897369, -2.621332
136.265000, 5.540105, -0.897369, -2.621328
136.358000, 5.540105, -0.897369, -2.621326
136.460000, 5.540105, -0.897369, -2.621324
136.555000, 5.540105, -0.897369, -2.621322
136.661000, 5.540105, -0.897369, -2.621318
136.758000, 5.540105, -0.897369, -2.621314
136.866000, 5.540105, -0.897369, -2.621309
136.967000, 5.540105, -0.897369, -2.621307
137.064000, 5.540105, -0.897369, -2.621306
137.151000, 5.540105, -0.897369, -2.621304
137.265000, 5.540105, -0.897369, -2.621301
137.364000, 5.540105, -0.897369, -2.621298
137.467000, 5.540105, -0.897369, -2.621295
137.560000, 5.540105, -0.897369, -2.621291
137.653000, 5.540105, -0.897369, -2.621290
137.755000, 5.540105, -0.897369, -2.621287
137.859000, 5.540105, -0.897369, -2.621284
137.962000, 5.540105, -0.897369, -2.621282
138.061000, 5.540105, -0.897369, -2.621281
138.161000, 5.540105, -0.897369, -2.621277
138.231000, 5.540105, -0.897369, -2.621275
138.362000, 5.540105, -0.897369, -2.621272
138.464000, 5.540105, -0.897369, -2.621271
138.565000, 5.540105, -0.897369, -2.621269
138.658000, 5.540105, -0.897369, -2.621265
138.762000, 5.540105, -0.897369, -2.621262
138.858000, 5.540105, -0.897369, -2.621262
138.965000, 5.540105, -0.897369, -2.621257
139.065000, 5.540105, -0.897369, -2.621256
139.155000, 5.540105, -0.897369, -2.621255
139.255000, 5.540105, -0.897369, -2.621253
139.364000, 5.540105, -0.897369, -2.621252
139.453000, 5.540105, -0.897369, -2.621249
139.557000, 5.540105, -0.897369, -2.621245
139.658000, 5.540105, -0.897369, -2.621245
139.763000, 5.540105, -0.897369, -2.621243
139.860000, 5.540105, -0.897369, -2.621239
139.961000, 5.540105, -0.897369, -2.621236
140.061000, 5.540105, -0.897369, -2.621234
140.144000, 5.540105, -0.897369, -2.621233
140.261000, 5.540105, -0.897369, -2.621229
140.366000, 5.540105, -0.897369, -2.621225
140.453000, 5.540105, -0.897369, -2.621222
140.564000, 5.540105, -0.897369, -2.621218
140.664000, 5.540105, -0.897369, -2.621217
140.766000, 5.540105, -0.897369, -2.621215
140.857000, 5.540105, -0.897369, -2.621209
140.950000, 5.540105, -0.897369, -2.621208
141.061000, 5.540105, -0.897369, -2.621205
141.143000, 5.540105, -0.897369, -2.621203
141.264000, 5.540105, -0.897369, -2.621200
141.362000, 5.540105, -0.897369, -2.621199
141.450000, 5.540105, -0.897369, -2.621197
141.558000, 5.540105, -0.897369, -2.621195
141.649000, 5.540105, -0.897369, -2.621191
141.751000, 5.540105, -0.897369, -2.621190
141.849000, 5.540105, -0.897369, -2.621186
141.967000, 5.540105, -0.897369, -2.621183
142.057000, 5.540105, -0.897369, -2.621178
142.167000, 5.540105, -0.897369, -2.621177
142.251000, 5.540105, -0.897369, -2.621173
142.366000, 5.540105, -0.897369, -2.621171
142.454000, 5.540105, -0.897369, -2.621170
142.548000, 5.540105, -0.897369, -2.621168
142.657000, 5.540105, -0.897369, -2.621164
142.747000, 5.540105, -0.897369, -2.621161
142.866000, 5.540105, -0.897369, -2.621158
142.957000, 5.540105, -0.897369, -2.621155
143.059000, 5.540105, -0.897369, -2.621149
143.167000, 5.540105, -0.897369, -2.621146
143.244000, 5.540105, -0.897369, -2.621145
143.367000, 5.540105, -0.897369, -2.621142
143.454000, 5.540105, -0.897369, -2.621138
143.562000, 5.540105, -0.897369, -2.621135
143.658000, 5.540105, -0.897369, -2.621133
143.763000, 5.540105, -0.897369, -2.621131
143.857000, 5.540105, -0.897369, -2.621129
143.954000, 5.540105, -0.897369, -2.621128
144.055000, 5.540105, -0.897369, -2.621124
144.166000, 5.540105, -0.897369, -2.621123
144.247000, 5.540105, -0.897369, -2.621122
144.360000, 5.540105, -0.897369, -2.621119
144.461000, 5.540105, -0.897369, -2.621112
144.560000, 5.540105, -0.897369, -2.621109
144.657000, 5.540105, -0.897369, -2.621108
144.759000, 5.540105, -0.897369, -2.621106
144.863000, 5.540105, -0.897369, -2.621101
144.963000, 5.540105, -0.897369, -2.621099
145.062000, 5.540105, -0.897369, -2.621095
145.153000, 5.540105, -0.897369, -2.621093
145.257000, 5.540105, -0.897369, -2.621090
145.364000, 5.540105, -0.897369, -2.621088
145.461000, 5.540105, -0.897369, -2.621085
145.558000, 5.540105, -0.897369, -2.621081
145.661000, 5.540105, -0.897369, -2.621078
145.763000, 5.540105, -0.897369, -2.621077
145.856000, 5.540105, -0.897369, -2.621075
145.951000, 5.540105, -0.897369, -2.621072
146.067000, 5.540105, -0.897369, -2.621071
146.157000, 5.540105, -0.897369, -2.621070
146.268000, 5.540105, -0.897369, -2.621067
146.356000, 5.540105, -0.897369, -2.621063
146.467000, 5.540105, -0.897369, -2.621061
146.562000, 5.540105, -0.897369, -2.621059
146.663000, 5.540105, -0.897369, -2.621055
146.761000, 5.540105, -0.897369, -2.621053
146.866000, 5.540105, -0.897369, -2.621049
146.963000, 5.540105, -0.897369, -2.621046
147.059000, 5.540105, -0.897369, -2.621042
147.166000, 5.540105, -0.897369, -2.621041
147.262000, 5.540105, -0.897369, -2.621038
147.364000, 5.540105, -0.897369, -2.621034
147.442000, 5.540105, -0.897369, -2.621031
147.558000, 5.540105, -0.897369, -2.621030
147.666000, 5.540105, -0.897369, -2.621028
147.762000, 5.540105, -0.897369, -2.621025
147.867000, 5.540105, -0.897369, -2.621022
147.966000, 5.540105, -0.897369, -2.621021
148.062000, 5.540105, -0.897369, -2.621018
148.162000, 5.540105, -0.897369, -2.621015
148.259000, 5.540105, -0.897369, -2.621013
148.362000, 5.540105, -0.897369, -2.621011
148.466000, 5.540105, -0.897369, -2.621007
148.563000, 5.540105, -0.897369, -2.621005
148.664000, 5.540105, -0.897369, -2.621002
148.747000, 5.540105, -0.897369, -2.621000
148.866000, 5.540105, -0.897369, -2.620997
148.963000, 5.540105, -0.897369, -2.620994
149.057000, 5.540105, -0.897369, -2.620992
149.165000, 5.540105, -0.897369, -2.620988
149.243000, 5.540105, -0.897369, -2.620986
149.346000, 5.540105, -0.897369, -2.620984
149.453000, 5.540105, -0.897369, -2.620983
149.532000, 5.540105, -0.897369, -2.620980
149.659000, 5.540105, -0.897369, -2.620975
149.761000, 5.540105, -0.897369, -2.620975
149.863000, 5.540105, -0.897369, -2.620972
149.965000, 5.540105, -0.897369, -2.620968
150.049000, 5.540105, -0.897369, -2.620967
150.163000, 5.540105, -0.897369, -2.620965
150.265000, 5.540105, -0.897369, -2.620961
150.346000, 5.540105, -0.897369, -2.620958
150.459000, 5.540105, -0.897369, -2.620957
150.562000, 5.540105, -0.897369, -2.620955
150.660000, 5.539702, -0.897600, -2.621677
150.762000, 5.536778, -0.899256, -2.631040
150.865000, 5.536949, -0.901654, -2.653862
150.960000, 5.536262, -0.901990, -2.700226
151.063000, 5.532615, -0.903569, -2.760154
151.165000, 5.526811, -0.905704, -2.816567
151.264000, 5.519294, -0.907970, -2.878953
151.356000, 5.502494, -0.910415, -2.941749
151.460000, 5.489351, -0.912642, -3.004030
151.543000, 5.474853, -0.914223, -3.060694
151.657000, 5.448119, -0.913142, -3.128119
151.742000, 5.431721, -0.912994, 3.109702
151.857000, 5.408570, -0.911537, 3.046885
151.952000, 5.388919, -0.909134, 2.994543
152.065000, 5.365275, -0.903298, 2.945554
152.167000, 5.345573, -0.898850, 2.895215
152.256000, 5.327438, -0.893897, 2.856135
152.360000, 5.308539, -0.887995, 2.823200
152.461000, 5.289257, -0.881339, 2.795281
152.563000, 5.270347, -0.874236, 2.769411
152.663000, 5.251805, -0.866740, 2.745595
152.759000, 5.234172, -0.859145, 2.724275
152.851000, 5.226728, -0.850596, 2.701673
152.953000, 5.208355, -0.841730, 2.682413
153.063000, 5.189082, -0.831978, 2.664117
153.163000, 5.171393, -0.822646, 2.647727
153.255000, 5.154562, -0.813407, 2.632003
153.365000, 5.135950, -0.802846, 2.618539
153.466000, 5.118690, -0.792742, 2.605534
153.558000, 5.102581, -0.783050, 2.594029
153.666000, 5.084390, -0.771779, 2.578556
153.768000, 5.067236, -0.760739, 2.563352
153.863000, 5.051357, -0.750306, 2.557536
153.962000, 5.035007, -0.739497, 2.555847
154.062000, 5.018398, -0.728354, 2.547105
154.155000, 5.003347, -0.720353, 2.542714
154.257000, 4.986878, -0.709006, 2.534122
154.355000, 4.969846, -0.697066, 2.524933
154.466000, 4.952143, -0.684345, 2.512424
154.561000, 4.938474, -0.674304, 2.503702
154.666000, 4.926780, -0.665580, 2.497572
154.767000, 4.914495, -0.656293, 2.491495
154.862000, 4.904146, -0.648393, 2.487935
154.955000, 4.894042, -0.640633, 2.484968
155.062000, 4.882782, -0.631851, 2.474488
155.164000, 4.871485, -0.622888, 2.467553
155.250000, 4.861662, -0.614998, 2.460965
155.360000, 4.850305, -0.605665, 2.446665
155.456000, 4.839716, -0.596723, 2.432817
155.566000, 4.828329, -0.586775, 2.414335
155.661000, 4.818565, -0.577953, 2.399527
155.767000, 4.800906, -0.566158, 2.384124
155.858000, 4.791711, -0.557340, 2.372024
155.961000, 4.781485, -0.547373, 2.363073
156.061000, 4.771694, -0.537564, 2.347240
156.154000, 4.762942, -0.528445, 2.319867
156.261000, 4.757915, -0.522879, 2.279828
156.350000, 4.757426, -0.518185, 2.230394
156.466000, 4.753832, -0.513190, 2.165488
156.567000, 4.750368, -0.507809, 2.111674
156.663000, 4.749885, -0.506980, 2.051007
156.760000, 4.749596, -0.506353, 1.988837
156.862000, 4.749462, -0.506543, 1.933475
156.966000, 4.749194, -0.505763, 1.891357
157.062000, 4.748176, -0.502498, 1.859157
157.164000, 4.746901, -0.498011, 1.830051
157.260000, 4.746893, -0.497982, 1.788059
157.358000, 4.746822, -0.497599, 1.747795
157.458000, 4.745407, -0.499763, 1.708907
157.563000, 4.745407, -0.499763, 1.662554
157.662000, 4.745407, -0.499763, 1.623913
157.761000, 4.745407, -0.499763, 1.580867
157.858000, 4.745407, -0.499763, 1.539319
157.956000, 4.728764, -0.506331, 1.491852
158.065000, 4.728764, -0.506331, 1.442513
158.164000, 4.728764, -0.506331, 1.399815
158.255000, 4.728764, -0.506331, 1.361605
158.368000, 4.728764, -0.506331, 1.305233
158.466000, 4.719131, -0.510419, 1.257669
158.544000, 4.719131, -0.510419, 1.215762
158.659000, 4.719131, -0.510419, 1.174493
158.762000, 4.719131, -0.510419, 1.132447
158.864000, 4.719131, -0.510419, 1.089950
158.960000, 4.709561, -0.513145, 1.050354
159.063000, 4.709561, -0.513145, 1.008525
159.160000, 4.709561, -0.513145, 0.967066
159.260000, 4.709561, -0.513145, 0.918330
159.356000, 4.709561, -0.513145, 0.876249
159.458000, 4.709561, -0.513145, 0.832342
159.561000, 4.707694, -0.514551, 0.781828
159.650000, 4.707694, -0.514551, 0.737855
159.757000, 4.707694, -0.514551, 0.695091
159.865000, 4.707694, -0.514551, 0.649842
159.967000, 4.707694, -0.514551, 0.603200
160.059000, 4.700115, -0.513851, 0.559873
160.162000, 4.700115, -0.513851, 0.514234
160.262000, 4.700115, -0.513851, 0.467447
160.366000, 4.700115, -0.513851, 0.420172
160.465000, 4.700115, -0.513851, 0.374885
160.559000, 4.701181, -0.517066, 0.326009
160.661000, 4.701181, -0.517066, 0.278629
160.741000, 4.701181, -0.517066, 0.242625
160.865000, 4.701181, -0.517066, 0.190399
160.964000, 4.695074, -0.516082, 0.125650
161.055000, 4.695074, -0.516082, 0.065134
161.154000, 4.695074, -0.516082, -0.001191
161.265000, 4.695074, -0.516082, -0.072943
161.364000, 4.696341, -0.514353, -0.137851
161.466000, 4.696341, -0.514353, -0.205562
161.567000, 4.696341, -0.514353, -0.270709
161.658000, 4.701081, -0.512330, -0.338246
161.764000, 4.701081, -0.512330, -0.405278
161.857000, 4.701081, -0.512330, -0.468407
161.959000, 4.692997, -0.509320, -0.536104
162.066000, 4.692997, -0.509320, -0.606455
162.165000, 4.692997, -0.509320, -0.672170
162.263000, 4.692997, -0.509320, -0.736033
162.355000, 4.693964, -0.507593, -0.798184
162.466000, 4.693964, -0.507593, -0.870456
162.566000, 4.693964, -0.507593, -0.936267
162.663000, 4.695156, -0.504538, -1.000882
162.761000, 4.695156, -0.504538, -1.065239
162.863000, 4.695156, -0.504538, -1.133032
162.965000, 4.695156, -0.504538, -1.199443
163.062000, 4.699717, -0.503234, -1.262414
163.164000, 4.699717, -0.503234, -1.330154
163.259000, 4.699838, -0.503852, -1.391951
163.345000, 4.700657, -0.506470, -1.457232
163.461000, 4.701135, -0.512780, -1.526285
163.556000, 4.701225, -0.518626, -1.593955
163.662000, 4.701193, -0.519546, -1.656322
163.764000, 4.697115, -0.518488, -1.723121
163.838000, 4.697031, -0.518915, -1.774442
163.967000, 4.696640, -0.520580, -1.856612
164.047000, 4.695658, -0.519271, -1.913413
164.161000, 4.695084, -0.520786, -1.981792
164.259000, 4.694777, -0.521404, -2.046803
164.363000, 4.692943, -0.524656, -2.114471
164.459000, 4.690920, -0.528158, -2.176249
164.567000, 4.685887, -0.534898, -2.245829
164.662000, 4.680291, -0.541449, -2.309011
164.764000, 4.669536, -0.547190, -2.374784
164.860000, 4.663702, -0.552500, -2.437843
164.955000, 4.661840, -0.554014, -2.501001
165.061000, 4.658168, -0.555509, -2.567936
165.164000, 4.658168, -0.555509, -2.636877
165.265000, 4.657441, -0.555866, -2.701914
165.362000, 4.654132, -0.557284, -2.765633
165.463000, 4.651218, -0.560706, -2.832087
165.567000, 4.650495, -0.560896, -2.900633
165.661000, 4.647031, -0.561623, -2.963179
165.761000, 4.639242, -0.561803, -3.028627
165.867000, 4.630296, -0.562497, -3.098200
165.965000, 4.621478, -0.562598, 3.120509
166.063000, 4.611665, -0.562182, 3.057678
166.162000, 4.609843, -0.562009, 3.007369
166.265000, 4.609843, -0.562009, 2.955621
166.364000, 4.609843, -0.562009, 2.910098
166.466000, 4.609843, -0.562009, 2.865012
166.566000, 4.609317, -0.565349, 2.815810
166.666000, 4.609317, -0.565349, 2.759760
166.761000, 4.609317, -0.565349, 2.707780
166.864000, 4.609317, -0.565349, 2.658986
166.965000, 4.596959, -0.567887, 2.612673
167.067000, 4.596959, -0.567887, 2.568590
167.166000, 4.596959, -0.567887, 2.527268
167.259000, 4.596959, -0.567887, 2.481488
167.359000, 4.596959, -0.567887, 2.420380
167.459000, 4.592914, -0.569538, 2.362822
167.559000, 4.592914, -0.569538, 2.311739
167.662000, 4.592914, -0.569538, 2.255565
167.753000, 4.592914, -0.569538, 2.203513
167.858000, 4.593754, -0.571799, 2.150181
167.947000, 4.593754, -0.571799, 2.110269
168.067000, 4.593754, -0.571799, 2.054953
168.151000, 4.593754, -0.571799, 2.016256
168.258000, 4.593754, -0.571799, 1.972467
168.362000, 4.597857, -0.569652, 1.927244
168.463000, 4.597857, -0.569652, 1.869561
168.566000, 4.597857, -0.569652, 1.814121
168.662000, 4.597857, -0.569652, 1.760323
168.767000, 4.600112, -0.571354, 1.714140
168.866000, 4.600112, -0.571354, 1.671731
168.954000, 4.600112, -0.571354, 1.631190
169.062000, 4.600112, -0.571354, 1.561980
169.167000, 4.600112, -0.571354, 1.493550
169.259000, 4.599068, -0.568865, 1.433462
169.358000, 4.599068, -0.568865, 1.368278
169.466000, 4.599068, -0.568865, 1.297241
169.565000, 4.599068, -0.568865, 1.232133
169.653000, 4.593228, -0.571749, 1.173335
169.763000, 4.593228, -0.571749, 1.103642
169.866000, 4.593228, -0.571749, 1.036555
169.963000, 4.590508, -0.572034, 0.971580
170.045000, 4.590508, -0.572034, 0.912994
170.157000, 4.590508, -0.572034, 0.844004
170.238000, 4.590508, -0.572034, 0.790796
170.339000, 4.588738, -0.572361, 0.725053
170.432000, 4.588738, -0.572361, 0.652104
170.559000, 4.588738, -0.572361, 0.571894
170.665000, 4.595958, -0.571046, 0.510064
170.759000, 4.595958, -0.571046, 0.448214
170.861000, 4.595958, -0.571046, 0.380527
170.965000, 4.593034, -0.569571, 0.312473
171.064000, 4.593034, -0.569571, 0.247392
171.167000, 4.593034, -0.569571, 0.179589
171.266000, 4.593034, -0.569571, 0.114006
171.362000, 4.587746, -0.569617, 0.051985
171.452000, 4.587746, -0.569617, -0.008029
171.563000, 4.587746, -0.569617, -0.080352
171.651000, 4.594602, -0.566476, -0.141344
171.758000, 4.595235, -0.566602, -0.211104
171.864000, 4.596768, -0.566961, -0.280765
171.955000, 4.596049, -0.568516, -0.340150
172.057000, 4.596049, -0.568516, -0.406738
172.159000, 4.596049, -0.568516, -0.473826
172.267000, 4.596049, -0.568516, -0.546284
172.360000, 4.599848, -0.567954, -0.605476
172.467000, 4.602998, -0.570327, -0.676357
172.565000, 4.607981, -0.574608, -0.740105
172.661000, 4.617319, -0.579525, -0.802970
172.759000, 4.625606, -0.588693, -0.867279
172.855000, 4.634949, -0.600463, -0.931140
172.961000, 4.655978, -0.616154, -1.001249
173.066000, 4.666482, -0.633841, -1.069070
173.161000, 4.675101, -0.650770, -1.131443
173.265000, 4.683304, -0.669880, -1.199872
173.357000, 4.687437, -0.688105, -1.261306
173.467000, 4.692885, -0.707293, -1.330208
173.564000, 4.695444, -0.719250, -1.394022
173.660000, 4.691439, -0.726524, -1.457549
173.765000, 4.691562, -0.727778, -1.527257
173.866000, 4.691562, -0.727778, -1.593170
173.956000, 4.691979, -0.728184, -1.651864
174.061000, 4.691885, -0.728882, -1.720878
174.165000, 4.691187, -0.732551, -1.789332
174.265000, 4.689506, -0.739056, -1.855142
174.355000, 4.688054, -0.745880, -1.916422
174.460000, 4.684604, -0.754541, -1.982912
174.560000, 4.680186, -0.763777, -2.049238
174.655000, 4.673767, -0.775298, -2.112006
174.765000, 4.664262, -0.789862, -2.184299
174.864000, 4.652916, -0.804911, -2.248771
174.959000, 4.640414, -0.819479, -2.311934
175.064000, 4.625063, -0.834255, -2.379846
175.162000, 4.610611, -0.847192, -2.443649
175.265000, 4.594236, -0.860012, -2.511237
175.357000, 4.579215, -0.871484, -2.569410
175.454000, 4.563144, -0.881235, -2.621836
175.556000, 4.545191, -0.890917, -2.672177
175.658000, 4.526785, -0.899709, -2.719120
175.765000, 4.508350, -0.905864, -2.763683
175.865000, 4.489808, -0.912806, -2.802280
175.958000, 4.471981, -0.918771, -2.835174
176.061000, 4.451856, -0.924766, -2.867288
176.163000, 4.432151, -0.930045, -2.892079
176.259000, 4.413885, -0.934494, -2.913182
176.359000, 4.394554, -0.938777, -2.933755
176.454000, 4.375339, -0.942637, -2.953487
176.554000, 4.355851, -0.946138, -2.974023
176.655000, 4.336299, -0.949258, -2.991642
176.767000, 4.316953, -0.953253, -3.002905
176.862000, 4.298123, -0.955787, -3.010988
176.962000, 4.278288, -0.958357, -3.014921
177.065000, 4.257846, -0.960899, -3.022075
177.159000, 4.239171, -0.963061, -3.029010
177.266000, 4.217904, -0.965447, -3.031079
177.365000, 4.198222, -0.967601, -3.033691
177.464000, 4.178337, -0.969746, -3.033495
177.566000, 4.158258, -0.971956, -3.030746
177.655000, 4.140370, -0.973962, -3.028726
177.759000, 4.123885, -0.975962, -3.022334
177.855000, 4.104632, -0.978346, -3.014775
177.961000, 4.084008, -0.981044, -3.008545
178.057000, 4.064984, -0.983638, -3.002900
178.155000, 4.045388, -0.986470, -2.993568
178.260000, 4.024237, -0.989728, -2.981717
178.348000, 4.006094, -0.992792, -2.967004
178.464000, 3.984656, -0.996744, -2.952764
178.565000, 3.964833, -1.000630, -2.943532
178.660000, 3.946220, -1.004444, -2.934330
178.762000, 3.925698, -1.008900, -2.921432
178.860000, 3.899677, -1.015022, -2.910839
178.963000, 3.880035, -1.019735, -2.900846
179.057000, 3.861606, -1.024359, -2.890984
179.162000, 3.841480, -1.029611, -2.881913
179.262000, 3.822170, -1.034818, -2.874870
179.359000, 3.803086, -1.040094, -2.868442
179.463000, 3.783272, -1.045729, -2.860029
179.568000, 3.763319, -1.051606, -2.849743
179.662000, 3.745341, -1.057105, -2.840041
179.762000, 3.723412, -1.064041, -2.831868
179.847000, 3.709894, -1.068390, -2.828077
179.963000, 3.686622, -1.077141, -2.816860
180.062000, 3.667693, -1.083597, -2.807678
180.166000, 3.648838, -1.090267, -2.795796
180.261000, 3.630808, -1.096865, -2.786034
180.339000, 3.616202, -1.102346, -2.779098
180.460000, 3.593799, -1.110953, -2.770748
180.552000, 3.576668, -1.117669, -2.764271
180.662000, 3.556262, -1.125889, -2.754103
180.767000, 3.536843, -1.133884, -2.747544
180.866000, 3.518583, -1.141539, -2.743330
180.961000, 3.501071, -1.148909, -2.742792
181.067000, 3.481543, -1.157163, -2.740212
181.165000, 3.458838, -1.165180, -2.738513
181.255000, 3.441729, -1.172474, -2.739027
181.366000, 3.421851, -1.180926, -2.738871
181.464000, 3.403833, -1.188642, -2.733906
181.563000, 3.385685, -1.196559, -2.727689
181.663000, 3.367387, -1.204631, -2.724139
181.757000, 3.350219, -1.212293, -2.719111
181.854000, 3.331639, -1.220717, -2.713081
181.958000, 3.313103, -1.229236, -2.708811
182.064000, 3.294415, -1.237902, -2.706681
182.154000, 3.278091, -1.245487, -2.706672
182.258000, 3.265093, -1.256312, -2.705813
182.353000, 3.247862, -1.264317, -2.707815
182.461000, 3.228249, -1.273366, -2.709620
182.556000, 3.209188, -1.282181, -2.705978
182.654000, 3.193071, -1.289735, -2.701810
182.771000, 3.172079, -1.299613, -2.701219
182.865000, 3.155078, -1.307639, -2.700273
182.945000, 3.140069, -1.314729, -2.700269
183.052000, 3.120719, -1.323871, -2.699799
183.161000, 3.101564, -1.332954, -2.697441
183.252000, 3.085141, -1.340797, -2.695571
183.360000, 3.065286, -1.350274, -2.695874
183.466000, 3.054115, -1.359468, -2.695179
183.561000, 3.036976, -1.367670, -2.695747
183.657000, 3.019648, -1.375939, -2.695952
183.762000, 3.001850, -1.384477, -2.692819
183.859000, 2.989510, -1.390428, -2.691181
183.951000, 2.977924, -1.396055, -2.687512
184.062000, 2.963851, -1.402968, -2.683721
184.150000, 2.952799, -1.408413, -2.684186
184.264000, 2.938599, -1.415387, -2.685583
184.362000, 2.926283, -1.421433, -2.683678
184.456000, 2.914244, -1.427407, -2.677078
184.558000, 2.901511, -1.433871, -2.666170
184.665000, 2.888359, -1.440746, -2.653030
184.764000, 2.876289, -1.447268, -2.638060
184.863000, 2.864211, -1.454066, -2.619288
184.954000, 2.856743, -1.457950, -2.603916
185.059000, 2.844072, -1.465673, -2.583882
185.165000, 2.832940, -1.472766, -2.564465
185.267000, 2.827527, -1.476329, -2.554091
185.355000, 2.826679, -1.476896, -2.551895
185.465000, 2.826679, -1.476896, -2.551903
185.559000, 2.826679, -1.476896, -2.551899
185.662000, 2.826679, -1.476896, -2.551896
185.761000, 2.826679, -1.476896, -2.551895
185.858000, 2.826679, -1.476896, -2.551893
185.959000, 2.826679, -1.476896, -2.551890
186.057000, 2.826679, -1.476896, -2.551887
186.155000, 2.826679, -1.476896, -2.551886
186.266000, 2.826679, -1.476896, -2.551882
186.366000, 2.826679, -1.476896, -2.551879
186.462000, 2.826679, -1.476896, -2.551876
186.548000, 2.826679, -1.476896, -2.551874
186.660000, 2.826679, -1.476896, -2.551872
186.757000, 2.826679, -1.476896, -2.551868
186.863000, 2.826679, -1.476896, -2.551865
186.965000, 2.826679, -1.476896, -2.551864
187.065000, 2.826679, -1.476896, -2.551861
187.165000, 2.826679, -1.476896, -2.551859
187.251000, 2.826679, -1.476896, -2.551856
187.357000, 2.826679, -1.476896, -2.551854
187.457000, 2.826679, -1.476896, -2.551852
187.564000, 2.826679, -1.476896, -2.551848
187.662000, 2.826679, -1.476896, -2.551846
187.757000, 2.826679, -1.476896, -2.551845
187.860000, 2.826679, -1.476896, -2.551841
187.962000, 2.826679, -1.476896, -2.551839
188.063000, 2.826679, -1.476896, -2.551838
188.156000, 2.826679, -1.476896, -2.551836
188.245000, 2.826679, -1.476896, -2.551834
188.364000, 2.826679, -1.476896, -2.551829
188.461000, 2.826679, -1.476896, -2.551827
188.558000, 2.826679, -1.476896, -2.551826
188.655000, 2.826679, -1.476896, -2.551822
188.759000, 2.826679, -1.476896, -2.551818
188.861000, 2.826679, -1.476896, -2.551817
188.952000, 2.826679, -1.476896, -2.551814
189.056000, 2.826679, -1.476896, -2.551811
189.164000, 2.826679, -1.476896, -2.551808
189.258000, 2.826679, -1.476896, -2.551807
189.360000, 2.826679, -1.476896, -2.551803
189.460000, 2.826679, -1.476896, -2.551800
189.555000, 2.826679, -1.476896, -2.551797
189.654000, 2.826679, -1.476896, -2.551796
189.761000, 2.826679, -1.476896, -2.551792
189.864000, 2.826679, -1.476896, -2.551790
189.964000, 2.826679, -1.476896, -2.551789
190.064000, 2.826679, -1.476896, -2.551787
190.165000, 2.826679, -1.476896, -2.551785
190.264000, 2.826679, -1.476896, -2.551783
190.365000, 2.826679, -1.476896, -2.551782
190.467000, 2.826679, -1.476896, -2.551778
190.560000, 2.826679, -1.476896, -2.551777
190.663000, 2.826679, -1.476896, -2.551774
190.766000, 2.826679, -1.476896, -2.551773
190.865000, 2.826679, -1.476896, -2.551770
190.960000, 2.826679, -1.476896, -2.551768
191.059000, 2.826679, -1.476896, -2.551766
191.158000, 2.826679, -1.476896, -2.551765
191.267000, 2.826679, -1.476896, -2.551763
191.362000, 2.826679, -1.476896, -2.551761
191.462000, 2.826679, -1.476896, -2.551759
191.550000, 2.826679, -1.476896, -2.551758
191.658000, 2.826679, -1.476896, -2.551756
191.754000, 2.826679, -1.476896, -2.551753
191.862000, 2.826679, -1.476896, -2.551752
191.957000, 2.826679, -1.476896, -2.551750
192.056000, 2.826679, -1.476896, -2.551748
192.163000, 2.826679, -1.476896, -2.551745
192.263000, 2.826679, -1.476896, -2.551742
192.362000, 2.826679, -1.476896, -2.551740
192.464000, 2.826679, -1.476896, -2.551738
192.557000, 2.826679, -1.476896, -2.551736
192.661000, 2.826679, -1.476896, -2.551732
192.761000, 2.826679, -1.476896, -2.551731
192.859000, 2.826679, -1.476896, -2.551729
192.954000, 2.826679, -1.476896, -2.551728
193.061000, 2.826679, -1.476896, -2.551726
193.163000, 2.826679, -1.476896, -2.551724
193.266000, 2.826679, -1.476896, -2.551722
193.358000, 2.826679, -1.476896, -2.551719
193.454000, 2.826679, -1.476896, -2.551718
193.537000, 2.826679, -1.476896, -2.551716
193.664000, 2.826679, -1.476896, -2.551713
193.764000, 2.826679, -1.476896, -2.551712
193.861000, 2.826679, -1.476896, -2.551710
193.934000, 2.826679, -1.476896, -2.551707
194.067000, 2.826679, -1.476896, -2.551705
194.154000, 2.826679, -1.476896, -2.551705
194.258000, 2.826679, -1.476896, -2.551702
194.362000, 2.826679, -1.476896, -2.551699
194.458000, 2.826679, -1.476896, -2.551698
194.567000, 2.826679, -1.476896, -2.551696
194.658000, 2.826679, -1.476896, -2.551694
194.760000, 2.826679, -1.476896, -2.551690
194.851000, 2.826679, -1.476896, -2.551689
194.958000, 2.826679, -1.476896, -2.551688
195.050000, 2.826679, -1.476896, -2.551684
195.159000, 2.826679, -1.476896, -2.551681
195.261000, 2.826679, -1.476896, -2.551680
195.360000, 2.826679, -1.476896, -2.551678
195.460000, 2.826679, -1.476896, -2.551675
195.551000, 2.826679, -1.476896, -2.551674
195.660000, 2.826679, -1.476896, -2.551671
195.756000, 2.826679, -1.476896, -2.551669
195.852000, 2.826679, -1.476896, -2.551665
195.963000, 2.826679, -1.476896, -2.551662
196.060000, 2.826679, -1.476896, -2.551661
196.154000, 2.826679, -1.476896, -2.551657
196.264000, 2.826679, -1.476896, -2.551656
196.356000, 2.826679, -1.476896, -2.551652
196.455000, 2.826679, -1.476896, -2.551649
196.556000, 2.826679, -1.476896, -2.551647
196.663000, 2.826679, -1.476896, -2.551646
196.761000, 2.826679, -1.476896, -2.551642
196.866000, 2.826679, -1.476896, -2.551638
196.965000, 2.826679, -1.476896, -2.551636
197.066000, 2.826679, -1.476896, -2.551633
197.158000, 2.826679, -1.476896, -2.551629
197.261000, 2.826679, -1.476896, -2.551627
197.362000, 2.826679, -1.476896, -2.551624
197.466000, 2.826679, -1.476896, -2.551622
197.567000, 2.826679, -1.476896, -2.551619
197.664000, 2.826679, -1.476896, -2.551617
197.763000, 2.826679, -1.476896, -2.551616
197.862000, 2.826679, -1.476896, -2.551615
197.966000, 2.826679, -1.476896, -2.551615
198.065000, 2.826679, -1.476896, -2.551612
198.166000, 2.826679, -1.476896, -2.551608
198.258000, 2.826679, -1.476896, -2.551606
198.358000, 2.826679, -1.476896, -2.551604
198.462000, 2.826679, -1.476896, -2.551604
198.564000, 2.826679, -1.476896, -2.551600
198.666000, 2.826679, -1.476896, -2.551598
198.749000, 2.826679, -1.476896, -2.551597
198.848000, 2.826679, -1.476896, -2.551595
198.962000, 2.826679, -1.476896, -2.551591
199.066000, 2.826679, -1.476896, -2.551589
199.162000, 2.826679, -1.476896, -2.551588
199.262000, 2.826679, -1.476896, -2.551585
199.360000, 2.826679, -1.476896, -2.551582
199.466000, 2.826679, -1.476896, -2.551581
199.563000, 2.826679, -1.476896, -2.551579
199.661000, 2.826679, -1.476896, -2.551575
199.761000, 2.826679, -1.476896, -2.551572
199.863000, 2.826679, -1.476896, -2.551571
199.961000, 2.826679, -1.476896, -2.551569
200.060000, 2.826679, -1.476896, -2.551565
200.166000, 2.826679, -1.476896, -2.551563
200.258000, 2.826679, -1.476896, -2.551562
200.367000, 2.826679, -1.476896, -2.551558
200.460000, 2.826679, -1.476896, -2.551555
200.553000, 2.826679, -1.476896, -2.551554
200.659000, 2.826679, -1.476896, -2.551552
200.759000, 2.826679, -1.476896, -2.551549
200.861000, 2.826679, -1.476896, -2.551546
200.953000, 2.826679, -1.476896, -2.551545
201.060000, 2.826679, -1.476896, -2.551542
201.163000, 2.826679, -1.476896, -2.551538
201.265000, 2.826679, -1.476896, -2.551535
201.364000, 2.826679, -1.476896, -2.551533
201.457000, 2.826679, -1.476896, -2.551530
201.559000, 2.826679, -1.476896, -2.551526
201.665000, 2.826679, -1.476896, -2.551524
201.759000, 2.826679, -1.476896, -2.551523
201.867000, 2.826679, -1.476896, -2.551520
201.951000, 2.826679, -1.476896, -2.551517
202.063000, 2.826679, -1.476896, -2.551516
202.158000, 2.826679, -1.476896, -2.551514
202.265000, 2.826679, -1.476896, -2.551511
202.357000, 2.826679, -1.476896, -2.551510
202.460000, 2.826679, -1.476896, -2.551508
202.555000, 2.826679, -1.476896, -2.551505
202.663000, 2.826679, -1.476896, -2.551501
202.767000, 2.826679, -1.476896, -2.551499
202.862000, 2.826679, -1.476896, -2.551497
202.957000, 2.826679, -1.476896, -2.551495
203.065000, 2.826679, -1.476896, -2.551491
203.153000, 2.826679, -1.476896, -2.551491
203.256000, 2.826679, -1.476896, -2.551488
203.358000, 2.826679, -1.476896, -2.551486
203.465000, 2.826679, -1.476896, -2.551483
203.565000, 2.826679, -1.476896, -2.551481
203.663000, 2.826679, -1.476896, -2.551478
203.767000, 2.826679, -1.476896, -2.551475
203.862000, 2.826679, -1.476896, -2.551473
203.947000, 2.826679, -1.476896, -2.551472
204.039000, 2.826679, -1.476896, -2.551469
204.158000, 2.826679, -1.476896, -2.551466
204.259000, 2.826679, -1.476896, -2.551465
204.360000, 2.826679, -1.476896, -2.551463
204.465000, 2.826679, -1.476896, -2.551460
204.555000, 2.826679, -1.476896, -2.551457
204.661000, 2.826679, -1.476896, -2.551455
204.763000, 2.826679, -1.476896, -2.551454
204.863000, 2.826679, -1.476896, -2.551451
204.963000, 2.826679, -1.476896, -2.551449
205.053000, 2.826679, -1.476896, -2.551448
205.166000, 2.826679, -1.476896, -2.551445
205.263000, 2.826679, -1.476896, -2.551442
205.366000, 2.826679, -1.476896, -2.551441
205.458000, 2.826679, -1.476896, -2.551440
205.561000, 2.826679, -1.476896, -2.551437
205.666000, 2.826679, -1.476896, -2.551434
205.755000, 2.826679, -1.476896, -2.551433
205.858000, 2.826679, -1.476896, -2.551430
205.963000, 2.826679, -1.476896, -2.551426
206.067000, 2.826679, -1.476896, -2.551423
206.167000, 2.826679, -1.476896, -2.551422
206.249000, 2.826679, -1.476896, -2.551419
206.352000, 2.826679, -1.476896, -2.551416
206.441000, 2.826679, -1.476896, -2.551414
206.563000, 2.826679, -1.476896, -2.551411
206.660000, 2.826679, -1.476896, -2.551410
206.764000, 2.826679, -1.476896, -2.551408
206.851000, 2.826679, -1.476896, -2.551405
206.965000, 2.826679, -1.476896, -2.551403
207.062000, 2.826679, -1.476896, -2.551402
207.160000, 2.826679, -1.476896, -2.551398
207.255000, 2.826679, -1.476896, -2.551395
207.363000, 2.826679, -1.476896, -2.551393
207.450000, 2.826679, -1.476896, -2.551390
207.555000, 2.826679, -1.476896, -2.551388
207.658000, 2.826679, -1.476896, -2.551387
207.757000, 2.826679, -1.476896, -2.551385
207.853000, 2.826679, -1.476896, -2.551383
207.955000, 2.826679, -1.476896, -2.551380
208.056000, 2.826679, -1.476896, -2.551380
208.164000, 2.826679, -1.476896, -2.551378
208.265000, 2.826679, -1.476896, -2.551375
208.361000, 2.826679, -1.476896, -2.551372
208.457000, 2.826679, -1.476896, -2.551370
208.564000, 2.826679, -1.476896, -2.551368
208.662000, 2.826679, -1.476896, -2.551365
208.766000, 2.826679, -1.476896, -2.551363
208.864000, 2.826679, -1.476896, -2.551361
208.955000, 2.826679, -1.476896, -2.551357
209.058000, 2.826679, -1.476896, -2.551354
209.165000, 2.826679, -1.476896, -2.551352
209.265000, 2.826679, -1.476896, -2.551351
209.366000, 2.826679, -1.476896, -2.551348
209.461000, 2.826679, -1.476896, -2.551345
209.557000, 2.826679, -1.476896, -2.551341
209.659000, 2.826679, -1.476896, -2.551339
209.763000, 2.826679, -1.476896, -2.551336
209.863000, 2.826679, -1.476896, -2.551332
209.961000, 2.826679, -1.476896, -2.551330
210.063000, 2.826679, -1.476896, -2.551328
210.166000, 2.826679, -1.476896, -2.551326
210.249000, 2.826679, -1.476896, -2.551323
210.347000, 2.826679, -1.476896, -2.551320
210.467000, 2.826679, -1.476896, -2.551317
210.560000, 2.826679, -1.476896, -2.551316
210.661000, 2.826679, -1.476896, -2.551313
210.750000, 2.826679, -1.476896, -2.551310
210.857000, 2.826679, -1.476896, -2.551309
210.962000, 2.826679, -1.476896, -2.551307
211.057000, 2.826679, -1.476896, -2.551303
211.165000, 2.826679, -1.476896, -2.551300
211.245000, 2.826679, -1.476896, -2.551299
211.359000, 2.826679, -1.476896, -2.551297
211.466000, 2.826679, -1.476896, -2.551293
211.559000, 2.826679, -1.476896, -2.551290
211.657000, 2.826679, -1.476896, -2.551288
211.763000, 2.826679, -1.476896, -2.551285
211.864000, 2.826679, -1.476896, -2.551282
211.967000, 2.826679, -1.476896, -2.551280
212.046000, 2.826679, -1.476896, -2.551279
212.166000, 2.826679, -1.476896, -2.551275
212.256000, 2.826679, -1.476896, -2.551270
212.364000, 2.826679, -1.476896, -2.551267
212.462000, 2.826679, -1.476896, -2.551266
212.550000, 2.826679, -1.476896, -2.551262
212.666000, 2.826679, -1.476896, -2.551258
212.761000, 2.826679, -1.476896, -2.551258
212.864000, 2.826679, -1.476896, -2.551257
212.963000, 2.826679, -1.476896, -2.551253
213.061000, 2.826679, -1.476896, -2.551252
213.165000, 2.826679, -1.476896, -2.551251
213.261000, 2.826679, -1.476896, -2.551248
213.364000, 2.826679, -1.476896, -2.551245
213.456000, 2.826679, -1.476896, -2.551244
213.565000, 2.826679, -1.476896, -2.551242
213.656000, 2.826679, -1.476896, -2.551240
213.764000, 2.826679, -1.476896, -2.551237
213.852000, 2.826679, -1.476896, -2.551236
213.952000, 2.826679, -1.476896, -2.551234
214.060000, 2.826679, -1.476896, -2.551231
214.145000, 2.826679, -1.476896, -2.551228
214.267000, 2.826679, -1.476896, -2.551226
214.355000, 2.826679, -1.476896, -2.551223
214.464000, 2.826679, -1.476896, -2.551219
214.557000, 2.826679, -1.476896, -2.551217
214.667000, 2.826679, -1.476896, -2.551215
214.744000, 2.826679, -1.476896, -2.551212
214.855000, 2.826679, -1.476896, -2.551208
214.953000, 2.826679, -1.476896, -2.551207
215.065000, 2.826679, -1.476896, -2.551205
215.158000, 2.826679, -1.476896, -2.551203
215.264000, 2.826679, -1.476896, -2.551200
215.361000, 2.826679, -1.476896, -2.551198
215.451000, 2.826679, -1.476896, -2.551195
215.564000, 2.826679, -1.476896, -2.551191
215.666000, 2.826679, -1.476896, -2.551189
215.759000, 2.826679, -1.476896, -2.551187
215.856000, 2.826679, -1.476896, -2.551183
215.962000, 2.826679, -1.476896, -2.551179
216.024000, 2.826679, -1.476896, -2.551179
216.156000, 2.826679, -1.476896, -2.551177
216.265000, 2.826679, -1.476896, -2.551173
216.355000, 2.826679, -1.476896, -2.551170
216.463000, 2.826679, -1.476896, -2.551167
216.567000, 2.826679, -1.476896, -2.551165
216.645000, 2.826679, -1.476896, -2.551162
216.740000, 2.826679, -1.476896, -2.551159
216.859000, 2.826679, -1.476896, -2.551156
216.955000, 2.826679, -1.476896, -2.551155
217.052000, 2.826679, -1.476896, -2.551152
217.166000, 2.826679, -1.476896, -2.551151
217.259000, 2.826679, -1.476896, -2.551149
217.361000, 2.826679, -1.476896, -2.551146
217.463000, 2.826679, -1.476896, -2.551145
217.553000, 2.826679, -1.476896, -2.551142
217.665000, 2.826679, -1.476896, -2.551141
217.758000, 2.826679, -1.476896, -2.551139
217.867000, 2.826679, -1.476896, -2.551136
217.961000, 2.826679, -1.476896, -2.551134
218.047000, 2.826679, -1.476896, -2.551131
218.159000, 2.826679, -1.476896, -2.551129
218.252000, 2.826679, -1.476896, -2.551127
218.361000, 2.826679, -1.476896, -2.551123
218.458000, 2.826679, -1.476896, -2.551121
218.559000, 2.826679, -1.476896, -2.551120
218.666000, 2.826679, -1.476896, -2.551118
218.762000, 2.826679, -1.476896, -2.551115
218.851000, 2.826679, -1.476896, -2.551112
218.956000, 2.826679, -1.476896, -2.551111
219.058000, 2.826679, -1.476896, -2.551107
219.170000, 2.826679, -1.476896, -2.551104
219.264000, 2.826679, -1.476896, -2.551101
219.357000, 2.826679, -1.476896, -2.551099
219.457000, 2.826679, -1.476896, -2.551096
219.554000, 2.826679, -1.476896, -2.551094
219.658000, 2.826679, -1.476896, -2.551093
219.763000, 2.826679, -1.476896, -2.551091
219.859000, 2.826679, -1.476896, -2.551087
219.965000, 2.826679, -1.476896, -2.551083
220.057000, 2.826679, -1.476896, -2.551083
220.164000, 2.826679, -1.476896, -2.551081
220.262000, 2.826679, -1.476896, -2.551076
220.357000, 2.826679, -1.476896, -2.551073
220.466000, 2.826679, -1.476896, -2.551069
220.542000, 2.826679, -1.476896, -2.551068
220.658000, 2.826679, -1.476896, -2.551065
220.755000, 2.826679, -1.476896, -2.551062
220.864000, 2.826679, -1.476896, -2.551060
220.962000, 2.826679, -1.476896, -2.551058
221.056000, 2.826679, -1.476896, -2.551054
221.152000, 2.826679, -1.476896, -2.551052
221.256000, 2.826679, -1.476896, -2.551051
221.350000, 2.826679, -1.476896, -2.551047
221.455000, 2.826679, -1.476896, -2.551046
221.560000, 2.826679, -1.476896, -2.551043
221.652000, 2.826679, -1.476896, -2.551042
221.767000, 2.826679, -1.476896, -2.551039
221.863000, 2.826679, -1.476896, -2.551036
221.958000, 2.826679, -1.476896, -2.551032
222.060000, 2.826679, -1.476896, -2.551031
222.157000, 2.826679, -1.476896, -2.551028
222.250000, 2.826679, -1.476896, -2.551029
222.367000, 2.826679, -1.476896, -2.551025
222.444000, 2.826679, -1.476896, -2.551022
222.561000, 2.826679, -1.476896, -2.551020
222.656000, 2.826679, -1.476896, -2.551019
222.758000, 2.826679, -1.476896, -2.551016
222.864000, 2.826679, -1.476896, -2.551013
222.957000, 2.826679, -1.476896, -2.551011
223.063000, 2.826679, -1.476896, -2.551010
223.166000, 2.826679, -1.476896, -2.551008
223.267000, 2.826679, -1.476896, -2.551004
223.366000, 2.826679, -1.476896, -2.551001
223.463000, 2.826679, -1.476896, -2.551000
223.561000, 2.826679, -1.476896, -2.550997
223.662000, 2.826679, -1.476896, -2.550994
223.767000, 2.826679, -1.476896, -2.550990
223.850000, 2.826679, -1.476896, -2.550989
223.964000, 2.826679, -1.476896, -2.550985
224.067000, 2.826679, -1.476896, -2.550982
224.167000, 2.826679, -1.476896, -2.550981
224.260000, 2.826679, -1.476896, -2.550979
224.362000, 2.826679, -1.476896, -2.550976
224.454000, 2.826679, -1.476896, -2.550973
224.554000, 2.826679, -1.476896, -2.550971
224.649000, 2.826679, -1.476896, -2.550969
224.767000, 2.826679, -1.476896, -2.550965
224.859000, 2.826679, -1.476896, -2.550963
224.959000, 2.826679, -1.476896, -2.550961
225.057000, 2.826679, -1.476896, -2.550958
225.165000, 2.826679, -1.476896, -2.550955
225.257000, 2.826679, -1.476896, -2.550953
225.360000, 2.826679, -1.476896, -2.550952
225.465000, 2.826679, -1.476896, -2.550948
225.563000, 2.826679, -1.476896, -2.550946
225.667000, 2.826679, -1.476896, -2.550944
225.754000, 2.826679, -1.476896, -2.550943
225.866000, 2.826679, -1.476896, -2.550941
225.961000, 2.826679, -1.476896, -2.550937
226.065000, 2.826679, -1.476896, -2.550934
226.164000, 2.826679, -1.476896, -2.550932
226.250000, 2.826679, -1.476896, -2.550930
226.367000, 2.826679, -1.476896, -2.550927
226.459000, 2.826679, -1.476896, -2.550925
226.566000, 2.826679, -1.476896, -2.550924
226.659000, 2.826679, -1.476896, -2.550921
226.766000, 2.826679, -1.476896, -2.550920
226.837000, 2.826679, -1.476896, -2.550919
226.966000, 2.826679, -1.476896, -2.550915
227.054000, 2.826679, -1.476896, -2.550912
227.164000, 2.826679, -1.476896, -2.550909
227.263000, 2.826679, -1.476896, -2.550908
227.359000, 2.826679, -1.476896, -2.550904
227.461000, 2.826679, -1.476896, -2.550903
227.557000, 2.826679, -1.476896, -2.550901
227.658000, 2.826679, -1.476896, -2.550900
227.761000, 2.826679, -1.476896, -2.550898
227.866000, 2.826679, -1.476896, -2.550895
227.955000, 2.826679, -1.476896, -2.550893
228.063000, 2.826679, -1.476896, -2.550890
228.165000, 2.826679, -1.476896, -2.550887
228.263000, 2.826679, -1.476896, -2.550885
228.359000, 2.826679, -1.476896, -2.550883
228.456000, 2.826679, -1.476896, -2.550880
228.561000, 2.826679, -1.476896, -2.550878
228.667000, 2.826679, -1.476896, -2.550876
228.759000, 2.826679, -1.476896, -2.550875
228.851000, 2.826679, -1.476896, -2.550873
228.967000, 2.826679, -1.476896, -2.550870
229.051000, 2.826679, -1.476896, -2.550868
229.163000, 2.826679, -1.476896, -2.550867
229.262000, 2.826679, -1.476896, -2.550865
229.363000, 2.826679, -1.476896, -2.550863
229.458000, 2.826679, -1.476896, -2.550862
229.565000, 2.826679, -1.476896, -2.550860
229.660000, 2.826679, -1.476896, -2.550857
229.751000, 2.826679, -1.476896, -2.550853
229.861000, 2.826679, -1.476896, -2.550850
229.966000, 2.826679, -1.476896, -2.550848
230.057000, 2.826679, -1.476896, -2.550844
230.165000, 2.826679, -1.476896, -2.550841
230.263000, 2.826679, -1.476896, -2.550839
230.363000, 2.826679, -1.476896, -2.550836
230.464000, 2.826679, -1.476896, -2.550833
230.542000, 2.826679, -1.476896, -2.550832
230.651000, 2.826679, -1.476896, -2.550829
230.762000, 2.826679, -1.476896, -2.550826
230.866000, 2.826679, -1.476896, -2.550823
230.963000, 2.826679, -1.476896, -2.550821
231.055000, 2.826679, -1.476896, -2.550819
231.164000, 2.826679, -1.476896, -2.550816
231.264000, 2.826679, -1.476896, -2.550812
231.364000, 2.826679, -1.476896, -2.550810
231.465000, 2.826679, -1.476896, -2.550809
231.564000, 2.826679, -1.476896, -2.550804
231.662000, 2.826679, -1.476896, -2.550801
231.755000, 2.826679, -1.476896, -2.550799
231.863000, 2.826679, -1.476896, -2.550797
231.958000, 2.826679, -1.476896, -2.550794
232.064000, 2.826679, -1.476896, -2.550792
232.164000, 2.826679, -1.476896, -2.550790
232.261000, 2.826679, -1.476896, -2.550788
232.358000, 2.826679, -1.476896, -2.550785
232.461000, 2.826679, -1.476896, -2.550782
232.561000, 2.826679, -1.476896, -2.550780
232.652000, 2.826679, -1.476896, -2.550777
232.764000, 2.826679, -1.476896, -2.550773
232.858000, 2.826679, -1.476896, -2.550771
232.961000, 2.826679, -1.476896, -2.550769
233.054000, 2.826679, -1.476896, -2.550764
233.141000, 2.826679, -1.476896, -2.550761
233.251000, 2.826679, -1.476896, -2.550760
233.364000, 2.826679, -1.476896, -2.550758
233.444000, 2.826679, -1.476896, -2.550755
233.557000, 2.826679, -1.476896, -2.550752
233.664000, 2.826679, -1.476896, -2.550750
233.752000, 2.826679, -1.476896, -2.550747
233.858000, 2.826679, -1.476896, -2.550743
233.958000, 2.826679, -1.476896, -2.550743
234.062000, 2.826679, -1.476896, -2.550741
234.160000, 2.826679, -1.476896, -2.550737
234.256000, 2.826679, -1.476896, -2.550734
234.352000, 2.826679, -1.476896, -2.550733
234.462000, 2.826679, -1.476896, -2.550731
234.563000, 2.826679, -1.476896, -2.550728
234.663000, 2.826679, -1.476896, -2.550724
234.766000, 2.826679, -1.476896, -2.550722
234.862000, 2.826679, -1.476896, -2.550721
234.953000, 2.826679, -1.476896, -2.550719
235.061000, 2.826679, -1.476896, -2.550717
235.166000, 2.826679, -1.476896, -2.550714
235.262000, 2.826679, -1.476896, -2.550712
235.338000, 2.826679, -1.476896, -2.550708
235.462000, 2.826679, -1.476896, -2.550706
235.559000, 2.826679, -1.476896, -2.550703
235.663000, 2.826679, -1.476896, -2.550701
235.767000, 2.826679, -1.476896, -2.550699
235.866000, 2.826679, -1.476896, -2.550696
235.960000, 2.826679, -1.476896, -2.550695
236.049000, 2.826679, -1.476896, -2.550693
236.160000, 2.826679, -1.476896, -2.550689
236.246000, 2.826679, -1.476896, -2.550686
236.357000, 2.826679, -1.476896, -2.550685
236.456000, 2.826679, -1.476896, -2.550680
236.556000, 2.826679, -1.476896, -2.550677
236.664000, 2.826679, -1.476896, -2.550675
236.765000, 2.826679, -1.476896, -2.550672
236.858000, 2.826679, -1.476896, -2.550670
236.964000, 2.826679, -1.476896, -2.550666
237.037000, 2.826679, -1.476896, -2.550663
237.167000, 2.826679, -1.476896, -2.550661
237.263000, 2.826679, -1.476896, -2.550659
237.365000, 2.826679, -1.476896, -2.550656
237.457000, 2.826679, -1.476896, -2.550654
237.554000, 2.826679, -1.476896, -2.550652
237.667000, 2.826679, -1.476896, -2.550650
237.758000, 2.826679, -1.476896, -2.550646
237.860000, 2.826679, -1.476896, -2.550643
237.963000, 2.826679, -1.476896, -2.550641
238.062000, 2.826679, -1.476896, -2.550639
238.161000, 2.826679, -1.476896, -2.550637
238.267000, 2.826679, -1.476896, -2.550634
238.363000, 2.826679, -1.476896, -2.550632
238.457000, 2.826679, -1.476896, -2.550630
238.559000, 2.826679, -1.476896, -2.550628
238.653000, 2.826679, -1.476896, -2.550625
238.761000, 2.826679, -1.476896, -2.550623
238.858000, 2.826679, -1.476896, -2.550620
238.954000, 2.826679, -1.476896, -2.550618
239.067000, 2.826679, -1.476896, -2.550614
239.159000, 2.826679, -1.476896, -2.550613
239.261000, 2.826679, -1.476896, -2.550611
239.356000, 2.826679, -1.476896, -2.550609
239.457000, 2.826679, -1.476896, -2.550606
239.559000, 2.826679, -1.476896, -2.550603
239.667000, 2.826679, -1.476896, -2.550600
239.765000, 2.826679, -1.476896, -2.550598
239.861000, 2.826679, -1.476896, -2.550595
239.965000, 2.826679, -1.476896, -2.550592
240.063000, 2.826679, -1.476896, -2.550590
240.167000, 2.826679, -1.476896, -2.550589
240.265000, 2.826679, -1.476896, -2.550588
240.365000, 2.826679, -1.476896, -2.550586
240.464000, 2.826679, -1.476896, -2.550584
240.563000, 2.826679, -1.476896, -2.550583
240.660000, 2.826679, -1.476896, -2.550581
240.763000, 2.826679, -1.476896, -2.550577
240.835000, 2.826679, -1.476896, -2.550577
240.960000, 2.826679, -1.476896, -2.550574
241.053000, 2.826679, -1.476896, -2.550573
241.163000, 2.826679, -1.476896, -2.550571
241.265000, 2.826679, -1.476896, -2.550569
241.359000, 2.826679, -1.476896, -2.550567
241.465000, 2.826679, -1.476896, -2.550563
241.567000, 2.826679, -1.476896, -2.550560
241.663000, 2.826679, -1.476896, -2.550558
241.761000, 2.826679, -1.476896, -2.550556
241.859000, 2.826679, -1.476896, -2.550552
241.961000, 2.826679, -1.476896, -2.550549
242.061000, 2.826679, -1.476896, -2.550549
242.155000, 2.826679, -1.476896, -2.550546
242.256000, 2.826679, -1.476896, -2.550542
242.361000, 2.826679, -1.476896, -2.550539
242.466000, 2.826679, -1.476896, -2.550536
242.552000, 2.826679, -1.476896, -2.550535
242.660000, 2.826679, -1.476896, -2.550532
242.766000, 2.826679, -1.476896, -2.550529
242.863000, 2.826679, -1.476896, -2.550526
242.961000, 2.826679, -1.476896, -2.550525
243.061000, 2.826679, -1.476896, -2.550522
243.166000, 2.826679, -1.476896, -2.550519
243.264000, 2.826679, -1.476896, -2.550517
243.367000, 2.826679, -1.476896, -2.550515
243.467000, 2.826679, -1.476896, -2.550512
243.559000, 2.826679, -1.476896, -2.550509
243.657000, 2.826679, -1.476896, -2.550508
243.750000, 2.826679, -1.476896, -2.550506
243.854000, 2.826679, -1.476896, -2.550503
243.955000, 2.826679, -1.476896, -2.550501
244.062000, 2.826679, -1.476896, -2.550499
244.157000, 2.826679, -1.476896, -2.550496
244.263000, 2.826679, -1.476896, -2.550492
244.363000, 2.826679, -1.476896, -2.550490
244.467000, 2.826679, -1.476896, -2.550488
244.547000, 2.826679, -1.476896, -2.550484
244.659000, 2.826679, -1.476896, -2.550481
244.756000, 2.826679, -1.476896, -2.550480
244.864000, 2.826679, -1.476896, -2.550478
244.956000, 2.826679, -1.476896, -2.550474
245.061000, 2.826679, -1.476896, -2.550470
245.156000, 2.826679, -1.476896, -2.550469
245.261000, 2.826679, -1.476896, -2.550467
245.362000, 2.826679, -1.476896, -2.550464
245.454000, 2.826679, -1.476896, -2.550462
245.567000, 2.826679, -1.476896, -2.550460
245.667000, 2.826679, -1.476896, -2.550457
245.748000, 2.826679, -1.476896, -2.550454
245.863000, 2.826679, -1.476896, -2.550451
245.964000, 2.826679, -1.476896, -2.550451
246.048000, 2.826679, -1.476896, -2.550449
246.167000, 2.826679, -1.476896, -2.550446
246.264000, 2.826679, -1.476896, -2.550444
246.367000, 2.826679, -1.476896, -2.550442
246.466000, 2.826679, -1.476896, -2.550441
246.561000, 2.826679, -1.476896, -2.550439
246.651000, 2.826679, -1.476896, -2.550437
246.765000, 2.826679, -1.476896, -2.550435
246.861000, 2.826679, -1.476896, -2.550432
246.958000, 2.826679, -1.476896, -2.550432
247.062000, 2.826679, -1.476896, -2.550429
247.163000, 2.826679, -1.476896, -2.550427
247.260000, 2.826679, -1.476896, -2.550426
247.360000, 2.826679, -1.476896, -2.550423
247.459000, 2.826679, -1.476896, -2.550422
247.560000, 2.826679, -1.476896, -2.550420
247.658000, 2.826679, -1.476896, -2.550421
247.754000, 2.826679, -1.476896, -2.550417
247.866000, 2.826679, -1.476896, -2.550414
247.956000, 2.826679, -1.476896, -2.550413
248.050000, 2.826679, -1.476896, -2.550411
248.158000, 2.826679, -1.476896, -2.550410
248.258000, 2.826679, -1.476896, -2.550407
248.363000, 2.826679, -1.476896, -2.550403
248.456000, 2.826679, -1.476896, -2.550402
248.554000, 2.826679, -1.476896, -2.550400
248.662000, 2.826679, -1.476896, -2.550397
248.754000, 2.826679, -1.476896, -2.550394
248.856000, 2.826679, -1.476896, -2.550393
248.959000, 2.826679, -1.476896, -2.550391
249.063000, 2.826679, -1.476896, -2.550388
249.167000, 2.826679, -1.476896, -2.550386
249.240000, 2.826679, -1.476896, -2.550385
249.360000, 2.826679, -1.476896, -2.550382
249.463000, 2.826679, -1.476896, -2.550379
249.556000, 2.826679, -1.476896, -2.550376
249.659000, 2.826679, -1.476896, -2.550375
249.764000, 2.826679, -1.476896, -2.550372
249.852000, 2.826679, -1.476896, -2.550369
249.961000, 2.826679, -1.476896, -2.550367
250.045000, 2.826679, -1.476896, -2.550365
250.159000, 2.826679, -1.476896, -2.550363
250.257000, 2.826679, -1.476896, -2.550361
250.367000, 2.826679, -1.476896, -2.550357
250.459000, 2.826679, -1.476896, -2.550357
250.565000, 2.826679, -1.476896, -2.550355
250.654000, 2.826679, -1.476896, -2.550352
250.747000, 2.826679, -1.476896, -2.550349
250.862000, 2.826679, -1.476896, -2.550347
250.963000, 2.826679, -1.476896, -2.550345
251.050000, 2.826679, -1.476896, -2.550342
251.159000, 2.826679, -1.476896, -2.550340
251.270000, 2.826679, -1.476896, -2.550338
251.364000, 2.826679, -1.476896, -2.550336
251.453000, 2.826679, -1.476896, -2.550333
251.564000, 2.826679, -1.476896, -2.550330
251.650000, 2.826679, -1.476896, -2.550329
251.751000, 2.826679, -1.476896, -2.550326
251.860000, 2.826679, -1.476896, -2.550323
251.959000, 2.826679, -1.476896, -2.550322
252.065000, 2.826679, -1.476896, -2.550320
252.167000, 2.826679, -1.476896, -2.550317
252.253000, 2.826679, -1.476896, -2.550314
252.365000, 2.826679, -1.476896, -2.550311
252.458000, 2.826679, -1.476896, -2.550308
252.561000, 2.826679, -1.476896, -2.550305
252.659000, 2.826679, -1.476896, -2.550304
252.762000, 2.826679, -1.476896, -2.550303
252.864000, 2.826679, -1.476896, -2.550300
252.964000, 2.826679, -1.476896, -2.550296
253.067000, 2.826679, -1.476896, -2.550295
253.155000, 2.826679, -1.476896, -2.550293
253.267000, 2.826679, -1.476896, -2.550289
253.367000, 2.826679, -1.476896, -2.550285
253.462000, 2.826679, -1.476896, -2.550284
253.558000, 2.826679, -1.476896, -2.550281
253.657000, 2.826679, -1.476896, -2.550277
253.754000, 2.826679, -1.476896, -2.550275
253.854000, 2.826679, -1.476896, -2.550273
253.963000, 2.826679, -1.476896, -2.550271
254.056000, 2.826679, -1.476896, -2.550267
254.161000, 2.826679, -1.476896, -2.550265
254.258000, 2.826679, -1.476896, -2.550263
254.356000, 2.826679, -1.476896, -2.550260
254.458000, 2.826679, -1.476896, -2.550260
254.555000, 2.826679, -1.476896, -2.550258
254.660000, 2.826679, -1.476896, -2.550254
254.758000, 2.826679, -1.476896, -2.550254
254.865000, 2.826679, -1.476896, -2.550252
254.960000, 2.826679, -1.476896, -2.550250
255.056000, 2.826679, -1.476896, -2.550247
255.167000, 2.826679, -1.476896, -2.550243
255.245000, 2.826679, -1.476896, -2.550242
255.363000, 2.826679, -1.476896, -2.550241
255.453000, 2.826679, -1.476896, -2.550237
255.557000, 2.826679, -1.476896, -2.550235
255.663000, 2.826679, -1.476896, -2.550232
255.759000, 2.826679, -1.476896, -2.550231
255.859000, 2.826679, -1.476896, -2.550227
255.953000, 2.826679, -1.476896, -2.550223
256.062000, 2.826679, -1.476896, -2.550222
256.156000, 2.826679, -1.476896, -2.550219
256.250000, 2.826679, -1.476896, -2.550217
256.360000, 2.826679, -1.476896, -2.550215
256.466000, 2.826679, -1.476896, -2.550213
256.558000, 2.826679, -1.476896, -2.550211
256.657000, 2.826679, -1.476896, -2.550208
256.757000, 2.826679, -1.476896, -2.550207
256.847000, 2.826679, -1.476896, -2.550205
256.964000, 2.826679, -1.476896, -2.550202
257.059000, 2.826679, -1.476896, -2.550199
257.160000, 2.826679, -1.476896, -2.550196
257.265000, 2.826679, -1.476896, -2.550195
257.362000, 2.826679, -1.476896, -2.550192
257.463000, 2.826679, -1.476896, -2.550189
257.565000, 2.826679, -1.476896, -2.550186
257.664000, 2.826679, -1.476896, -2.550184
257.757000, 2.826679, -1.476896, -2.550180
257.862000, 2.826679, -1.476896, -2.550176
257.960000, 2.826679, -1.476896, -2.550175
258.066000, 2.826679, -1.476896, -2.550172
258.161000, 2.826679, -1.476896, -2.550169
258.254000, 2.826679, -1.476896, -2.550168
258.355000, 2.826679, -1.476896, -2.550165
258.458000, 2.826679, -1.476896, -2.550161
258.556000, 2.826679, -1.476896, -2.550160
258.662000, 2.826679, -1.476896, -2.550157
258.756000, 2.826679, -1.476896, -2.550155
258.866000, 2.826679, -1.476896, -2.550151
258.958000, 2.826679, -1.476896, -2.550148
259.051000, 2.826679, -1.476896, -2.550147
259.164000, 2.826679, -1.476896, -2.550143
259.262000, 2.826679, -1.476896, -2.550140
259.354000, 2.826679, -1.476896, -2.550139
259.461000, 2.826679, -1.476896, -2.550132
259.561000, 2.826679, -1.476896, -2.550129
259.653000, 2.826679, -1.476896, -2.550126
259.762000, 2.826679, -1.476896, -2.550123
259.858000, 2.826679, -1.476896, -2.550122
259.962000, 2.826679, -1.476896, -2.550119
260.062000, 2.826679, -1.476896, -2.550116
260.167000, 2.826679, -1.476896, -2.550114
260.267000, 2.826679, -1.476896, -2.550112
260.361000, 2.826679, -1.476896, -2.550108
260.451000, 2.826679, -1.476896, -2.550105
260.558000, 2.826679, -1.476896, -2.550103
260.659000, 2.826679, -1.476896, -2.550102
260.753000, 2.826679, -1.476896, -2.550099
260.855000, 2.826679, -1.476896, -2.550097
260.957000, 2.826679, -1.476896, -2.550096
261.060000, 2.826679, -1.476896, -2.550093
261.161000, 2.826679, -1.476896, -2.550090
261.260000, 2.826679, -1.476896, -2.550087
261.359000, 2.826679, -1.476896, -2.550086
261.454000, 2.826679, -1.476896, -2.550085
261.557000, 2.826679, -1.476896, -2.550082
261.667000, 2.826679, -1.476896, -2.550080
261.762000, 2.826679, -1.476896, -2.550079
261.865000, 2.826679, -1.476896, -2.550076
261.965000, 2.826679, -1.476896, -2.550073
262.059000, 2.826679, -1.476896, -2.550072
262.162000, 2.826679, -1.476896, -2.550070
262.257000, 2.826679, -1.476896, -2.550067
262.366000, 2.826679, -1.476896, -2.550064
262.463000, 2.826679, -1.476896, -2.550063
262.566000, 2.826679, -1.476896, -2.550061
262.664000, 2.826679, -1.476896, -2.550057
262.759000, 2.826679, -1.476896, -2.550055
262.850000, 2.826679, -1.476896, -2.550054
262.949000, 2.826679, -1.476896, -2.550051
263.061000, 2.826679, -1.476896, -2.550049
263.155000, 2.826679, -1.476896, -2.550046
263.250000, 2.826679, -1.476896, -2.550044
263.354000, 2.826679, -1.476896, -2.550041
263.465000, 2.826679, -1.476896, -2.550037
263.566000, 2.826679, -1.476896, -2.550035
263.667000, 2.826679, -1.476896, -2.550033
263.763000, 2.826679, -1.476896, -2.550030
263.857000, 2.826679, -1.476896, -2.550029
263.961000, 2.826679, -1.476896, -2.550028
264.061000, 2.826679, -1.476896, -2.550026
264.157000, 2.826679, -1.476896, -2.550024
264.259000, 2.826679, -1.476896, -2.550023
264.359000, 2.826679, -1.476896, -2.550021
264.461000, 2.826679, -1.476896, -2.550017
264.558000, 2.826679, -1.476896, -2.550014
264.663000, 2.826679, -1.476896, -2.550012
264.764000, 2.826679, -1.476896, -2.550011
264.865000, 2.826679, -1.476896, -2.550007
264.933000, 2.826679, -1.476896, -2.550007
265.056000, 2.826679, -1.476896, -2.550005
265.160000, 2.826679, -1.476896, -2.550003
265.262000, 2.826679, -1.476896, -2.549998
265.362000, 2.826679, -1.476896, -2.549997
265.456000, 2.826679, -1.476896, -2.549996
265.566000, 2.826679, -1.476896, -2.549994
265.655000, 2.826679, -1.476896, -2.549991
265.754000, 2.826679, -1.476896, -2.549990
265.864000, 2.826679, -1.476896, -2.549989
265.956000, 2.826679, -1.476896, -2.549985
266.066000, 2.826679, -1.476896, -2.549982
266.158000, 2.826679, -1.476896, -2.549981
266.261000, 2.826679, -1.476896, -2.549979
266.364000, 2.826679, -1.476896, -2.549975
266.455000, 2.826679, -1.476896, -2.549973
266.555000, 2.826679, -1.476896, -2.549972
266.663000, 2.826679, -1.476896, -2.549968
266.758000, 2.826679, -1.476896, -2.549966
266.865000, 2.826679, -1.476896, -2.549963
266.954000, 2.826679, -1.476896, -2.549962
267.067000, 2.826679, -1.476896, -2.549958
267.161000, 2.826679, -1.476896, -2.549955
267.261000, 2.826679, -1.476896, -2.549953
267.349000, 2.826679, -1.476896, -2.549951
267.466000, 2.826679, -1.476896, -2.549947
267.564000, 2.826679, -1.476896, -2.549945
267.664000, 2.826679, -1.476896, -2.549944
267.752000, 2.826679, -1.476896, -2.549941
267.849000, 2.826679, -1.476896, -2.549938
267.966000, 2.826679, -1.476896, -2.549935
268.067000, 2.826679, -1.476896, -2.549934
268.162000, 2.826679, -1.476896, -2.549931
268.264000, 2.826679, -1.476896, -2.549928
268.357000, 2.826679, -1.476896, -2.549927
268.463000, 2.826679, -1.476896, -2.549924
268.557000, 2.826679, -1.476896, -2.549921
268.665000, 2.826679, -1.476896, -2.549919
268.756000, 2.826679, -1.476896, -2.549918
268.867000, 2.826679, -1.476896, -2.549914
268.959000, 2.826679, -1.476896, -2.549910
269.053000, 2.826679, -1.476896, -2.549909
269.156000, 2.826679, -1.476896, -2.549908
269.266000, 2.826679, -1.476896, -2.549904
269.367000, 2.826679, -1.476896, -2.549902
269.463000, 2.826679, -1.476896, -2.549898
269.558000, 2.826679, -1.476896, -2.549898
269.667000, 2.826679, -1.476896, -2.549895
269.763000, 2.826679, -1.476896, -2.549895
269.862000, 2.826679, -1.476896, -2.549892
269.963000, 2.826679, -1.476896, -2.549889
270.063000, 2.826679, -1.476896, -2.549887
270.161000, 2.826679, -1.476896, -2.549885
270.258000, 2.826679, -1.476896, -2.549883
270.357000, 2.826679, -1.476896, -2.549880
270.458000, 2.826679, -1.476896, -2.549878
270.560000, 2.826679, -1.476896, -2.549875
270.661000, 2.826679, -1.476896, -2.549873
270.753000, 2.826679, -1.476896, -2.549871
270.865000, 2.826679, -1.476896, -2.549867
270.965000, 2.826679, -1.476896, -2.549865
271.065000, 2.826679, -1.476896, -2.549863
271.160000, 2.826679, -1.476896, -2.549859
271.250000, 2.826679, -1.476896, -2.549857
271.358000, 2.826679, -1.476896, -2.549855
271.459000, 2.826679, -1.476896, -2.549852
271.563000, 2.826679, -1.476896, -2.549849
271.665000, 2.826679, -1.476896, -2.549847
271.767000, 2.826679, -1.476896, -2.549846
271.864000, 2.826679, -1.476896, -2.549843
271.956000, 2.826679, -1.476896, -2.549839
272.060000, 2.826679, -1.476896, -2.549839
272.155000, 2.826679, -1.476896, -2.549837
272.253000, 2.826679, -1.476896, -2.549833
272.361000, 2.826679, -1.476896, -2.549829
272.453000, 2.826679, -1.476896, -2.549828
272.544000, 2.826679, -1.476896, -2.549824
272.660000, 2.826679, -1.476896, -2.549821
272.763000, 2.826679, -1.476896, -2.549819
272.858000, 2.826679, -1.476896, -2.549817
272.962000, 2.826679, -1.476896, -2.549813
273.059000, 2.826679, -1.476896, -2.549810
273.163000, 2.826679, -1.476896, -2.549809
