  Time        X         Y         YAW
123.253000, 0.011581, -2.012737, -0.003728
123.365000, 0.011581, -2.012737, -0.003727
123.458000, 0.011581, -2.012737, -0.003724
123.561000, 0.011581, -2.012737, -0.003721
123.625000, 0.011581, -2.012737, -0.003720
123.741000, 0.011581, -2.012737, -0.003717
123.866000, 0.011581, -2.012737, -0.003714
123.965000, 0.011581, -2.012737, -0.003713
124.062000, 0.011581, -2.012737, -0.003712
124.155000, 0.011581, -2.012737, -0.003711
124.267000, 0.011581, -2.012737, -0.003707
124.358000, 0.011581, -2.012737, -0.003705
124.457000, 0.011581, -2.012737, -0.003704
124.548000, 0.011581, -2.012737, -0.003700
124.663000, 0.011581, -2.012737, -0.003697
124.765000, 0.011581, -2.012737, -0.003695
124.854000, 0.011581, -2.012737, -0.003694
124.967000, 0.011581, -2.012737, -0.003691
125.064000, 0.011581, -2.012737, -0.003688
125.166000, 0.011581, -2.012737, -0.003685
125.263000, 0.011581, -2.012737, -0.003684
125.366000, 0.011581, -2.012737, -0.003682
125.466000, 0.011581, -2.012737, -0.003679
125.556000, 0.011581, -2.012737, -0.003676
125.666000, 0.011581, -2.012737, -0.003674
125.761000, 0.011581, -2.012737, -0.003670
125.850000, 0.011581, -2.012737, -0.003666
125.966000, 0.011581, -2.012737, -0.003664
126.064000, 0.011581, -2.012737, -0.003661
126.154000, 0.011581, -2.012737, -0.003658
126.221000, 0.011581, -2.012737, -0.003657
126.360000, 0.011581, -2.012737, -0.003654
126.461000, 0.011581, -2.012737, -0.003651
126.559000, 0.011581, -2.012737, -0.003648
126.664000, 0.012931, -2.012740, -0.000904
126.762000, 0.017671, -2.012719, 0.009608
126.863000, 0.025395, -2.012586, 0.024745
126.941000, 0.034255, -2.012297, 0.040479
127.061000, 0.049369, -2.011500, 0.065276
127.151000, 0.064906, -2.010289, 0.090070
127.266000, 0.085828, -2.008067, 0.120675
127.349000, 0.102680, -2.005833, 0.142767
127.451000, 0.122442, -2.002759, 0.164901
127.564000, 0.134366, -1.999806, 0.193432
127.660000, 0.152972, -1.995956, 0.216489
127.767000, 0.173805, -1.991066, 0.244575
127.866000, 0.192959, -1.986052, 0.266325
127.954000, 0.209904, -1.981295, 0.280297
128.059000, 0.229842, -1.975370, 0.298795
128.162000, 0.250227, -1.968859, 0.319990
128.261000, 0.272548, -1.961199, 0.340390
128.358000, 0.286657, -1.956106, 0.352698
128.463000, 0.306108, -1.948738, 0.372544
128.567000, 0.325398, -1.940957, 0.393424
128.664000, 0.343245, -1.933354, 0.412465
128.729000, 0.343841, -1.923171, 0.424345
128.857000, 0.365751, -1.912897, 0.451303
128.962000, 0.383672, -1.904019, 0.467752
129.066000, 0.402162, -1.894493, 0.484235
129.164000, 0.419431, -1.885222, 0.501675
129.265000, 0.437240, -1.875273, 0.516418
129.361000, 0.453703, -1.865789, 0.529383
129.449000, 0.469503, -1.856359, 0.547472
129.564000, 0.488500, -1.844490, 0.569117
129.664000, 0.505085, -1.833676, 0.586400
129.761000, 0.521153, -1.822805, 0.603759
129.859000, 0.538653, -1.810488, 0.622592
129.950000, 0.543276, -1.790342, 0.631999
130.064000, 0.560721, -1.777270, 0.655673
130.165000, 0.576586, -1.764766, 0.678585
130.260000, 0.591449, -1.752613, 0.694059
130.364000, 0.607324, -1.739173, 0.709872
130.456000, 0.621801, -1.726562, 0.723854
130.564000, 0.637426, -1.712531, 0.739540
130.660000, 0.651216, -1.699753, 0.757116
130.766000, 0.666478, -1.685040, 0.776067
130.860000, 0.679778, -1.671753, 0.794902
130.955000, 0.693097, -1.657925, 0.812384
131.067000, 0.707392, -1.642582, 0.827683
131.155000, 0.717526, -1.631577, 0.820879
131.263000, 0.727698, -1.620966, 0.784840
131.358000, 0.733120, -1.615756, 0.734987
131.458000, 0.734992, -1.614115, 0.673440
131.548000, 0.735982, -1.613386, 0.613604
131.663000, 0.740170, -1.610692, 0.540117
131.761000, 0.748470, -1.609283, 0.475716
131.864000, 0.758522, -1.604545, 0.407959
131.963000, 0.771183, -1.599571, 0.342930
132.060000, 0.786823, -1.594562, 0.278406
132.165000, 0.785994, -1.589076, 0.211630
132.265000, 0.805671, -1.585515, 0.145782
132.357000, 0.823944, -1.583387, 0.085445
132.464000, 0.839996, -1.585550, 0.014879
132.555000, 0.858191, -1.585817, -0.044816
132.661000, 0.880314, -1.587604, -0.116497
132.761000, 0.904455, -1.589005, -0.185556
132.860000, 0.923212, -1.593095, -0.242757
132.948000, 0.940767, -1.597890, -0.289370
133.047000, 0.960364, -1.604235, -0.335124
133.159000, 0.980421, -1.611692, -0.376731
133.261000, 0.996426, -1.618336, -0.409812
133.365000, 1.006932, -1.623011, -0.424693
133.442000, 1.017474, -1.627779, -0.423752
133.562000, 1.035390, -1.635716, -0.407970
133.667000, 1.054490, -1.643654, -0.377861
133.766000, 1.073001, -1.650679, -0.347567
133.867000, 1.092096, -1.657264, -0.316013
133.962000, 1.110253, -1.662858, -0.279849
134.064000, 1.099333, -1.669683, -0.248434
134.156000, 1.117216, -1.674012, -0.226751
134.264000, 1.138320, -1.678609, -0.202265
134.362000, 1.157558, -1.682359, -0.182925
134.464000, 1.177651, -1.685883, -0.164500
134.558000, 1.196222, -1.688805, -0.147082
134.666000, 1.217621, -1.691742, -0.125205
134.761000, 1.236493, -1.693940, -0.106730
134.867000, 1.257593, -1.695997, -0.087883
134.952000, 1.274737, -1.697375, -0.072031
135.060000, 1.296096, -1.698708, -0.052911
135.166000, 1.293934, -1.705936, -0.034258
135.249000, 1.310527, -1.706401, -0.022277
135.354000, 1.332123, -1.706784, -0.012097
135.466000, 1.353923, -1.706917, -0.000406
135.567000, 1.374123, -1.706826, 0.009960
135.664000, 1.393521, -1.706561, 0.015529
135.756000, 1.411918, -1.706247, 0.018986
135.859000, 1.432513, -1.705788, 0.029451
135.963000, 1.454095, -1.704928, 0.049978
136.057000, 1.472664, -1.703848, 0.066463
136.144000, 1.478815, -1.708100, 0.072645
136.265000, 1.501754, -1.706428, 0.071648
136.358000, 1.520109, -1.705139, 0.068210
136.461000, 1.540857, -1.703682, 0.076125
136.562000, 1.560987, -1.702000, 0.091514
136.655000, 1.579502, -1.700226, 0.096145
136.767000, 1.602197, -1.698037, 0.096144
136.862000, 1.620513, -1.696280, 0.094906
136.959000, 1.639827, -1.694457, 0.093477
137.064000, 1.660736, -1.692504, 0.092417
137.151000, 1.678858, -1.690825, 0.093550
137.265000, 1.697607, -1.688583, 0.103841
137.366000, 1.717694, -1.686447, 0.107795
137.467000, 1.737776, -1.684269, 0.107383
137.561000, 1.756469, -1.682268, 0.105656
137.653000, 1.775170, -1.680334, 0.099313
137.760000, 1.797267, -1.678206, 0.093902
137.859000, 1.815788, -1.676489, 0.091078
137.962000, 1.836305, -1.674638, 0.088498
138.061000, 1.856029, -1.672910, 0.086612
138.161000, 1.875956, -1.671202, 0.083988
138.231000, 1.890222, -1.675542, 0.081164
138.362000, 1.914344, -1.673601, 0.079065
138.464000, 1.934683, -1.672021, 0.076212
138.565000, 1.955022, -1.670455, 0.078563
138.650000, 1.971769, -1.669116, 0.080739
138.755000, 1.992699, -1.667400, 0.083164
138.866000, 2.014819, -1.665519, 0.086060
138.957000, 2.032950, -1.663933, 0.088876
139.066000, 2.055259, -1.661921, 0.090155
139.163000, 2.073983, -1.660228, 0.090158
139.265000, 2.091995, -1.658373, 0.087899
139.364000, 2.111718, -1.656635, 0.087902
139.453000, 2.129644, -1.655007, 0.095416
139.557000, 2.150138, -1.652921, 0.107364
139.658000, 2.170212, -1.650661, 0.116500
139.762000, 2.190856, -1.648123, 0.130401
139.867000, 2.211865, -1.645285, 0.133545
139.944000, 2.228322, -1.643107, 0.129730
140.050000, 2.248358, -1.640543, 0.124331
140.144000, 2.268607, -1.638067, 0.119376
140.258000, 2.289264, -1.635627, 0.116146
140.362000, 2.332492, -1.627824, 0.111055
140.458000, 2.351576, -1.625719, 0.107557
140.556000, 2.371267, -1.623641, 0.103346
140.664000, 2.392552, -1.621432, 0.103413
140.765000, 2.412644, -1.619347, 0.103415
140.857000, 2.430946, -1.617447, 0.103417
140.950000, 2.449447, -1.615527, 0.103420
141.061000, 2.471527, -1.613227, 0.107373
141.143000, 2.489606, -1.611130, 0.124178
141.264000, 2.512000, -1.608093, 0.144497
141.362000, 2.531179, -1.605168, 0.158606
141.450000, 2.578973, -1.602299, 0.164725
141.562000, 2.600467, -1.598658, 0.172294
141.649000, 2.617604, -1.595643, 0.173676
141.751000, 2.638490, -1.592010, 0.170529
141.849000, 2.657220, -1.588820, 0.167170
141.967000, 2.680894, -1.584875, 0.162549
142.057000, 2.698464, -1.582023, 0.159543
142.161000, 2.718609, -1.578810, 0.157653
142.264000, 2.739147, -1.575517, 0.161262
142.361000, 2.758088, -1.572376, 0.167161
142.454000, 2.776421, -1.569234, 0.172592
142.551000, 2.798216, -1.566178, 0.184237
142.659000, 2.818835, -1.562198, 0.196953
142.761000, 2.838820, -1.558106, 0.206704
142.866000, 2.859355, -1.553708, 0.214985
142.959000, 2.877709, -1.549640, 0.220854
143.066000, 2.898383, -1.544944, 0.225567
143.167000, 2.918064, -1.540396, 0.228309
143.244000, 2.933451, -1.536807, 0.230087
143.367000, 2.957001, -1.531235, 0.236505
143.464000, 2.976433, -1.526505, 0.238708
143.560000, 2.994503, -1.522095, 0.241167
143.651000, 3.016121, -1.518766, 0.242038
143.760000, 3.037075, -1.513524, 0.248042
143.857000, 3.055873, -1.508728, 0.251199
143.952000, 3.074273, -1.503991, 0.252423
144.064000, 3.095962, -1.498392, 0.252691
144.161000, 3.114746, -1.493542, 0.252694
144.256000, 3.133908, -1.488558, 0.258157
144.358000, 3.152840, -1.483483, 0.265301
144.461000, 3.172701, -1.478015, 0.271220
144.560000, 3.191771, -1.472688, 0.274007
144.657000, 3.211020, -1.467260, 0.275022
144.759000, 3.230076, -1.461883, 0.275024
144.863000, 3.245785, -1.447523, 0.278579
144.963000, 3.265016, -1.442031, 0.278173
145.062000, 3.284247, -1.436539, 0.277927
145.154000, 3.301753, -1.431559, 0.276210
145.264000, 3.322929, -1.425593, 0.273353
145.358000, 3.341809, -1.420330, 0.270091
145.458000, 3.360511, -1.415175, 0.269043
145.546000, 3.377474, -1.410481, 0.271161
145.667000, 3.401552, -1.403754, 0.272881
145.754000, 3.418115, -1.399118, 0.272883
145.856000, 3.438918, -1.393306, 0.271590
145.958000, 3.454945, -1.386900, 0.273911
146.062000, 3.474202, -1.381499, 0.272604
146.161000, 3.493662, -1.376084, 0.269823
146.266000, 3.513526, -1.370627, 0.266578
146.356000, 3.530896, -1.365904, 0.264065
146.460000, 3.550980, -1.360494, 0.263508
146.562000, 3.571440, -1.354944, 0.266728
146.663000, 3.590149, -1.349809, 0.268158
146.761000, 3.609434, -1.344510, 0.268161
146.854000, 3.627371, -1.339589, 0.267060
146.963000, 3.648198, -1.333863, 0.271527
147.059000, 3.648253, -1.326625, 0.281906
147.166000, 3.668409, -1.320731, 0.286815
147.262000, 3.687010, -1.315221, 0.288791
147.366000, 3.706753, -1.309340, 0.289991
147.449000, 3.724385, -1.304080, 0.289926
147.560000, 3.744122, -1.298179, 0.292481
147.666000, 3.764217, -1.292080, 0.296496
147.760000, 3.782377, -1.286495, 0.300679
147.867000, 3.802610, -1.280163, 0.305695
147.966000, 3.821484, -1.274179, 0.307875
148.062000, 3.839780, -1.268357, 0.308002
148.162000, 3.867206, -1.261875, 0.308415
148.261000, 3.886840, -1.255640, 0.306864
148.365000, 3.905894, -1.249563, 0.312472
148.465000, 3.924908, -1.243362, 0.317014
148.563000, 3.943522, -1.237223, 0.320011
148.664000, 3.962692, -1.230855, 0.321207
148.767000, 3.982239, -1.224353, 0.321108
148.857000, 3.999321, -1.218678, 0.320065
148.967000, 4.020207, -1.211767, 0.319440
149.057000, 4.034191, -1.207137, 0.320674
149.165000, 4.048535, -1.202357, 0.321813
149.232000, 4.059820, -1.198596, 0.321602
149.346000, 4.077740, -1.189113, 0.320841
149.459000, 4.097440, -1.182628, 0.315537
149.532000, 4.107948, -1.179210, 0.312987
149.659000, 4.128346, -1.172673, 0.307596
149.761000, 4.144877, -1.167437, 0.304677
149.862000, 4.161270, -1.162329, 0.299021
149.965000, 4.178011, -1.157199, 0.297046
150.049000, 4.191665, -1.153016, 0.297941
150.163000, 4.210347, -1.147257, 0.300949
150.258000, 4.225587, -1.142449, 0.309704
150.356000, 4.241599, -1.137267, 0.316710
150.454000, 4.257397, -1.131978, 0.333156
150.562000, 4.274989, -1.125638, 0.361222
150.660000, 4.283264, -1.119976, 0.398968
150.762000, 4.298303, -1.113337, 0.434807
150.866000, 4.308011, -1.108584, 0.484881
150.957000, 4.311627, -1.106590, 0.538705
151.058000, 4.311952, -1.106393, 0.604203
151.165000, 4.307689, -1.107018, 0.675222
151.263000, 4.307689, -1.107018, 0.739610
151.356000, 4.307689, -1.107018, 0.805325
151.460000, 4.302502, -1.109746, 0.867820
151.543000, 4.302502, -1.109746, 0.925733
151.661000, 4.302502, -1.109746, 1.000088
151.742000, 4.302502, -1.109746, 1.053369
151.857000, 4.299186, -1.108970, 1.129672
151.952000, 4.299186, -1.108970, 1.194152
152.065000, 4.299186, -1.108970, 1.266465
152.158000, 4.297588, -1.112057, 1.327079
152.256000, 4.297939, -1.110322, 1.394660
152.360000, 4.298371, -1.107415, 1.459691
152.461000, 4.296316, -1.104837, 1.528256
152.563000, 4.296316, -1.104837, 1.594654
152.663000, 4.296316, -1.104837, 1.660449
152.759000, 4.296316, -1.104837, 1.723553
152.851000, 4.296654, -1.104795, 1.786767
152.953000, 4.295883, -1.101850, 1.853688
153.063000, 4.293767, -1.095489, 1.924586
153.163000, 4.296203, -1.087103, 1.990770
153.255000, 4.291067, -1.076543, 2.053960
153.361000, 4.283278, -1.062892, 2.122356
153.466000, 4.270661, -1.048643, 2.188681
153.558000, 4.259402, -1.033791, 2.250513
153.664000, 4.245691, -1.017889, 2.313017
153.764000, 4.231905, -1.003681, 2.370173
153.856000, 4.215396, -0.991867, 2.429122
153.962000, 4.199418, -0.978870, 2.488573
154.062000, 4.183203, -0.967166, 2.544635
154.155000, 4.167234, -0.956874, 2.593072
154.257000, 4.150244, -0.949763, 2.642380
154.355000, 4.134532, -0.941660, 2.688431
154.457000, 4.119717, -0.934816, 2.729249
154.564000, 4.102478, -0.927732, 2.773910
154.659000, 4.089066, -0.922847, 2.813761
154.767000, 4.075118, -0.918452, 2.856821
154.862000, 4.065420, -0.913863, 2.885631
154.961000, 4.054256, -0.911108, 2.914158
155.062000, 4.041416, -0.908341, 2.943704
155.164000, 4.027239, -0.905705, 2.971712
155.250000, 4.014798, -0.903710, 2.992649
155.359000, 4.000377, -0.901706, 3.014129
155.456000, 3.984893, -0.899895, 3.036964
155.564000, 3.966031, -0.898193, 3.064455
155.653000, 3.950260, -0.897084, 3.078119
155.767000, 3.932356, -0.892249, 3.099683
155.866000, 3.916045, -0.891739, 3.121160
155.957000, 3.900066, -0.891602, -3.135570
156.059000, 3.883240, -0.891950, -3.107034
156.154000, 3.865581, -0.892802, -3.079890
156.261000, 3.848798, -0.894051, -3.053570
156.342000, 3.834173, -0.895533, -3.027122
156.469000, 3.817517, -0.897723, -2.999423
156.558000, 3.808387, -0.899080, -2.989190
156.658000, 3.803782, -0.899790, -2.996648
156.762000, 3.802944, -0.899904, -3.041307
156.866000, 3.802944, -0.899904, -3.107665
156.966000, 3.802944, -0.899904, 3.109768
157.066000, 3.802944, -0.899904, 3.044074
157.166000, 3.802944, -0.899904, 2.977643
157.260000, 3.799284, -0.900862, 2.912916
157.356000, 3.799284, -0.900862, 2.851798
157.460000, 3.799284, -0.900862, 2.782094
157.560000, 3.798116, -0.901223, 2.717029
157.653000, 3.798116, -0.901223, 2.653891
157.761000, 3.798116, -0.901223, 2.582800
157.858000, 3.798116, -0.901223, 2.520230
157.956000, 3.804733, -0.900568, 2.454603
158.065000, 3.804733, -0.900568, 2.382899
158.164000, 3.804733, -0.900568, 2.315149
158.255000, 3.806385, -0.895819, 2.257911
158.368000, 3.806385, -0.895819, 2.184303
158.466000, 3.806385, -0.895819, 2.119823
158.559000, 3.803637, -0.896033, 2.054325
158.659000, 3.803637, -0.896033, 1.995126
158.766000, 3.803637, -0.896033, 1.924817
158.864000, 3.803637, -0.896033, 1.859711
158.964000, 3.804081, -0.896693, 1.790319
159.063000, 3.804081, -0.896693, 1.725936
159.160000, 3.804081, -0.896693, 1.662190
159.260000, 3.801551, -0.896759, 1.594361
159.366000, 3.801551, -0.896759, 1.526800
159.463000, 3.801551, -0.896759, 1.469110
159.562000, 3.801551, -0.896759, 1.415918
159.650000, 3.801551, -0.896759, 1.368772
159.753000, 3.794857, -0.897954, 1.327666
159.865000, 3.794857, -0.897954, 1.283270
159.959000, 3.794857, -0.897954, 1.245884
160.065000, 3.794857, -0.897954, 1.203673
160.166000, 3.794857, -0.897954, 1.163392
160.265000, 3.794857, -0.897954, 1.128996
160.365000, 3.794857, -0.897954, 1.128006
160.459000, 3.794857, -0.897954, 1.128009
160.566000, 3.794857, -0.897954, 1.128010
160.661000, 3.794857, -0.897954, 1.128015
160.749000, 3.794857, -0.897954, 1.128018
160.865000, 3.794857, -0.897954, 1.128019
160.964000, 3.794857, -0.897954, 1.128022
161.055000, 3.794857, -0.897954, 1.128024
161.154000, 3.794857, -0.897954, 1.128026
161.259000, 3.794857, -0.897954, 1.128029
161.366000, 3.794857, -0.897954, 1.128032
161.457000, 3.794857, -0.897954, 1.128033
161.567000, 3.794857, -0.897954, 1.128036
161.658000, 3.794857, -0.897954, 1.128038
161.764000, 3.794857, -0.897954, 1.128040
161.851000, 3.794857, -0.897954, 1.128042
161.961000, 3.794857, -0.897954, 1.128044
162.067000, 3.794857, -0.897954, 1.128047
162.164000, 3.794857, -0.897954, 1.128050
162.261000, 3.794857, -0.897954, 1.128052
162.360000, 3.794857, -0.897954, 1.128054
162.455000, 3.794857, -0.897954, 1.128056
162.556000, 3.794857, -0.897954, 1.128058
162.663000, 3.794857, -0.897954, 1.128061
162.761000, 3.794857, -0.897954, 1.128063
162.863000, 3.794857, -0.897954, 1.128065
162.965000, 3.794857, -0.897954, 1.128068
163.062000, 3.794857, -0.897954, 1.128071
163.162000, 3.794857, -0.897954, 1.128072
163.256000, 3.794857, -0.897954, 1.128076
163.343000, 3.794857, -0.897954, 1.128079
163.461000, 3.794857, -0.897954, 1.128082
163.556000, 3.794857, -0.897954, 1.128084
163.661000, 3.794857, -0.897954, 1.128087
163.757000, 3.794857, -0.897954, 1.128088
163.838000, 3.794857, -0.897954, 1.128090
163.965000, 3.794857, -0.897954, 1.128092
164.047000, 3.794857, -0.897954, 1.128095
164.161000, 3.794857, -0.897954, 1.128097
164.263000, 3.794857, -0.897954, 1.128100
164.361000, 3.794857, -0.897954, 1.128103
164.464000, 3.794857, -0.897954, 1.128106
164.567000, 3.794857, -0.897954, 1.128108
164.662000, 3.794857, -0.897954, 1.128110
164.760000, 3.794857, -0.897954, 1.128114
164.867000, 3.794857, -0.897954, 1.128115
164.960000, 3.794857, -0.897954, 1.128116
165.060000, 3.794857, -0.897954, 1.128120
165.154000, 3.794857, -0.897954, 1.128122
165.264000, 3.794857, -0.897954, 1.128123
165.363000, 3.794857, -0.897954, 1.128126
165.464000, 3.794857, -0.897954, 1.128129
165.567000, 3.794857, -0.897954, 1.128131
165.661000, 3.794857, -0.897954, 1.128134
165.761000, 3.794857, -0.897954, 1.128137
165.866000, 3.794857, -0.897954, 1.128138
165.965000, 3.794857, -0.897954, 1.128140
166.063000, 3.794857, -0.897954, 1.128143
166.162000, 3.795088, -0.897466, 1.128616
166.265000, 3.796550, -0.894357, 1.134491
166.364000, 3.798586, -0.889928, 1.149523
166.467000, 3.798745, -0.889572, 1.192220
166.566000, 3.798745, -0.889572, 1.252082
166.658000, 3.798745, -0.889572, 1.312588
166.761000, 3.798745, -0.889572, 1.383052
166.864000, 3.798745, -0.889572, 1.448059
166.964000, 3.801209, -0.889873, 1.513893
167.059000, 3.801209, -0.889873, 1.576513
167.165000, 3.801209, -0.889873, 1.646206
167.259000, 3.801845, -0.889844, 1.711897
167.359000, 3.801740, -0.889314, 1.778972
167.465000, 3.801229, -0.887185, 1.844536
167.559000, 3.801229, -0.887185, 1.906998
167.662000, 3.803974, -0.886205, 1.972824
167.753000, 3.803974, -0.886205, 2.032760
167.868000, 3.803974, -0.886205, 2.107824
167.947000, 3.805713, -0.885055, 2.160848
168.053000, 3.805713, -0.885055, 2.227940
168.151000, 3.805713, -0.885055, 2.292441
168.258000, 3.803307, -0.886942, 2.360773
168.362000, 3.803307, -0.886942, 2.429247
168.463000, 3.803307, -0.886942, 2.495627
168.566000, 3.803307, -0.886942, 2.563292
168.662000, 3.803248, -0.886271, 2.634224
168.767000, 3.802831, -0.886066, 2.695596
168.864000, 3.799777, -0.884739, 2.759244
168.954000, 3.789828, -0.884130, 2.819273
169.067000, 3.781619, -0.881731, 2.892942
169.162000, 3.771845, -0.879587, 2.955539
169.265000, 3.758015, -0.877481, 3.023550
169.363000, 3.743878, -0.877773, 3.088079
169.462000, 3.725185, -0.877384, -3.130808
169.559000, 3.705806, -0.878207, -3.066861
169.658000, 3.684341, -0.880579, -2.995672
169.763000, 3.669578, -0.885247, -2.931279
169.866000, 3.649784, -0.890166, -2.864029
169.963000, 3.631306, -0.896066, -2.801273
170.045000, 3.614694, -0.902455, -2.746838
170.157000, 3.601622, -0.912151, -2.681992
170.238000, 3.587283, -0.919686, -2.632861
170.339000, 3.569940, -0.930037, -2.574849
170.432000, 3.551574, -0.942503, -2.517042
170.559000, 3.534739, -0.956881, -2.465091
170.624000, 3.523640, -0.966054, -2.436398
170.765000, 3.505549, -0.982125, -2.395875
170.861000, 3.491641, -0.995361, -2.364364
170.959000, 3.477932, -1.009366, -2.327742
171.067000, 3.463303, -1.025258, -2.301558
171.167000, 3.450139, -1.040314, -2.276435
171.266000, 3.437368, -1.055705, -2.251025
171.366000, 3.433311, -1.071456, -2.230424
171.452000, 3.422764, -1.085295, -2.213526
171.563000, 3.409748, -1.103031, -2.194333
171.651000, 3.399457, -1.117554, -2.180210
171.758000, 3.387452, -1.135027, -2.165337
171.864000, 3.375692, -1.152667, -2.153018
171.955000, 3.365628, -1.168070, -2.146218
172.057000, 3.354685, -1.185049, -2.140236
172.158000, 3.343881, -1.202117, -2.129773
172.266000, 3.332519, -1.220487, -2.119128
172.357000, 3.323111, -1.236067, -2.108936
172.465000, 3.312076, -1.254636, -2.105456
172.565000, 3.303063, -1.270981, -2.104187
172.661000, 3.293337, -1.287535, -2.099449
172.759000, 3.283506, -1.304492, -2.092782
172.853000, 3.274095, -1.320997, -2.085878
172.961000, 3.263353, -1.339966, -2.085497
173.059000, 3.253941, -1.356701, -2.081193
173.163000, 3.243781, -1.374851, -2.080159
173.267000, 3.233675, -1.393031, -2.079497
173.363000, 3.223444, -1.410910, -2.104357
173.464000, 3.213577, -1.427147, -2.125602
173.564000, 3.203150, -1.443979, -2.125441
173.660000, 3.193039, -1.460301, -2.125167
173.765000, 3.181896, -1.478336, -2.123105
173.866000, 3.166662, -1.493920, -2.118903
173.956000, 3.157296, -1.509291, -2.116978
174.061000, 3.146422, -1.527257, -2.112245
174.165000, 3.135773, -1.545124, -2.106369
174.265000, 3.125537, -1.562306, -2.110185
174.355000, 3.116048, -1.578071, -2.114688
174.467000, 3.104660, -1.596894, -2.114727
174.557000, 3.095250, -1.612472, -2.115021
174.655000, 3.085048, -1.629208, -2.120726
174.765000, 3.073531, -1.647952, -2.123042
174.864000, 3.063218, -1.664620, -2.127849
174.959000, 3.053000, -1.680875, -2.136415
175.057000, 3.040458, -1.696552, -2.145515
175.153000, 3.029787, -1.712992, -2.147580
175.264000, 3.017866, -1.731244, -2.153475
175.356000, 3.007639, -1.746540, -2.167473
175.460000, 2.995548, -1.763953, -2.188426
175.558000, 2.984275, -1.779495, -2.206829
175.658000, 2.972321, -1.795530, -2.216366
175.765000, 2.959216, -1.812700, -2.232602
175.864000, 2.946959, -1.827993, -2.259056
175.958000, 2.934756, -1.842556, -2.275736
176.054000, 2.922271, -1.857143, -2.282033
176.163000, 2.907702, -1.873893, -2.291649
176.259000, 2.895231, -1.887961, -2.299333
176.359000, 2.881951, -1.899876, -2.298758
176.465000, 2.867663, -1.915808, -2.308324
176.556000, 2.855413, -1.928995, -2.330156
176.655000, 2.841688, -1.943266, -2.343387
176.766000, 2.826085, -1.959058, -2.358725
176.861000, 2.812487, -1.972328, -2.378908
176.961000, 2.797860, -1.985967, -2.400455
177.059000, 2.783382, -1.999179, -2.402804
177.164000, 2.767866, -2.013330, -2.404590
177.260000, 2.753507, -2.026075, -2.429744
177.359000, 2.738325, -2.038784, -2.459520
177.464000, 2.722570, -2.051249, -2.485281
177.558000, 2.710845, -2.057911, -2.502867
177.657000, 2.696228, -2.068544, -2.522692
177.765000, 2.680352, -2.079605, -2.540546
177.863000, 2.665235, -2.089945, -2.542828
177.962000, 2.650253, -2.100154, -2.545275
178.057000, 2.635512, -2.110060, -2.555478
178.153000, 2.620635, -2.119759, -2.572504
178.260000, 2.603538, -2.130450, -2.592889
178.348000, 2.588947, -2.139214, -2.608526
178.464000, 2.571496, -2.149316, -2.625059
178.565000, 2.555185, -2.158431, -2.639318
178.660000, 2.539719, -2.166780, -2.654231
178.762000, 2.522477, -2.175724, -2.671719
178.858000, 2.506916, -2.183487, -2.686277
178.962000, 2.495790, -2.191749, -2.702972
179.057000, 2.484012, -2.197083, -2.730719
179.157000, 2.470409, -2.202863, -2.746639
179.262000, 2.456953, -2.208423, -2.752612
179.361000, 2.444879, -2.213348, -2.757099
179.463000, 2.437824, -2.216149, -2.776179
179.568000, 2.436083, -2.216795, -2.817267
179.662000, 2.436032, -2.216812, -2.873861
179.762000, 2.438289, -2.214992, -2.950152
179.849000, 2.438289, -2.214992, -3.002724
179.955000, 2.438289, -2.214992, -3.067321
180.054000, 2.431771, -2.214458, -3.134350
180.162000, 2.431771, -2.214458, 3.078614
180.257000, 2.431771, -2.214458, 3.016044
180.339000, 2.436361, -2.213277, 2.960625
180.461000, 2.436361, -2.213277, 2.880423
180.552000, 2.436361, -2.213277, 2.820515
180.664000, 2.436361, -2.213277, 2.746538
180.766000, 2.438839, -2.209039, 2.688112
180.866000, 2.438839, -2.209039, 2.635772
180.963000, 2.438839, -2.209039, 2.590340
181.060000, 2.438839, -2.209039, 2.548810
181.161000, 2.438839, -2.209039, 2.508967
181.266000, 2.439388, -2.209764, 2.467781
181.359000, 2.439388, -2.209764, 2.431920
181.452000, 2.439388, -2.209764, 2.398991
181.563000, 2.439388, -2.209764, 2.396769
181.662000, 2.439388, -2.209764, 2.396773
181.757000, 2.439388, -2.209764, 2.396775
181.854000, 2.439388, -2.209764, 2.396776
181.958000, 2.439388, -2.209764, 2.396779
182.064000, 2.439388, -2.209764, 2.396782
182.154000, 2.439388, -2.209764, 2.396783
182.258000, 2.439388, -2.209764, 2.396786
182.353000, 2.439388, -2.209764, 2.396789
182.462000, 2.439388, -2.209764, 2.396791
182.556000, 2.439388, -2.209764, 2.396794
182.662000, 2.439388, -2.209764, 2.396795
182.762000, 2.439388, -2.209764, 2.396798
182.859000, 2.439388, -2.209764, 2.396800
182.962000, 2.439388, -2.209764, 2.396801
183.063000, 2.439388, -2.209764, 2.396804
183.161000, 2.439388, -2.209764, 2.396807
183.252000, 2.439388, -2.209764, 2.396809
183.360000, 2.439388, -2.209764, 2.396813
183.466000, 2.439388, -2.209764, 2.396815
183.561000, 2.439388, -2.209764, 2.396818
183.657000, 2.439388, -2.209764, 2.396822
183.762000, 2.439388, -2.209764, 2.396825
183.856000, 2.439388, -2.209764, 2.396827
183.951000, 2.439388, -2.209764, 2.396830
184.064000, 2.439388, -2.209764, 2.396833
184.156000, 2.439388, -2.209764, 2.396834
184.265000, 2.439388, -2.209764, 2.396836
184.365000, 2.439388, -2.209764, 2.396839
184.463000, 2.439388, -2.209764, 2.396843
184.552000, 2.438295, -2.208759, 2.399335
184.660000, 2.437742, -2.208252, 2.401831
184.760000, 2.437742, -2.208252, 2.401831
184.861000, 2.437742, -2.208252, 2.401834
184.967000, 2.437742, -2.208252, 2.401838
185.059000, 2.437742, -2.208252, 2.401840
185.167000, 2.437742, -2.208252, 2.401842
185.267000, 2.437742, -2.208252, 2.401846
185.360000, 2.437742, -2.208252, 2.401848
185.461000, 2.437742, -2.208252, 2.401851
185.564000, 2.437742, -2.208252, 2.401852
185.666000, 2.437742, -2.208252, 2.401856
185.761000, 2.437742, -2.208252, 2.401858
185.862000, 2.437742, -2.208252, 2.401860
185.959000, 2.437742, -2.208252, 2.401863
186.055000, 2.437742, -2.208252, 2.401866
186.149000, 2.437742, -2.208252, 2.401868
186.266000, 2.437742, -2.208252, 2.401871
186.366000, 2.437742, -2.208252, 2.401873
186.457000, 2.437742, -2.208252, 2.401879
186.560000, 2.437742, -2.208252, 2.401881
186.655000, 2.437742, -2.208252, 2.401883
186.766000, 2.437742, -2.208252, 2.401888
186.860000, 2.437742, -2.208252, 2.401890
186.961000, 2.437742, -2.208252, 2.401892
187.060000, 2.437742, -2.208252, 2.401895
187.167000, 2.437742, -2.208252, 2.401895
187.269000, 2.437742, -2.208252, 2.401899
187.362000, 2.437742, -2.208252, 2.401901
187.465000, 2.437742, -2.208252, 2.401904
187.561000, 2.437742, -2.208252, 2.401907
187.659000, 2.437742, -2.208252, 2.401910
187.754000, 2.437742, -2.208252, 2.401911
187.861000, 2.437742, -2.208252, 2.401915
187.962000, 2.437742, -2.208252, 2.401917
188.063000, 2.437742, -2.208252, 2.401919
188.156000, 2.437742, -2.208252, 2.401921
188.265000, 2.437742, -2.208252, 2.401925
188.362000, 2.437742, -2.208252, 2.401928
188.461000, 2.437742, -2.208252, 2.401929
188.558000, 2.437742, -2.208252, 2.401932
188.662000, 2.437742, -2.208252, 2.401935
188.759000, 2.437742, -2.208252, 2.401937
188.861000, 2.437742, -2.208252, 2.401937
188.952000, 2.437742, -2.208252, 2.401940
189.041000, 2.437742, -2.208252, 2.401944
189.164000, 2.437742, -2.208252, 2.401950
189.257000, 2.437742, -2.208252, 2.401951
189.360000, 2.437742, -2.208252, 2.401955
189.460000, 2.437742, -2.208252, 2.401958
189.561000, 2.437742, -2.208252, 2.401960
189.662000, 2.437742, -2.208252, 2.401963
189.761000, 2.437742, -2.208252, 2.401968
189.864000, 2.437742, -2.208252, 2.401969
189.964000, 2.437742, -2.208252, 2.401969
190.064000, 2.437742, -2.208252, 2.401972
190.165000, 2.437742, -2.208252, 2.401975
190.264000, 2.437742, -2.208252, 2.401977
190.366000, 2.437742, -2.208252, 2.401978
190.467000, 2.437742, -2.208252, 2.401982
190.560000, 2.437742, -2.208252, 2.401984
190.663000, 2.437742, -2.208252, 2.401985
190.766000, 2.437742, -2.208252, 2.401989
190.867000, 2.437742, -2.208252, 2.401988
190.960000, 2.437742, -2.208252, 2.401992
191.059000, 2.437742, -2.208252, 2.401994
191.165000, 2.437742, -2.208252, 2.401995
191.266000, 2.437742, -2.208252, 2.402000
191.360000, 2.437742, -2.208252, 2.402003
191.462000, 2.437742, -2.208252, 2.402005
191.550000, 2.437742, -2.208252, 2.402007
191.664000, 2.437742, -2.208252, 2.402009
191.764000, 2.437742, -2.208252, 2.402011
191.862000, 2.437742, -2.208252, 2.402012
191.964000, 2.437742, -2.208252, 2.402014
192.060000, 2.437742, -2.208252, 2.402018
192.164000, 2.437742, -2.208252, 2.402020
192.263000, 2.437742, -2.208252, 2.402022
192.364000, 2.437742, -2.208252, 2.402025
192.464000, 2.437742, -2.208252, 2.402028
192.557000, 2.437742, -2.208252, 2.402029
192.665000, 2.437742, -2.208252, 2.402030
192.767000, 2.437742, -2.208252, 2.402033
192.860000, 2.437742, -2.208252, 2.402038
192.954000, 2.437742, -2.208252, 2.402040
193.061000, 2.437742, -2.208252, 2.402044
193.163000, 2.437344, -2.207888, 2.400904
193.265000, 2.437200, -2.207757, 2.399499
193.358000, 2.437200, -2.207757, 2.399502
193.454000, 2.437200, -2.207757, 2.399506
193.537000, 2.437200, -2.207757, 2.399509
193.664000, 2.437200, -2.207757, 2.399514
193.764000, 2.437200, -2.207757, 2.399519
193.862000, 2.437200, -2.207757, 2.399520
193.934000, 2.437200, -2.207757, 2.399521
194.056000, 2.437200, -2.207757, 2.399526
194.156000, 2.437200, -2.207757, 2.399528
194.262000, 2.437200, -2.207757, 2.399530
194.362000, 2.437200, -2.207757, 2.399533
194.458000, 2.437200, -2.207757, 2.399538
194.560000, 2.437200, -2.207757, 2.399539
194.657000, 2.437200, -2.207757, 2.399540
194.758000, 2.437200, -2.207757, 2.399542
194.851000, 2.437200, -2.207757, 2.399545
194.958000, 2.437200, -2.207757, 2.399548
195.052000, 2.437200, -2.207757, 2.399549
195.159000, 2.437200, -2.207757, 2.399553
195.264000, 2.437200, -2.207757, 2.399557
195.362000, 2.437200, -2.207757, 2.399558
195.467000, 2.437200, -2.207757, 2.399560
195.549000, 2.437200, -2.207757, 2.399563
195.657000, 2.437200, -2.207757, 2.399567
195.763000, 2.437200, -2.207757, 2.399569
195.857000, 2.437200, -2.207757, 2.399570
195.940000, 2.437200, -2.207757, 2.399573
196.064000, 2.437200, -2.207757, 2.399578
196.154000, 2.437200, -2.207757, 2.399579
196.264000, 2.437200, -2.207757, 2.399580
196.366000, 2.437200, -2.207757, 2.399582
196.455000, 2.437200, -2.207757, 2.399585
196.556000, 2.437200, -2.207757, 2.399587
196.658000, 2.437200, -2.207757, 2.399589
196.761000, 2.437200, -2.207757, 2.399591
196.867000, 2.437200, -2.207757, 2.399594
196.957000, 2.437200, -2.207757, 2.399596
197.063000, 2.437200, -2.207757, 2.399599
197.160000, 2.437200, -2.207757, 2.399602
197.261000, 2.437200, -2.207757, 2.399603
197.362000, 2.437200, -2.207757, 2.399607
197.453000, 2.437200, -2.207757, 2.399608
197.567000, 2.437200, -2.207757, 2.399611
197.664000, 2.437200, -2.207757, 2.399613
197.764000, 2.437200, -2.207757, 2.399617
197.851000, 2.437200, -2.207757, 2.399619
197.960000, 2.437200, -2.207757, 2.399621
198.065000, 2.437200, -2.207757, 2.399624
198.166000, 2.437200, -2.207757, 2.399626
198.265000, 2.437200, -2.207757, 2.399628
198.358000, 2.437200, -2.207757, 2.399629
198.458000, 2.437200, -2.207757, 2.399631
198.564000, 2.437200, -2.207757, 2.399635
198.666000, 2.437200, -2.207757, 2.399638
198.735000, 2.437200, -2.207757, 2.399639
198.848000, 2.437200, -2.207757, 2.399642
198.961000, 2.437200, -2.207757, 2.399645
199.063000, 2.437200, -2.207757, 2.399646
199.158000, 2.437200, -2.207757, 2.399648
199.267000, 2.437200, -2.207757, 2.399650
199.358000, 2.437200, -2.207757, 2.399654
199.462000, 2.437200, -2.207757, 2.399655
199.562000, 2.437200, -2.207757, 2.399658
199.661000, 2.437200, -2.207757, 2.399661
199.765000, 2.437200, -2.207757, 2.399664
199.860000, 2.437200, -2.207757, 2.399664
199.957000, 2.437200, -2.207757, 2.399667
200.065000, 2.437200, -2.207757, 2.399672
200.160000, 2.437200, -2.207757, 2.399674
200.260000, 2.437200, -2.207757, 2.399676
200.362000, 2.437200, -2.207757, 2.399680
200.460000, 2.437200, -2.207757, 2.399682
200.553000, 2.437200, -2.207757, 2.399683
200.658000, 2.437200, -2.207757, 2.399686
200.755000, 2.437200, -2.207757, 2.399690
200.862000, 2.437200, -2.207757, 2.399693
200.960000, 2.437200, -2.207757, 2.399694
201.066000, 2.437200, -2.207757, 2.399697
201.150000, 2.437200, -2.207757, 2.399700
201.267000, 2.437200, -2.207757, 2.399703
201.361000, 2.437200, -2.207757, 2.399705
201.451000, 2.437200, -2.207757, 2.399709
201.564000, 2.437200, -2.207757, 2.399711
201.667000, 2.437200, -2.207757, 2.399714
201.762000, 2.437200, -2.207757, 2.399717
201.862000, 2.437200, -2.207757, 2.399718
201.955000, 2.437200, -2.207757, 2.399719
202.058000, 2.437200, -2.207757, 2.399721
202.162000, 2.437200, -2.207757, 2.399724
202.265000, 2.437200, -2.207757, 2.399728
202.357000, 2.437200, -2.207757, 2.399729
202.458000, 2.437200, -2.207757, 2.399732
202.554000, 2.437200, -2.207757, 2.399734
202.661000, 2.437200, -2.207757, 2.399736
202.767000, 2.437200, -2.207757, 2.399739
202.860000, 2.437200, -2.207757, 2.399743
202.952000, 2.437200, -2.207757, 2.399746
203.062000, 2.437200, -2.207757, 2.399749
203.153000, 2.437200, -2.207757, 2.399752
203.256000, 2.436026, -2.206684, 2.402966
203.365000, 2.435560, -2.206260, 2.406179
203.462000, 2.434279, -2.205105, 2.410169
203.565000, 2.433391, -2.204314, 2.434684
203.664000, 2.433391, -2.204314, 2.488726
203.759000, 2.433391, -2.204314, 2.550490
203.860000, 2.433391, -2.204314, 2.616954
203.965000, 2.433616, -2.207729, 2.687105
204.067000, 2.433616, -2.207729, 2.754240
204.152000, 2.433616, -2.207729, 2.811422
204.264000, 2.433149, -2.210743, 2.883542
204.368000, 2.433149, -2.210743, 2.952059
204.452000, 2.433149, -2.210743, 3.007356
204.558000, 2.433149, -2.210743, 3.079627
204.667000, 2.436225, -2.209801, -3.134662
204.761000, 2.436225, -2.209801, -3.072826
204.863000, 2.436225, -2.209801, -3.005760
204.963000, 2.436914, -2.212458, -2.937929
205.053000, 2.436914, -2.212458, -2.876145
205.163000, 2.436914, -2.212458, -2.806344
205.262000, 2.438447, -2.212502, -2.740985
205.366000, 2.436687, -2.213341, -2.671454
205.456000, 2.436340, -2.213519, -2.613574
205.554000, 2.435990, -2.213751, -2.548584
205.659000, 2.436988, -2.216151, -2.479443
205.751000, 2.436988, -2.216151, -2.419527
205.866000, 2.435624, -2.217481, -2.344057
205.962000, 2.435483, -2.216564, -2.282467
206.067000, 2.435483, -2.216564, -2.213347
206.166000, 2.434387, -2.218158, -2.148389
206.249000, 2.436434, -2.219895, -2.089512
206.352000, 2.436434, -2.219895, -2.021697
206.441000, 2.436308, -2.220200, -1.954583
206.563000, 2.435145, -2.223464, -1.883609
206.659000, 2.439486, -2.224568, -1.823355
206.764000, 2.439111, -2.226359, -1.754124
206.852000, 2.438486, -2.230451, -1.696109
206.964000, 2.437804, -2.237386, -1.620849
207.062000, 2.437695, -2.241644, -1.555816
207.161000, 2.437736, -2.242553, -1.491256
207.255000, 2.438086, -2.245562, -1.428872
207.363000, 2.438249, -2.251284, -1.357151
207.450000, 2.440199, -2.259114, -1.298703
207.555000, 2.443935, -2.270893, -1.230925
207.658000, 2.449423, -2.284129, -1.162800
207.758000, 2.457072, -2.300320, -1.097657
207.862000, 2.467124, -2.318412, -1.029279
207.955000, 2.477300, -2.334216, -0.967468
208.057000, 2.490602, -2.349717, -0.901616
208.164000, 2.504316, -2.365878, -0.831945
208.259000, 2.517809, -2.379813, -0.771533
208.366000, 2.527272, -2.392783, -0.707496
208.454000, 2.541081, -2.404012, -0.658281
208.557000, 2.557550, -2.416047, -0.603549
208.644000, 2.572085, -2.425610, -0.560916
208.757000, 2.594571, -2.435876, -0.506760
208.861000, 2.612429, -2.445313, -0.466908
208.951000, 2.628815, -2.453233, -0.433272
209.057000, 2.648026, -2.461711, -0.398590
209.165000, 2.668067, -2.469767, -0.366014
209.265000, 2.687413, -2.476840, -0.334342
209.366000, 2.706023, -2.482991, -0.304287
209.461000, 2.724753, -2.487835, -0.278740
209.557000, 2.742696, -2.492732, -0.254024
209.659000, 2.762691, -2.497685, -0.233648
209.759000, 2.781988, -2.502121, -0.218539
209.858000, 2.801345, -2.506282, -0.205217
209.956000, 2.820557, -2.510163, -0.193695
210.053000, 2.840401, -2.513936, -0.181624
210.166000, 2.861869, -2.517730, -0.169172
210.249000, 2.879029, -2.520609, -0.163497
210.347000, 2.898377, -2.523743, -0.157550
210.467000, 2.921305, -2.527284, -0.149116
210.560000, 2.938515, -2.528613, -0.143874
210.661000, 2.960696, -2.531740, -0.136478
210.750000, 2.978138, -2.534088, -0.131346
210.857000, 2.997773, -2.536640, -0.127743
210.962000, 3.018402, -2.539299, -0.128974
211.065000, 3.039225, -2.542024, -0.131090
211.165000, 3.058458, -2.544566, -0.131446
211.248000, 3.076103, -2.546906, -0.132470
211.363000, 3.097711, -2.549795, -0.133022
211.458000, 3.116740, -2.552350, -0.134211
211.565000, 3.137748, -2.555196, -0.134722
211.666000, 3.158179, -2.555388, -0.131651
211.763000, 3.177609, -2.557960, -0.133034
211.864000, 3.197429, -2.560638, -0.135216
211.967000, 3.217839, -2.563432, -0.137256
212.046000, 3.234082, -2.565696, -0.139383
212.165000, 3.257055, -2.568934, -0.140259
212.252000, 3.274283, -2.571374, -0.141425
212.360000, 3.295665, -2.574432, -0.142285
212.456000, 3.313948, -2.577052, -0.142222
212.561000, 3.331619, -2.579576, -0.141764
212.666000, 3.349121, -2.582082, -0.143063
212.761000, 3.367776, -2.583330, -0.141630
212.864000, 3.385279, -2.585826, -0.141633
212.956000, 3.400762, -2.588034, -0.141631
213.067000, 3.419275, -2.590673, -0.141305
213.165000, 3.436445, -2.593092, -0.138182
213.263000, 3.452277, -2.595266, -0.134455
213.364000, 3.469297, -2.597529, -0.130263
213.456000, 3.485650, -2.599649, -0.127842
213.565000, 3.503188, -2.601885, -0.126051
213.656000, 3.518536, -2.603822, -0.124731
213.764000, 3.536756, -2.606088, -0.122405
213.852000, 3.551775, -2.607917, -0.120193
213.953000, 3.568655, -2.609932, -0.117047
214.060000, 3.584261, -2.610936, -0.122592
214.145000, 3.599102, -2.612821, -0.126651
214.267000, 3.619007, -2.615310, -0.121775
214.355000, 3.633860, -2.617095, -0.118915
214.464000, 3.652255, -2.619330, -0.119454
214.557000, 3.668463, -2.621238, -0.114501
214.667000, 3.686540, -2.623263, -0.108801
214.744000, 3.697763, -2.624489, -0.110842
214.855000, 3.706762, -2.625542, -0.127656
214.955000, 3.709121, -2.625870, -0.168637
215.065000, 3.709121, -2.625870, -0.240550
215.160000, 3.710172, -2.628195, -0.305845
215.260000, 3.710172, -2.628195, -0.370946
215.365000, 3.710172, -2.628195, -0.440024
215.451000, 3.709112, -2.625236, -0.496121
215.564000, 3.709112, -2.625236, -0.569764
215.666000, 3.709112, -2.625236, -0.636869
215.755000, 3.709112, -2.625236, -0.695377
215.856000, 3.707858, -2.625533, -0.762116
215.962000, 3.707858, -2.625533, -0.831786
216.024000, 3.707858, -2.625533, -0.872548
216.157000, 3.705643, -2.625311, -0.962650
216.263000, 3.705643, -2.625311, -1.030359
216.364000, 3.705643, -2.625311, -1.097444
216.453000, 3.709163, -2.625247, -1.158009
216.567000, 3.709163, -2.625247, -1.232344
216.645000, 3.709163, -2.625247, -1.289580
216.740000, 3.709163, -2.625247, -1.346120
216.859000, 3.707327, -2.626069, -1.430162
216.957000, 3.707327, -2.626069, -1.490632
217.052000, 3.707327, -2.626069, -1.553873
217.160000, 3.707974, -2.623896, -1.624053
217.258000, 3.707974, -2.623896, -1.688443
217.361000, 3.707974, -2.623896, -1.756062
217.463000, 3.707974, -2.623896, -1.823183
217.564000, 3.707233, -2.622235, -1.890090
217.656000, 3.707233, -2.622235, -1.950569
217.763000, 3.707233, -2.622235, -2.021007
217.860000, 3.710955, -2.619535, -2.079636
217.961000, 3.710955, -2.619535, -2.146071
218.047000, 3.710955, -2.619535, -2.205220
218.159000, 3.709642, -2.619830, -2.274548
218.252000, 3.709642, -2.619830, -2.327023
218.361000, 3.709642, -2.619830, -2.381751
218.458000, 3.709642, -2.619830, -2.425980
218.559000, 3.709642, -2.619830, -2.467584
218.666000, 3.709642, -2.619830, -2.510196
218.762000, 3.708928, -2.620631, -2.549452
218.851000, 3.708928, -2.620631, -2.584928
218.961000, 3.708928, -2.620631, -2.603625
219.064000, 3.708928, -2.620631, -2.603583
219.158000, 3.708928, -2.620631, -2.603579
219.257000, 3.708928, -2.620631, -2.603576
219.361000, 3.708928, -2.620631, -2.603574
219.451000, 3.708928, -2.620631, -2.603571
219.565000, 3.708928, -2.620631, -2.603567
219.659000, 3.708928, -2.620631, -2.603563
219.761000, 3.708928, -2.620631, -2.603562
219.859000, 3.708928, -2.620631, -2.603558
219.964000, 3.708928, -2.620631, -2.603556
220.051000, 3.708928, -2.620631, -2.603553
220.163000, 3.708928, -2.620631, -2.603549
220.265000, 3.708928, -2.620631, -2.603546
220.352000, 3.708928, -2.620631, -2.603543
220.450000, 3.708928, -2.620631, -2.603539
220.560000, 3.708928, -2.620631, -2.603536
220.662000, 3.708928, -2.620631, -2.603533
220.755000, 3.708928, -2.620631, -2.603531
220.864000, 3.708928, -2.620631, -2.603528
220.962000, 3.708928, -2.620631, -2.603524
221.056000, 3.708928, -2.620631, -2.603522
221.152000, 3.708928, -2.620631, -2.603521
221.256000, 3.708928, -2.620631, -2.603517
221.350000, 3.708928, -2.620631, -2.603515
221.455000, 3.708928, -2.620631, -2.603515
221.557000, 3.708928, -2.620631, -2.603513
221.652000, 3.708928, -2.620631, -2.603512
221.758000, 3.708928, -2.620631, -2.603508
221.866000, 3.708928, -2.620631, -2.603506
221.958000, 3.708928, -2.620631, -2.603504
222.066000, 3.708928, -2.620631, -2.603501
222.158000, 3.708928, -2.620631, -2.603497
222.250000, 3.708928, -2.620631, -2.603494
222.362000, 3.708928, -2.620631, -2.603492
222.440000, 3.708928, -2.620631, -2.603491
222.561000, 3.708928, -2.620631, -2.603490
222.656000, 3.708928, -2.620631, -2.603486
222.758000, 3.708928, -2.620631, -2.603481
222.864000, 3.708928, -2.620631, -2.603479
222.959000, 3.708928, -2.620631, -2.603476
223.063000, 3.708928, -2.620631, -2.603473
223.165000, 3.708928, -2.620631, -2.603469
223.267000, 3.708928, -2.620631, -2.603468
223.365000, 3.708928, -2.620631, -2.603465
223.463000, 3.708928, -2.620631, -2.603462
223.558000, 3.708928, -2.620631, -2.603460
223.667000, 3.708928, -2.620631, -2.603458
223.765000, 3.708928, -2.620631, -2.603454
223.851000, 3.708928, -2.620631, -2.603452
223.962000, 3.708928, -2.620631, -2.603451
224.056000, 3.708928, -2.620631, -2.603449
224.158000, 3.708928, -2.620631, -2.603442
224.264000, 3.708928, -2.620631, -2.603439
224.362000, 3.708928, -2.620631, -2.603437
224.454000, 3.708928, -2.620631, -2.603435
224.554000, 3.708928, -2.620631, -2.603433
224.649000, 3.708928, -2.620631, -2.603431
224.767000, 3.708928, -2.620631, -2.603429
224.859000, 3.708928, -2.620631, -2.603425
224.959000, 3.708928, -2.620631, -2.603423
225.057000, 3.708928, -2.620631, -2.603419
225.165000, 3.708928, -2.620631, -2.603417
225.261000, 3.708928, -2.620631, -2.603414
225.362000, 3.708928, -2.620631, -2.603412
225.466000, 3.708928, -2.620631, -2.603410
225.563000, 3.708928, -2.620631, -2.603407
225.667000, 3.708928, -2.620631, -2.603404
225.754000, 3.708928, -2.620631, -2.603402
225.863000, 3.708928, -2.620631, -2.603397
225.961000, 3.708928, -2.620631, -2.603395
226.065000, 3.708928, -2.620631, -2.603392
226.164000, 3.708928, -2.620631, -2.603390
226.250000, 3.708928, -2.620631, -2.603389
226.367000, 3.708928, -2.620631, -2.603387
226.459000, 3.708928, -2.620631, -2.603384
226.566000, 3.708928, -2.620631, -2.603381
226.659000, 3.708928, -2.620631, -2.603379
226.766000, 3.708928, -2.620631, -2.603376
226.837000, 3.708928, -2.620631, -2.603375
226.966000, 3.708928, -2.620631, -2.603372
227.054000, 3.708928, -2.620631, -2.603370
227.162000, 3.708928, -2.620631, -2.603367
227.263000, 3.708928, -2.620631, -2.603365
227.359000, 3.708928, -2.620631, -2.603363
227.461000, 3.708928, -2.620631, -2.603359
227.557000, 3.708928, -2.620631, -2.603355
227.667000, 3.708928, -2.620631, -2.603353
227.767000, 3.708928, -2.620631, -2.603351
227.865000, 3.708928, -2.620631, -2.603347
227.965000, 3.708928, -2.620631, -2.603344
228.063000, 3.708928, -2.620631, -2.603343
228.165000, 3.708928, -2.620631, -2.603340
228.263000, 3.708928, -2.620631, -2.603337
228.359000, 3.708928, -2.620631, -2.603335
228.455000, 3.708928, -2.620631, -2.603333
228.561000, 3.708928, -2.620631, -2.603330
228.667000, 3.708928, -2.620631, -2.603326
228.759000, 3.708928, -2.620631, -2.603325
228.851000, 3.708928, -2.620631, -2.603323
228.967000, 3.708928, -2.620631, -2.603318
229.051000, 3.708928, -2.620631, -2.603316
229.162000, 3.708928, -2.620631, -2.603314
229.260000, 3.708928, -2.620631, -2.603311
229.363000, 3.708928, -2.620631, -2.603309
229.457000, 3.708928, -2.620631, -2.603306
229.565000, 3.708928, -2.620631, -2.603303
229.660000, 3.708928, -2.620631, -2.603300
229.751000, 3.708928, -2.620631, -2.603298
229.861000, 3.708928, -2.620631, -2.603295
229.966000, 3.708928, -2.620631, -2.603292
230.057000, 3.708928, -2.620631, -2.603288
230.165000, 3.708928, -2.620631, -2.603286
230.263000, 3.708928, -2.620631, -2.603284
230.362000, 3.708928, -2.620631, -2.603280
230.462000, 3.708928, -2.620631, -2.603277
230.542000, 3.708928, -2.620631, -2.603276
230.651000, 3.708928, -2.620631, -2.603272
230.750000, 3.708928, -2.620631, -2.603270
230.866000, 3.708928, -2.620631, -2.603266
230.963000, 3.708928, -2.620631, -2.603265
231.058000, 3.708928, -2.620631, -2.603261
231.164000, 3.708928, -2.620631, -2.603258
231.263000, 3.708928, -2.620631, -2.603255
231.364000, 3.708928, -2.620631, -2.603252
231.462000, 3.708928, -2.620631, -2.603249
231.564000, 3.708928, -2.620631, -2.603246
231.662000, 3.708928, -2.620631, -2.603243
231.755000, 3.708928, -2.620631, -2.603242
231.859000, 3.708928, -2.620631, -2.603238
231.962000, 3.708928, -2.620631, -2.603236
232.046000, 3.708928, -2.620631, -2.603233
232.147000, 3.708928, -2.620631, -2.603230
232.267000, 3.708928, -2.620631, -2.603227
232.358000, 3.708928, -2.620631, -2.603225
232.461000, 3.708928, -2.620631, -2.603224
232.550000, 3.708928, -2.620631, -2.603222
232.665000, 3.708928, -2.620631, -2.603220
232.764000, 3.708928, -2.620631, -2.603217
232.858000, 3.708928, -2.620631, -2.603215
232.960000, 3.708928, -2.620631, -2.603212
233.058000, 3.708928, -2.620631, -2.603211
233.141000, 3.708928, -2.620631, -2.603210
233.265000, 3.708928, -2.620631, -2.603206
233.364000, 3.708928, -2.620631, -2.603203
233.444000, 3.708928, -2.620631, -2.603201
233.557000, 3.708928, -2.620631, -2.603200
233.665000, 3.708928, -2.620631, -2.603197
233.752000, 3.708928, -2.620631, -2.603195
233.858000, 3.708928, -2.620631, -2.603193
233.956000, 3.708928, -2.620631, -2.603191
234.063000, 3.708928, -2.620631, -2.603187
234.160000, 3.708928, -2.620631, -2.603186
234.255000, 3.708928, -2.620631, -2.603185
234.352000, 3.708928, -2.620631, -2.603182
234.460000, 3.708928, -2.620631, -2.603179
234.561000, 3.708928, -2.620631, -2.603177
234.658000, 3.708928, -2.620631, -2.603177
234.760000, 3.708928, -2.620631, -2.603175
234.856000, 3.708928, -2.620631, -2.603170
234.958000, 3.708928, -2.620631, -2.603169
235.062000, 3.708928, -2.620631, -2.603168
235.166000, 3.708928, -2.620631, -2.603164
235.262000, 3.708928, -2.620631, -2.603162
235.338000, 3.708928, -2.620631, -2.603161
235.462000, 3.708928, -2.620631, -2.603157
235.559000, 3.708928, -2.620631, -2.603153
235.663000, 3.708928, -2.620631, -2.603150
235.767000, 3.708928, -2.620631, -2.603149
235.866000, 3.708928, -2.620631, -2.603147
235.961000, 3.708928, -2.620631, -2.603143
236.049000, 3.708928, -2.620631, -2.603138
236.160000, 3.708928, -2.620631, -2.603136
236.246000, 3.708928, -2.620631, -2.603132
236.357000, 3.708928, -2.620631, -2.603128
236.456000, 3.708928, -2.620631, -2.603128
236.556000, 3.708928, -2.620631, -2.603127
236.667000, 3.708928, -2.620631, -2.603123
236.765000, 3.708928, -2.620631, -2.603120
236.857000, 3.708928, -2.620631, -2.603114
236.964000, 3.708928, -2.620631, -2.603111
237.066000, 3.708928, -2.620631, -2.603109
237.167000, 3.708928, -2.620631, -2.603105
237.254000, 3.708928, -2.620631, -2.603104
237.366000, 3.708928, -2.620631, -2.603099
237.457000, 3.708928, -2.620631, -2.603093
237.554000, 3.708928, -2.620631, -2.603091
237.667000, 3.708928, -2.620631, -2.603089
237.758000, 3.708928, -2.620631, -2.603087
237.860000, 3.708928, -2.620631, -2.603085
237.966000, 3.708928, -2.620631, -2.603082
238.064000, 3.708928, -2.620631, -2.603081
238.161000, 3.708928, -2.620631, -2.603078
238.267000, 3.708928, -2.620631, -2.603074
238.363000, 3.708928, -2.620631, -2.603071
238.457000, 3.708928, -2.620631, -2.603070
238.559000, 3.708928, -2.620631, -2.603066
238.653000, 3.708928, -2.620631, -2.603064
238.761000, 3.708928, -2.620631, -2.603061
238.859000, 3.708928, -2.620631, -2.603058
238.956000, 3.708928, -2.620631, -2.603054
239.062000, 3.708928, -2.620631, -2.603050
239.159000, 3.708928, -2.620631, -2.603046
239.248000, 3.708928, -2.620631, -2.603045
239.356000, 3.708928, -2.620631, -2.603043
239.457000, 3.708928, -2.620631, -2.603041
239.559000, 3.708928, -2.620631, -2.603038
239.667000, 3.708928, -2.620631, -2.603033
239.765000, 3.708928, -2.620631, -2.603031
239.861000, 3.708928, -2.620631, -2.603030
239.965000, 3.708928, -2.620631, -2.603026
240.063000, 3.708928, -2.620631, -2.603023
240.167000, 3.708928, -2.620631, -2.603022
240.265000, 3.708928, -2.620631, -2.603021
240.360000, 3.708928, -2.620631, -2.603017
240.460000, 3.708928, -2.620631, -2.603014
240.564000, 3.708928, -2.620631, -2.603011
240.660000, 3.708928, -2.620631, -2.603010
240.763000, 3.708928, -2.620631, -2.603006
240.835000, 3.708928, -2.620631, -2.603006
240.960000, 3.708928, -2.620631, -2.603005
241.053000, 3.708928, -2.620631, -2.603003
241.162000, 3.708928, -2.620631, -2.602999
241.265000, 3.708928, -2.620631, -2.602993
241.359000, 3.708928, -2.620631, -2.602991
241.465000, 3.708928, -2.620631, -2.602988
241.567000, 3.708928, -2.620631, -2.602985
241.663000, 3.708928, -2.620631, -2.602984
241.761000, 3.708928, -2.620631, -2.602982
241.859000, 3.708928, -2.620631, -2.602977
241.961000, 3.708928, -2.620631, -2.602974
242.061000, 3.708928, -2.620631, -2.602973
242.162000, 3.708928, -2.620631, -2.602971
242.265000, 3.708928, -2.620631, -2.602971
242.356000, 3.708928, -2.620631, -2.602968
242.458000, 3.708928, -2.620631, -2.602963
242.555000, 3.708928, -2.620631, -2.602961
242.661000, 3.708928, -2.620631, -2.602958
242.756000, 3.708928, -2.620631, -2.602954
242.862000, 3.708928, -2.620631, -2.602952
242.961000, 3.708928, -2.620631, -2.602951
243.061000, 3.708928, -2.620631, -2.602947
243.166000, 3.708928, -2.620631, -2.602943
243.264000, 3.708928, -2.620631, -2.602942
243.367000, 3.708928, -2.620631, -2.602938
243.467000, 3.708928, -2.620631, -2.602934
243.559000, 3.708928, -2.620631, -2.602932
243.657000, 3.708928, -2.620631, -2.602930
243.750000, 3.708928, -2.620631, -2.602929
243.861000, 3.708928, -2.620631, -2.602926
243.956000, 3.708928, -2.620631, -2.602925
244.065000, 3.708928, -2.620631, -2.602923
244.161000, 3.708928, -2.620631, -2.602918
244.264000, 3.708928, -2.620631, -2.602914
244.363000, 3.708928, -2.620631, -2.602912
244.467000, 3.708928, -2.620631, -2.602909
244.547000, 3.708928, -2.620631, -2.602908
244.667000, 3.708928, -2.620631, -2.602905
244.756000, 3.708928, -2.620631, -2.602904
244.862000, 3.708928, -2.620631, -2.602901
244.956000, 3.708928, -2.620631, -2.602898
245.063000, 3.708928, -2.620631, -2.602896
245.156000, 3.708928, -2.620631, -2.602893
245.260000, 3.708928, -2.620631, -2.602889
245.361000, 3.708928, -2.620631, -2.602888
245.454000, 3.708928, -2.620631, -2.602887
245.556000, 3.708928, -2.620631, -2.602884
245.666000, 3.708928, -2.620631, -2.602882
245.745000, 3.708928, -2.620631, -2.602880
245.864000, 3.708928, -2.620631, -2.602875
245.965000, 3.708928, -2.620631, -2.602874
246.058000, 3.708928, -2.620631, -2.602872
246.167000, 3.708928, -2.620631, -2.602870
246.267000, 3.708928, -2.620631, -2.602866
246.355000, 3.708928, -2.620631, -2.602865
246.453000, 3.708928, -2.620631, -2.602862
246.561000, 3.708928, -2.620631, -2.602859
246.651000, 3.708928, -2.620631, -2.602855
246.765000, 3.708928, -2.620631, -2.602852
246.861000, 3.708928, -2.620631, -2.602849
246.966000, 3.708928, -2.620631, -2.602847
247.067000, 3.708928, -2.620631, -2.602846
247.165000, 3.708928, -2.620631, -2.602844
247.258000, 3.708928, -2.620631, -2.602841
247.360000, 3.708928, -2.620631, -2.602839
247.457000, 3.708928, -2.620631, -2.602837
247.555000, 3.708928, -2.620631, -2.602834
247.656000, 3.708928, -2.620631, -2.602833
247.765000, 3.708928, -2.620631, -2.602829
247.862000, 3.708928, -2.620631, -2.602827
247.956000, 3.708928, -2.620631, -2.602824
248.050000, 3.708928, -2.620631, -2.602822
248.158000, 3.708928, -2.620631, -2.602817
248.258000, 3.708928, -2.620631, -2.602814
248.361000, 3.708928, -2.620631, -2.602812
248.456000, 3.708928, -2.620631, -2.602809
248.554000, 3.708928, -2.620631, -2.602808
248.662000, 3.708928, -2.620631, -2.602806
248.754000, 3.708928, -2.620631, -2.602804
248.856000, 3.708928, -2.620631, -2.602800
248.959000, 3.708928, -2.620631, -2.602796
249.063000, 3.708928, -2.620631, -2.602795
249.167000, 3.708928, -2.620631, -2.602792
249.240000, 3.708928, -2.620631, -2.602790
249.360000, 3.708928, -2.620631, -2.602789
249.463000, 3.708928, -2.620631, -2.602787
249.565000, 3.708928, -2.620631, -2.602785
249.657000, 3.708928, -2.620631, -2.602783
249.764000, 3.708928, -2.620631, -2.602779
249.852000, 3.708928, -2.620631, -2.602778
249.961000, 3.708928, -2.620631, -2.602775
250.048000, 3.708928, -2.620631, -2.602772
250.160000, 3.708928, -2.620631, -2.602769
250.257000, 3.708928, -2.620631, -2.602767
250.367000, 3.708928, -2.620631, -2.602765
250.459000, 3.708928, -2.620631, -2.602761
250.565000, 3.708928, -2.620631, -2.602758
250.654000, 3.708928, -2.620631, -2.602758
250.749000, 3.708928, -2.620631, -2.602754
250.855000, 3.708928, -2.620631, -2.602751
250.960000, 3.708928, -2.620631, -2.602749
251.059000, 3.708928, -2.620631, -2.602748
251.164000, 3.708928, -2.620631, -2.602745
251.263000, 3.708928, -2.620631, -2.602742
251.355000, 3.708928, -2.620631, -2.602740
251.458000, 3.708928, -2.620631, -2.602739
251.564000, 3.708928, -2.620631, -2.602735
251.650000, 3.708928, -2.620631, -2.602732
251.750000, 3.708928, -2.620631, -2.602731
251.865000, 3.708928, -2.620631, -2.602729
251.954000, 3.708928, -2.620631, -2.602725
252.060000, 3.708928, -2.620631, -2.602722
252.167000, 3.708928, -2.620631, -2.602720
252.266000, 3.708928, -2.620631, -2.602718
252.364000, 3.708928, -2.620631, -2.602715
252.458000, 3.708928, -2.620631, -2.602714
252.561000, 3.708928, -2.620631, -2.602711
252.659000, 3.708928, -2.620631, -2.602707
252.762000, 3.708928, -2.620631, -2.602704
252.864000, 3.708928, -2.620631, -2.602701
252.964000, 3.708928, -2.620631, -2.602698
253.067000, 3.708928, -2.620631, -2.602694
253.155000, 3.708928, -2.620631, -2.602694
253.247000, 3.708928, -2.620631, -2.602692
253.358000, 3.708928, -2.620631, -2.602688
253.461000, 3.708928, -2.620631, -2.602685
253.558000, 3.708928, -2.620631, -2.602685
253.659000, 3.708928, -2.620631, -2.602681
253.746000, 3.708928, -2.620631, -2.602677
253.848000, 3.708928, -2.620631, -2.602676
253.963000, 3.708928, -2.620631, -2.602674
254.055000, 3.708928, -2.620631, -2.602671
254.161000, 3.708928, -2.620631, -2.602671
254.258000, 3.708928, -2.620631, -2.602667
254.356000, 3.708928, -2.620631, -2.602666
254.458000, 3.708928, -2.620631, -2.602664
254.555000, 3.708928, -2.620631, -2.602661
254.660000, 3.708928, -2.620631, -2.602659
254.758000, 3.708928, -2.620631, -2.602657
254.865000, 3.708928, -2.620631, -2.602655
254.960000, 3.708928, -2.620631, -2.602655
255.056000, 3.708928, -2.620631, -2.602652
255.156000, 3.708928, -2.620631, -2.602649
255.246000, 3.708928, -2.620631, -2.602645
255.367000, 3.708928, -2.620631, -2.602641
255.453000, 3.708928, -2.620631, -2.602640
255.566000, 3.708928, -2.620631, -2.602636
255.663000, 3.708928, -2.620631, -2.602632
255.759000, 3.708928, -2.620631, -2.602630
255.859000, 3.708928, -2.620631, -2.602629
255.953000, 3.708928, -2.620631, -2.602623
256.062000, 3.708928, -2.620631, -2.602621
256.156000, 3.708928, -2.620631, -2.602619
256.250000, 3.708928, -2.620631, -2.602616
256.362000, 3.708928, -2.620631, -2.602613
256.454000, 3.708928, -2.620631, -2.602611
256.565000, 3.708928, -2.620631, -2.602609
256.661000, 3.708928, -2.620631, -2.602605
256.757000, 3.708928, -2.620631, -2.602602
256.847000, 3.708928, -2.620631, -2.602601
256.967000, 3.708928, -2.620631, -2.602598
257.059000, 3.708928, -2.620631, -2.602596
257.159000, 3.708928, -2.620631, -2.602594
257.256000, 3.708928, -2.620631, -2.602592
257.361000, 3.708928, -2.620631, -2.602590
257.463000, 3.708928, -2.620631, -2.602586
257.565000, 3.708928, -2.620631, -2.602583
257.661000, 3.708928, -2.620631, -2.602581
257.762000, 3.708928, -2.620631, -2.602579
257.867000, 3.708928, -2.620631, -2.602575
257.965000, 3.708928, -2.620631, -2.602574
258.051000, 3.708928, -2.620631, -2.602572
258.154000, 3.708928, -2.620631, -2.602568
258.260000, 3.708928, -2.620631, -2.602566
258.358000, 3.708928, -2.620631, -2.602565
258.464000, 3.708928, -2.620631, -2.602561
258.557000, 3.708928, -2.620631, -2.602559
258.662000, 3.708928, -2.620631, -2.602558
258.756000, 3.708928, -2.620631, -2.602556
258.866000, 3.708928, -2.620631, -2.602552
258.958000, 3.708928, -2.620631, -2.602551
259.052000, 3.708928, -2.620631, -2.602549
259.164000, 3.708928, -2.620631, -2.602544
259.262000, 3.708928, -2.620631, -2.602541
259.354000, 3.708928, -2.620631, -2.602541
259.461000, 3.708928, -2.620631, -2.602537
259.561000, 3.708928, -2.620631, -2.602536
259.653000, 3.708928, -2.620631, -2.602533
259.762000, 3.708928, -2.620631, -2.602530
259.858000, 3.708928, -2.620631, -2.602529
259.961000, 3.708928, -2.620631, -2.602524
260.062000, 3.708928, -2.620631, -2.602521
260.167000, 3.708928, -2.620631, -2.602520
260.265000, 3.708928, -2.620631, -2.602518
260.361000, 3.708928, -2.620631, -2.602514
260.451000, 3.708928, -2.620631, -2.602512
260.558000, 3.708928, -2.620631, -2.602510
260.663000, 3.708928, -2.620631, -2.602507
260.764000, 3.708928, -2.620631, -2.602500
260.863000, 3.708928, -2.620631, -2.602497
260.957000, 3.708928, -2.620631, -2.602495
261.059000, 3.708928, -2.620631, -2.602492
261.156000, 3.708928, -2.620631, -2.602490
261.251000, 3.708928, -2.620631, -2.602488
261.350000, 3.708928, -2.620631, -2.602486
261.456000, 3.708928, -2.620631, -2.602482
261.558000, 3.708928, -2.620631, -2.602479
261.667000, 3.708928, -2.620631, -2.602477
261.761000, 3.708928, -2.620631, -2.602474
261.865000, 3.708928, -2.620631, -2.602472
261.964000, 3.708928, -2.620631, -2.602469
262.063000, 3.708928, -2.620631, -2.602467
262.160000, 3.708928, -2.620631, -2.602463
262.256000, 3.708928, -2.620631, -2.602460
262.364000, 3.708928, -2.620631, -2.602458
262.463000, 3.708928, -2.620631, -2.602456
262.566000, 3.708928, -2.620631, -2.602453
262.664000, 3.708928, -2.620631, -2.602451
262.756000, 3.708928, -2.620631, -2.602450
262.850000, 3.708928, -2.620631, -2.602446
262.967000, 3.708928, -2.620631, -2.602441
263.055000, 3.708928, -2.620631, -2.602440
263.155000, 3.708928, -2.620631, -2.602438
263.250000, 3.708928, -2.620631, -2.602434
263.355000, 3.708928, -2.620631, -2.602432
263.465000, 3.708928, -2.620631, -2.602430
263.563000, 3.708928, -2.620631, -2.602428
263.660000, 3.708928, -2.620631, -2.602424
263.763000, 3.708928, -2.620631, -2.602421
263.857000, 3.708928, -2.620631, -2.602419
263.961000, 3.708928, -2.620631, -2.602416
264.061000, 3.708928, -2.620631, -2.602413
264.157000, 3.708928, -2.620631, -2.602412
264.259000, 3.708928, -2.620631, -2.602410
264.359000, 3.708928, -2.620631, -2.602406
264.461000, 3.708928, -2.620631, -2.602403
264.558000, 3.708928, -2.620631, -2.602402
264.663000, 3.708928, -2.620631, -2.602398
264.764000, 3.708928, -2.620631, -2.602395
264.864000, 3.708928, -2.620631, -2.602394
264.958000, 3.708928, -2.620631, -2.602391
265.062000, 3.708928, -2.620631, -2.602388
265.156000, 3.708928, -2.620631, -2.602384
265.263000, 3.708928, -2.620631, -2.602382
265.362000, 3.708928, -2.620631, -2.602380
265.456000, 3.708928, -2.620631, -2.602376
265.566000, 3.708928, -2.620631, -2.602373
265.655000, 3.708928, -2.620631, -2.602373
265.756000, 3.708928, -2.620631, -2.602370
265.866000, 3.708928, -2.620631, -2.602367
265.956000, 3.708928, -2.620631, -2.602366
266.066000, 3.708928, -2.620631, -2.602364
266.157000, 3.708928, -2.620631, -2.602361
266.261000, 3.708928, -2.620631, -2.602359
266.364000, 3.708928, -2.620631, -2.602358
266.455000, 3.708928, -2.620631, -2.602355
266.555000, 3.708928, -2.620631, -2.602353
266.663000, 3.708928, -2.620631, -2.602350
266.758000, 3.708928, -2.620631, -2.602348
266.867000, 3.708928, -2.620631, -2.602344
266.953000, 3.708928, -2.620631, -2.602342
267.067000, 3.708928, -2.620631, -2.602339
267.163000, 3.708928, -2.620631, -2.602336
267.261000, 3.708928, -2.620631, -2.602334
267.349000, 3.708928, -2.620631, -2.602332
267.466000, 3.708928, -2.620631, -2.602328
267.564000, 3.708928, -2.620631, -2.602326
267.664000, 3.708928, -2.620631, -2.602324
267.752000, 3.708928, -2.620631, -2.602323
267.847000, 3.708928, -2.620631, -2.602320
267.966000, 3.708928, -2.620631, -2.602316
268.067000, 3.708928, -2.620631, -2.602314
268.162000, 3.708928, -2.620631, -2.602313
268.264000, 3.708928, -2.620631, -2.602310
268.359000, 3.708928, -2.620631, -2.602306
268.465000, 3.708928, -2.620631, -2.602304
268.558000, 3.708928, -2.620631, -2.602302
268.666000, 3.708928, -2.620631, -2.602299
268.757000, 3.708928, -2.620631, -2.602297
268.858000, 3.708928, -2.620631, -2.602296
268.959000, 3.708928, -2.620631, -2.602293
269.053000, 3.708928, -2.620631, -2.602291
269.156000, 3.708928, -2.620631, -2.602290
269.266000, 3.708928, -2.620631, -2.602288
269.367000, 3.708928, -2.620631, -2.602287
269.463000, 3.708928, -2.620631, -2.602284
269.562000, 3.708928, -2.620631, -2.602283
269.667000, 3.708928, -2.620631, -2.602280
269.764000, 3.708928, -2.620631, -2.602274
269.862000, 3.708928, -2.620631, -2.602273
269.963000, 3.708928, -2.620631, -2.602270
270.063000, 3.708928, -2.620631, -2.602269
270.161000, 3.708928, -2.620631, -2.602268
270.258000, 3.708928, -2.620631, -2.602266
270.357000, 3.708928, -2.620631, -2.602263
270.458000, 3.708928, -2.620631, -2.602261
270.560000, 3.708928, -2.620631, -2.602258
270.661000, 3.708928, -2.620631, -2.602256
270.753000, 3.708928, -2.620631, -2.602252
270.865000, 3.708928, -2.620631, -2.602248
270.964000, 3.708928, -2.620631, -2.602246
271.067000, 3.708928, -2.620631, -2.602244
271.160000, 3.708928, -2.620631, -2.602241
271.250000, 3.708928, -2.620631, -2.602237
271.365000, 3.708928, -2.620631, -2.602235
271.457000, 3.708928, -2.620631, -2.602233
271.563000, 3.708928, -2.620631, -2.602227
271.662000, 3.708928, -2.620631, -2.602224
271.761000, 3.708928, -2.620631, -2.602222
271.865000, 3.708928, -2.620631, -2.602219
271.953000, 3.708928, -2.620631, -2.602216
272.058000, 3.708928, -2.620631, -2.602212
272.149000, 3.708928, -2.620631, -2.602209
272.267000, 3.708928, -2.620631, -2.602205
272.361000, 3.708928, -2.620631, -2.602202
272.459000, 3.708928, -2.620631, -2.602200
272.544000, 3.708928, -2.620631, -2.602197
272.660000, 3.708928, -2.620631, -2.602195
272.763000, 3.708928, -2.620631, -2.602193
272.855000, 3.708928, -2.620631, -2.602190
272.963000, 3.708928, -2.620631, -2.602187
273.059000, 3.708928, -2.620631, -2.602184
273.163000, 3.708928, -2.620631, -2.602183
