1645526426.596467, 7.203984, -1.570771, 3.134431
1645526426.696377, 7.203984, -1.570771, 3.134431
1645526426.795387, 7.203984, -1.570771, 3.134431
1645526426.895318, 7.203984, -1.570771, 3.134431
1645526426.995304, 7.203984, -1.570771, 3.134431
1645526427.075441, 7.203984, -1.570771, 3.134431
1645526427.214213, 7.203984, -1.570771, 3.134431
1645526427.294090, 7.203984, -1.570771, 3.134431
1645526427.414051, 7.203984, -1.570771, 3.134431
1645526427.514074, 7.203984, -1.570771, 3.134431
1645526427.613191, 7.203984, -1.570771, 3.134431
1645526427.712999, 7.203984, -1.570771, 3.134431
1645526427.812937, 7.203984, -1.570771, 3.134431
1645526427.892923, 7.203984, -1.570771, 3.134431
1645526428.012898, 7.203984, -1.570771, 3.134431
1645526428.091814, 7.203984, -1.570771, 3.134431
1645526428.211971, 7.203984, -1.570771, 3.134431
1645526428.291650, 7.203984, -1.570771, 3.134431
1645526428.412038, 7.203984, -1.570771, 3.134431
1645526428.490712, 7.203984, -1.570771, 3.134431
1645526428.630620, 7.203984, -1.570771, 3.134431
1645526428.691594, 7.203984, -1.570771, 3.134431
1645526428.789604, 7.203984, -1.570771, 3.134431
1645526428.909423, 7.203984, -1.570771, 3.134431
1645526428.970618, 7.203984, -1.570771, 3.134431
1645526429.109337, 7.203984, -1.570771, 3.134431
1645526429.208394, 7.203984, -1.570771, 3.134431
1645526429.269149, 7.203984, -1.570771, 3.134431
1645526429.388446, 7.203984, -1.570771, 3.134431
1645526429.508218, 7.203984, -1.570771, 3.134431
1645526429.588371, 7.203984, -1.570771, 3.134431
1645526429.688161, 7.203984, -1.570771, 3.134431
1645526429.787272, 7.203984, -1.570771, 3.134431
1645526429.886976, 7.203984, -1.570771, 3.134431
1645526429.988136, 7.203984, -1.570771, 3.134431
1645526430.105892, 7.203984, -1.570771, 3.134431
1645526430.205904, 7.203984, -1.570771, 3.134431
1645526430.305870, 7.203984, -1.570771, 3.134431
1645526430.385928, 7.203984, -1.570771, 3.134431
1645526430.505889, 7.203984, -1.570771, 3.134431
1645526430.605663, 7.203984, -1.570771, 3.134431
1645526430.684708, 7.203984, -1.570771, 3.134431
1645526430.784633, 7.203984, -1.570771, 3.134431
1645526430.884612, 7.203984, -1.570771, 3.134431
1645526431.004597, 7.203984, -1.570771, 3.134431
1645526431.103571, 7.203984, -1.570771, 3.134431
1645526431.203471, 7.203984, -1.570771, 3.134431
1645526431.303334, 7.203984, -1.570771, 3.134431
1645526431.402490, 7.203984, -1.570771, 3.134431
1645526431.502464, 7.203984, -1.570771, 3.134431
1645526431.602407, 7.203984, -1.570771, 3.134431
1645526431.722410, 7.203984, -1.570771, 3.134431
1645526431.801259, 7.203984, -1.570771, 3.134431
1645526431.902223, 7.203984, -1.570771, 3.134431
1645526432.021120, 7.203984, -1.570771, 3.134431
1645526432.121068, 7.203984, -1.570771, 3.134431
1645526432.201086, 7.203984, -1.570771, 3.134431
1645526432.301040, 7.203984, -1.570771, 3.134431
1645526432.399777, 7.203984, -1.570771, 3.134431
1645526432.499876, 7.203984, -1.570771, 3.134431
1645526432.619921, 7.203984, -1.570771, 3.134431
1645526432.698907, 7.203984, -1.570771, 3.134431
1645526432.798963, 7.203984, -1.570771, 3.134431
1645526432.918871, 7.203984, -1.570771, 3.134431
1645526433.018809, 7.203984, -1.570771, 3.134431
1645526433.097677, 7.203984, -1.570771, 3.134431
1645526433.198673, 7.203984, -1.570771, 3.134431
1645526433.297753, 7.203984, -1.570771, 3.134431
1645526433.397645, 7.203984, -1.570771, 3.134431
1645526433.517476, 7.203984, -1.570771, 3.134431
1645526433.597539, 7.203984, -1.570771, 3.134431
1645526433.696559, 7.203984, -1.570771, 3.134431
1645526433.796615, 7.203984, -1.570771, 3.134431
1645526433.876459, 7.203984, -1.570771, 3.134431
1645526433.996479, 7.203984, -1.570771, 3.134431
1645526434.115276, 7.203984, -1.570771, 3.134431
1645526434.215114, 7.203984, -1.570771, 3.134431
1645526434.275363, 7.203984, -1.570771, 3.134431
1645526434.395114, 7.203984, -1.570771, 3.134431
1645526434.495062, 7.203984, -1.570771, 3.134431
1645526434.593895, 7.203984, -1.570771, 3.134431
1645526434.693852, 7.203984, -1.570771, 3.134431
1645526434.793874, 7.203984, -1.570771, 3.134431
1645526434.853892, 7.203984, -1.570771, 3.134431
1645526435.013840, 7.203984, -1.570771, 3.134431
1645526435.112881, 7.203984, -1.570771, 3.134431
1645526435.212789, 7.203984, -1.570771, 3.134431
1645526435.292716, 7.203984, -1.570771, 3.134431
1645526435.391693, 7.203984, -1.570771, 3.134431
1645526435.491871, 7.203984, -1.570771, 3.134431
1645526435.611826, 7.203984, -1.570771, 3.134431
1645526435.710752, 7.203984, -1.570771, 3.134431
1645526435.790721, 7.203984, -1.570771, 3.134431
1645526435.890615, 7.203984, -1.570771, 3.134431
1645526436.011567, 7.203984, -1.570771, 3.134431
1645526436.090542, 7.203984, -1.570771, 3.134431
1645526436.210531, 7.203984, -1.570771, 3.134431
1645526436.309358, 7.203984, -1.570771, 3.134431
1645526436.409402, 7.203984, -1.570771, 3.134431
1645526436.509299, 7.203984, -1.570771, 3.134431
1645526436.609287, 7.203984, -1.570771, 3.134431
1645526436.708333, 7.203984, -1.570771, 3.134431
1645526436.788363, 7.203984, -1.570771, 3.134431
1645526436.888085, 7.203984, -1.570771, 3.134431
1645526436.987164, 7.203984, -1.570771, 3.134431
1645526437.127052, 7.203984, -1.570771, 3.134431
1645526437.187060, 7.203984, -1.570771, 3.134431
1645526437.286933, 7.203984, -1.570771, 3.134431
1645526437.406898, 7.203984, -1.570771, 3.134431
1645526437.506814, 7.203984, -1.570771, 3.134431
1645526437.605776, 7.203984, -1.570771, 3.134431
1645526437.705812, 7.203984, -1.570771, 3.134431
1645526437.805689, 7.203984, -1.570771, 3.134431
1645526437.905601, 7.203984, -1.570771, 3.134431
1645526438.004666, 7.203984, -1.570771, 3.134431
1645526438.064647, 7.203984, -1.570771, 3.134431
1645526438.184550, 7.203984, -1.570771, 3.134431
1645526438.284494, 7.203984, -1.570771, 3.134431
1645526438.403422, 7.203984, -1.570771, 3.134431
1645526438.503420, 7.203984, -1.570771, 3.134431
1645526438.603405, 7.203984, -1.570771, 3.134431
1645526438.703280, 7.203984, -1.570771, 3.134431
1645526438.743526, 7.203984, -1.570771, 3.134431
1645526438.922221, 7.203984, -1.570771, 3.134431
1645526439.002260, 7.203984, -1.570771, 3.134431
1645526439.102112, 7.203984, -1.570771, 3.134431
1645526439.222075, 7.203984, -1.570771, 3.134431
1645526439.322073, 7.203984, -1.570771, 3.134431
1645526439.381076, 7.203984, -1.570771, 3.134431
1645526439.520952, 7.203984, -1.570771, 3.134431
1645526439.601256, 7.203984, -1.570771, 3.134431
1645526439.699947, 7.203984, -1.570771, 3.134431
1645526439.819886, 7.203984, -1.570771, 3.134431
1645526439.919819, 7.203984, -1.570771, 3.134431
1645526439.979732, 7.203984, -1.570771, 3.134431
1645526440.098686, 7.203984, -1.570771, 3.134431
1645526440.199684, 7.203984, -1.570771, 3.134431
1645526440.298745, 7.203984, -1.570771, 3.134431
1645526440.498548, 7.203984, -1.570771, 3.134431
1645526440.557522, 7.203984, -1.570771, 3.134431
1645526440.577545, 7.203984, -1.570771, 3.134431
1645526440.598671, 7.203984, -1.570771, 3.134431
1645526440.618716, 7.203984, -1.570771, 3.134431
1645526440.657557, 7.203984, -1.570771, 3.134431
1645526440.697550, 7.203984, -1.570771, 3.134431
1645526440.738670, 7.203984, -1.570771, 3.134431
1645526440.777441, 7.203984, -1.570771, 3.134431
1645526440.817447, 7.203984, -1.570771, 3.134431
1645526440.837316, 7.203984, -1.570771, 3.134431
1645526440.857375, 7.203984, -1.570771, 3.134431
1645526440.897401, 7.203984, -1.570771, 3.134431
1645526440.937354, 7.203984, -1.570771, 3.134431
1645526440.976650, 7.203984, -1.570771, 3.134431
1645526441.016523, 7.203984, -1.570771, 3.134431
1645526441.077328, 7.203984, -1.570771, 3.134431
1645526441.116521, 7.203984, -1.570771, 3.134431
1645526441.156280, 7.203984, -1.570771, 3.134431
1645526441.236287, 7.203984, -1.570771, 3.134431
1645526441.316392, 7.203984, -1.570771, 3.134431
1645526441.395225, 7.203984, -1.570771, 3.134431
1645526441.515096, 7.203984, -1.570771, 3.134431
1645526441.894983, 7.203984, -1.570771, 3.134431
1645526442.372822, 7.203984, -1.570771, 3.134431
1645526442.851593, 7.203984, -1.570771, 3.134431
1645526444.686873, 7.203984, -1.570771, 3.134431
1645526445.824263, 7.203984, -1.570771, 3.134431
1645526445.904331, 7.203984, -1.570771, 3.134431
1645526446.002954, 7.203984, -1.570771, 3.134431
1645526446.103118, 7.203984, -1.570771, 3.134431
1645526446.182168, 7.203984, -1.570771, 3.134431
1645526446.322102, 7.203984, -1.570771, 3.134431
1645526446.382122, 7.203984, -1.570771, 3.134431
1645526446.502090, 7.203984, -1.570771, 3.134431
1645526446.601060, 7.203984, -1.570771, 3.134431
1645526446.720922, 7.203984, -1.570771, 3.134431
1645526446.780987, 7.203984, -1.570771, 3.134431
1645526446.901080, 7.203984, -1.570771, 3.134431
1645526446.999834, 7.203984, -1.570771, 3.134431
1645526447.119862, 7.203984, -1.570771, 3.134431
1645526447.200911, 7.203984, -1.570771, 3.134431
1645526447.299701, 7.203984, -1.570771, 3.134431
1645526447.399792, 7.203984, -1.570771, 3.134431
1645526447.499622, 7.203984, -1.570771, 3.134431
1645526447.618697, 7.203984, -1.570771, 3.134431
1645526447.698685, 7.203984, -1.570771, 3.134431
1645526447.798553, 7.203984, -1.570771, 3.134431
1645526447.897372, 7.201468, -1.570753, 3.134431
1645526447.997493, 7.195797, -1.570687, 3.125704
1645526448.117319, 7.184839, -1.570449, 3.101619
1645526448.217315, 7.172921, -1.569736, 3.059905
1645526448.296176, 7.161666, -1.568711, 3.034773
1645526448.396111, 7.147489, -1.566954, 2.993234
1645526448.516303, 7.130294, -1.564038, 2.943492
1645526448.616117, 7.110829, -1.519512, 2.898403
1645526448.695782, 7.099360, -1.516514, 2.869605
1645526448.794927, 7.085116, -1.512348, 2.836793
1645526448.915984, 7.068322, -1.506766, 2.798221
1645526448.994851, 7.057110, -1.502660, 2.778324
1645526449.114833, 7.040410, -1.496068, 2.748828
1645526449.193755, 7.029252, -1.491359, 2.730677
1645526449.293679, 7.012478, -1.476074, 2.693790
1645526449.393517, 6.998788, -1.469316, 2.669007
1645526449.513768, 6.982465, -1.460774, 2.644048
1645526449.592604, 6.971523, -1.454741, 2.627293
1645526449.712632, 6.955514, -1.445454, 2.605128
1645526449.812809, 6.942072, -1.437355, 2.589420
1645526449.892494, 6.931421, -1.430740, 2.580169
1645526449.992392, 6.917820, -1.422087, 2.568825
1645526450.111473, 6.902036, -1.411706, 2.548579
1645526450.212579, 6.888868, -1.402782, 2.540027
1645526450.291327, 6.878441, -1.395592, 2.534442
1645526450.411525, 6.862778, -1.384578, 2.522050
1645526450.490288, 6.852523, -1.377217, 2.514720
1645526450.610205, 6.836872, -1.365820, 2.508087
1645526450.690191, 6.826409, -1.358091, 2.500757
1645526450.790185, 6.812360, -1.348459, 2.490370
1645526450.908928, 6.796706, -1.336425, 2.479549
1645526450.969094, 6.789019, -1.330401, 2.473789
1645526451.089129, 6.773580, -1.318161, 2.466285
1645526451.168956, 6.763416, -1.309976, 2.459827
1645526451.209242, 6.758353, -1.305861, 2.457732
1645526451.408071, 6.732675, -1.284716, 2.444642
1645526451.508956, 6.719914, -1.273982, 2.438534
1645526451.608006, 6.707245, -1.263206, 2.434520
1645526451.687870, 6.696888, -1.254321, 2.428585
1645526451.787849, 6.684445, -1.243478, 2.421255
1645526451.906773, 6.669242, -1.230092, 2.417415
1645526451.986763, 6.659055, -1.221076, 2.416019
1645526452.126640, 6.641134, -1.205096, 2.408863
1645526452.165546, 6.636094, -1.200560, 2.408165
1645526452.305540, 6.618504, -1.184597, 2.398915
1645526452.405558, 6.610319, -1.185313, 2.403400
1645526452.505219, 6.597819, -1.173894, 2.400258
1645526452.604307, 6.585211, -1.162341, 2.398339
1645526452.704274, 6.572563, -1.150705, 2.397117
1645526452.805160, 6.559973, -1.139069, 2.393975
1645526452.904343, 6.547421, -1.127392, 2.389437
1645526453.004078, 6.534776, -1.115501, 2.383503
1645526453.123165, 6.519785, -1.101252, 2.376522
1645526453.203061, 6.509805, -1.091634, 2.372159
1645526453.323118, 6.494765, -1.077004, 2.368668
1645526453.423049, 6.482177, -1.064685, 2.364654
1645526453.501972, 6.472272, -1.054930, 2.362385
1645526453.601857, 6.459715, -1.042458, 2.353484
1645526453.701898, 6.447453, -1.030054, 2.347549
1645526453.801896, 6.435156, -1.017503, 2.341964
1645526453.900854, 6.422955, -1.004920, 2.338997
1645526454.000689, 6.396403, -0.991537, 2.342825
1645526454.100564, 6.384098, -0.978876, 2.341080
1645526454.200715, 6.371705, -0.966063, 2.337066
1645526454.299699, 6.359345, -0.953218, 2.336018
1645526454.399626, 6.346992, -0.940307, 2.327641
1645526454.520876, 6.332362, -0.924736, 2.324150
1645526454.599541, 6.322567, -0.914277, 2.322056
1645526454.699482, 6.310258, -0.901090, 2.321358
1645526454.778615, 6.300460, -0.890577, 2.317867
1645526454.898441, 6.285917, -0.874692, 2.305824
1645526454.998465, 6.273847, -0.861285, 2.303206
1645526455.098444, 6.261909, -0.847990, 2.302159
1645526455.197645, 6.249900, -0.834586, 2.298319
1645526455.297212, 6.237924, -0.821096, 2.292734
1645526455.378214, 6.227953, -0.809704, 2.288022
1645526455.497025, 6.213566, -0.793223, 2.288546
1645526455.596117, 6.218105, -0.766719, 2.283231
1645526455.695872, 6.206102, -0.752744, 2.275202
1645526455.735981, 6.201410, -0.747216, 2.273283
1645526455.876172, 6.185647, -0.728544, 2.272235
1645526455.936137, 6.179207, -0.720921, 2.271886
1645526455.995942, 6.173210, -0.713818, 2.272235
1645526456.294802, 6.143471, -0.679097, 2.290736
1645526456.394679, 6.133900, -0.668205, 2.296321
1645526456.473817, 6.126249, -0.659600, 2.297194
1645526456.553717, 6.118509, -0.650903, 2.298939
1645526456.693508, 6.105643, -0.636436, 2.296670
1645526456.793511, 6.096579, -0.626234, 2.296146
1645526456.912527, 6.085799, -0.614077, 2.295972
1645526457.012444, 6.077006, -0.604148, 2.294925
1645526457.112385, 6.068194, -0.594178, 2.295797
1645526457.192306, 6.061630, -0.586775, 2.295797
1645526457.312303, 6.051670, -0.575544, 2.297368
1645526457.411329, 6.047236, -0.561722, 2.297691
1645526457.471046, 6.042247, -0.556115, 2.299087
1645526457.591060, 6.032460, -0.545129, 2.297516
1645526457.691070, 6.024214, -0.535854, 2.295771
1645526457.811039, 6.016896, -0.527582, 2.293676
1645526457.909906, 6.016924, -0.527614, 2.292280
1645526457.989880, 6.017065, -0.527774, 2.291233
1645526458.090066, 6.017065, -0.527774, 2.290011
1645526458.169869, 6.017065, -0.527774, 2.290186
1645526458.288992, 6.017065, -0.527774, 2.288789
1645526458.368757, 6.017065, -0.527774, 2.288789
1645526458.488812, 6.017065, -0.527774, 2.288789
1645526458.548891, 6.017065, -0.527774, 2.288789
1645526458.568685, 6.017065, -0.527774, 2.288789
1645526458.608877, 6.017065, -0.527774, 2.288789
1645526458.647771, 6.017065, -0.527774, 2.288789
1645526458.728625, 6.017065, -0.527774, 2.288789
1645526458.767716, 6.017065, -0.527774, 2.288789
1645526458.807570, 6.017065, -0.527774, 2.288789
1645526459.066583, 6.017065, -0.527774, 2.288789
1645526459.306471, 6.017065, -0.527774, 2.288789
1645526459.426422, 6.017065, -0.527774, 2.288789
1645526459.625282, 6.017065, -0.527774, 2.288789
1645526459.845148, 6.017065, -0.527774, 2.288789
1645526459.885377, 6.017065, -0.527774, 2.288789
1645526459.925168, 6.017065, -0.527774, 2.288789
1645526459.965350, 6.017065, -0.527774, 2.288789
1645526460.005129, 6.017065, -0.527774, 2.288789
1645526460.084050, 6.017065, -0.527774, 2.288789
1645526460.323740, 6.017065, -0.527774, 2.288789
1645526461.041623, 6.017065, -0.527774, 2.288789
1645526462.139061, 6.017065, -0.527774, 2.288789
1645526462.676958, 6.017065, -0.527774, 2.288789
1645526462.796776, 6.017065, -0.527774, 2.288789
1645526462.896781, 6.017065, -0.527774, 2.288789
1645526462.977586, 6.017065, -0.527774, 2.288789
1645526463.096475, 6.017065, -0.527774, 2.288789
1645526463.195439, 6.017065, -0.527774, 2.288789
1645526463.315650, 6.017065, -0.527774, 2.288789
1645526463.375481, 6.017065, -0.527774, 2.288789
1645526463.514577, 6.017065, -0.527774, 2.288789
1645526463.615522, 6.017065, -0.527774, 2.288789
1645526463.714344, 6.017065, -0.527774, 2.288789
1645526463.794425, 6.017065, -0.527774, 2.288789
1645526463.894297, 6.017065, -0.527774, 2.288789
1645526463.994205, 6.017065, -0.527774, 2.288789
1645526464.093225, 6.017065, -0.527774, 2.288789
1645526464.193032, 6.017065, -0.527774, 2.288789
1645526464.274045, 6.017065, -0.527774, 2.288789
1645526464.392837, 6.017065, -0.527774, 2.288789
1645526464.492153, 6.017065, -0.527774, 2.288789
1645526464.591891, 6.017065, -0.527774, 2.288789
1645526464.691849, 6.017065, -0.527774, 2.288789
1645526464.772091, 6.017065, -0.527774, 2.288789
1645526464.911853, 6.017065, -0.527774, 2.288789
1645526465.010692, 6.017065, -0.527774, 2.288789
1645526465.110768, 6.017065, -0.527774, 2.288789
1645526465.190777, 6.017065, -0.527774, 2.288789
1645526465.310901, 6.017065, -0.527774, 2.288789
1645526465.409647, 6.017065, -0.527774, 2.288789
1645526465.509541, 6.017065, -0.527774, 2.288789
1645526465.589467, 6.017065, -0.527774, 2.288789
1645526465.689507, 6.017065, -0.527774, 2.288789
1645526465.808671, 6.017065, -0.527774, 2.288789
1645526465.888735, 6.017065, -0.527774, 2.288789
1645526465.989324, 6.017065, -0.527774, 2.288789
1645526466.088539, 6.017065, -0.527774, 2.288789
1645526466.207403, 6.017065, -0.527774, 2.288789
1645526466.307285, 6.017065, -0.527774, 2.288789
1645526466.407138, 6.017065, -0.527774, 2.288789
1645526466.507227, 6.017065, -0.527774, 2.288789
1645526466.607071, 6.017065, -0.527774, 2.288789
1645526466.707023, 6.017065, -0.527774, 2.288789
1645526466.805957, 6.017065, -0.527774, 2.288789
1645526466.906013, 6.017065, -0.527774, 2.288789
1645526467.005953, 6.017065, -0.527774, 2.288789
1645526467.104858, 6.017065, -0.527774, 2.288789
1645526467.204893, 6.017065, -0.527774, 2.288789
1645526467.324677, 6.017065, -0.527774, 2.288789
1645526467.384819, 6.017065, -0.527774, 2.288789
1645526467.523799, 6.017065, -0.527774, 2.288789
1645526467.604706, 6.017065, -0.527774, 2.288789
1645526467.703649, 6.017065, -0.527774, 2.288789
1645526467.783475, 6.017065, -0.527774, 2.288789
1645526467.864389, 6.017065, -0.527774, 2.288789
1645526468.003516, 6.017065, -0.527774, 2.288789
1645526468.102579, 6.017065, -0.527774, 2.288789
1645526468.202244, 6.017065, -0.527774, 2.288789
1645526468.302423, 6.017065, -0.527774, 2.288789
1645526468.421202, 6.017065, -0.527774, 2.288789
1645526468.482103, 6.017065, -0.527774, 2.288789
1645526468.582177, 6.017065, -0.527774, 2.288789
1645526468.701419, 6.017065, -0.527774, 2.288789
1645526468.761244, 6.017065, -0.527774, 2.288789
1645526468.901262, 6.017065, -0.527774, 2.288789
1645526469.001112, 6.017065, -0.527774, 2.288789
1645526469.100128, 6.017065, -0.527774, 2.288789
1645526469.200145, 6.017065, -0.527774, 2.288789
1645526469.300067, 6.017065, -0.527774, 2.288789
1645526469.398841, 6.017065, -0.527774, 2.288789
1645526469.518696, 6.017065, -0.527774, 2.288789
1645526469.598812, 6.017065, -0.527774, 2.288789
1645526469.697779, 6.017065, -0.527774, 2.288789
1645526469.797637, 6.017065, -0.527774, 2.288789
1645526469.917612, 6.017065, -0.527774, 2.288789
1645526470.018620, 6.017065, -0.527774, 2.288789
1645526470.116589, 6.017065, -0.527774, 2.288789
1645526470.217471, 6.017065, -0.527774, 2.288789
1645526470.297486, 6.017065, -0.527774, 2.288789
1645526470.396334, 6.017065, -0.527774, 2.288789
1645526470.515406, 6.017065, -0.527774, 2.288789
1645526470.576436, 6.017065, -0.527774, 2.288789
1645526470.695390, 6.017065, -0.527774, 2.288789
1645526470.736314, 6.017065, -0.527774, 2.288789
1645526470.855152, 6.017065, -0.527774, 2.288789
1645526470.935406, 6.017065, -0.527774, 2.288789
1645526471.055138, 6.017065, -0.527774, 2.288789
1645526471.193927, 6.017065, -0.527774, 2.288789
1645526471.274082, 6.017065, -0.527774, 2.288789
1645526471.354002, 6.017065, -0.527774, 2.288789
1645526471.493958, 6.017065, -0.527774, 2.288789
1645526471.552932, 6.017065, -0.527774, 2.288789
1645526471.692818, 6.017065, -0.527774, 2.288789
1645526471.792955, 6.017065, -0.527774, 2.288789
1645526471.892987, 6.017065, -0.527774, 2.288789
1645526471.991871, 6.017065, -0.527774, 2.288789
1645526472.071757, 6.017065, -0.527774, 2.288789
1645526472.211567, 6.017065, -0.527774, 2.288789
1645526472.271669, 6.017065, -0.527774, 2.288789
1645526472.371629, 6.017065, -0.527774, 2.288789
1645526472.470636, 6.017065, -0.527774, 2.288789
1645526472.591376, 6.017065, -0.527774, 2.288789
1645526472.710511, 6.017065, -0.527774, 2.288789
1645526472.809336, 6.017065, -0.527774, 2.288789
1645526472.890257, 6.017065, -0.527774, 2.288789
1645526472.989252, 6.017065, -0.527774, 2.288789
1645526473.089225, 6.017065, -0.527774, 2.288789
1645526473.189178, 6.017065, -0.527774, 2.288789
1645526473.288111, 6.017065, -0.527774, 2.288789
1645526473.408321, 6.017065, -0.527774, 2.288789
1645526473.508031, 6.017065, -0.527774, 2.288789
1645526473.588079, 6.017065, -0.527774, 2.288789
1645526473.706828, 6.017065, -0.527774, 2.288789
1645526473.786764, 6.017065, -0.527774, 2.288789
1645526473.888014, 6.017065, -0.527774, 2.288789
1645526473.906872, 6.017065, -0.527774, 2.288789
1645526474.066864, 6.017065, -0.527774, 2.288789
1645526474.206779, 6.017065, -0.527774, 2.288789
1645526474.285660, 6.017065, -0.527774, 2.288789
1645526474.385669, 6.017065, -0.527774, 2.288789
1645526474.505541, 6.017065, -0.527774, 2.288789
1645526474.584502, 6.017065, -0.527774, 2.288789
1645526474.684588, 6.017065, -0.527774, 2.288789
1645526474.804630, 6.017065, -0.527774, 2.288789
1645526474.884496, 6.017065, -0.527774, 2.288789
1645526474.983413, 6.017065, -0.527774, 2.288789
1645526475.103419, 6.017065, -0.527774, 2.288789
1645526475.203383, 6.017065, -0.527774, 2.288789
1645526475.303283, 6.017065, -0.527774, 2.288789
1645526475.402394, 6.017065, -0.527774, 2.288789
1645526475.502252, 6.017065, -0.527774, 2.288789
1645526475.603161, 6.017065, -0.527774, 2.288789
1645526475.702192, 6.017065, -0.527774, 2.288789
1645526475.801992, 6.017065, -0.527774, 2.288789
1645526475.902032, 6.017065, -0.527774, 2.288789
1645526475.981303, 6.017065, -0.527774, 2.288789
1645526476.100855, 6.017065, -0.527774, 2.288789
1645526476.220758, 6.017065, -0.527774, 2.288789
1645526476.259793, 6.017065, -0.527774, 2.288789
1645526476.279925, 6.017065, -0.527774, 2.288789
1645526476.460819, 6.017065, -0.527774, 2.288789
1645526476.559793, 6.017065, -0.527774, 2.288789
1645526476.579681, 6.017065, -0.527774, 2.288789
1645526476.619967, 6.017065, -0.527774, 2.288789
1645526476.639995, 6.017065, -0.527774, 2.288789
1645526476.678802, 6.017065, -0.527774, 2.288789
1645526476.718781, 6.017065, -0.527774, 2.288789
1645526476.759698, 6.017065, -0.527774, 2.288789
1645526476.779698, 6.017065, -0.527774, 2.288789
1645526476.798821, 6.017065, -0.527774, 2.288789
1645526476.838749, 6.017065, -0.527774, 2.288789
1645526476.878736, 6.017065, -0.527774, 2.288789
1645526476.918674, 6.017065, -0.527774, 2.288789
1645526476.958676, 6.017065, -0.527774, 2.288789
1645526478.115061, 6.017065, -0.527774, 2.288789
1645526480.409077, 6.017065, -0.527774, 2.288789
1645526480.490032, 6.017065, -0.527774, 2.288789
1645526480.588124, 6.017065, -0.527774, 2.288789
1645526480.708023, 6.017065, -0.527774, 2.288789
1645526480.768934, 6.017065, -0.527774, 2.288789
1645526480.887931, 6.017065, -0.527774, 2.288789
1645526481.026912, 6.017065, -0.527774, 2.288789
1645526481.107823, 6.017065, -0.527774, 2.288789
1645526481.226946, 6.017065, -0.527774, 2.288789
1645526481.306868, 6.017065, -0.527774, 2.288789
1645526481.406713, 6.017065, -0.527774, 2.288789
1645526481.486843, 6.017065, -0.527774, 2.288789
1645526481.705515, 6.017065, -0.527774, 2.288789
1645526481.785569, 6.017065, -0.527774, 2.288789
1645526481.904586, 6.017065, -0.527774, 2.288789
1645526482.004359, 6.017065, -0.527774, 2.288789
1645526482.104555, 6.017065, -0.527774, 2.288789
1645526482.205328, 6.017065, -0.527774, 2.288789
1645526482.304485, 6.017065, -0.527774, 2.288789
1645526482.423414, 6.017065, -0.527774, 2.288789
1645526482.523068, 6.017065, -0.527774, 2.288789
1645526482.603147, 6.017065, -0.527774, 2.288964
1645526482.703058, 6.016756, -0.527421, 2.292804
1645526482.803044, 6.016558, -0.527198, 2.303799
1645526482.922955, 6.016299, -0.526914, 2.322998
1645526483.001974, 6.016124, -0.526728, 2.335041
1645526483.102061, 6.015916, -0.526513, 2.348131
1645526483.201877, 6.015494, -0.526091, 2.363315
1645526483.300864, 6.014854, -0.525465, 2.375532
1645526483.400996, 6.014391, -0.525024, 2.392113
1645526483.500799, 6.014359, -0.524995, 2.405552
1645526483.600713, 6.012989, -0.523776, 2.426496
1645526483.680945, 6.011891, -0.522829, 2.436270
1645526483.819632, 6.011598, -0.522582, 2.456166
1645526483.859674, 6.011531, -0.522528, 2.464369
1645526484.138643, 6.015861, -0.514864, 2.520595
1645526484.258455, 6.014568, -0.513959, 2.544157
1645526484.398541, 6.012121, -0.512325, 2.564926
1645526484.498487, 6.011833, -0.512142, 2.585521
1645526484.597184, 6.011214, -0.511765, 2.607861
1645526484.697196, 6.010771, -0.511510, 2.627584
1645526484.797239, 6.009949, -0.511057, 2.654113
1645526484.876260, 6.009533, -0.510839, 2.671740
1645526484.996316, 6.009187, -0.510674, 2.713803
1645526485.096359, 6.018499, -0.519587, 2.751293
1645526485.175924, 6.018262, -0.519492, 2.778520
1645526485.414892, 6.017213, -0.519135, 2.851824
1645526485.494876, 6.016722, -0.518990, 2.871546
1645526485.574859, 6.016597, -0.518960, 2.912212
1645526485.694906, 6.015681, -0.518759, 2.940661
1645526485.794806, 6.024097, -0.537489, 2.991114
1645526485.893723, 6.023084, -0.537345, 3.011010
1645526486.013689, 6.022618, -0.537290, 3.059356
1645526486.093737, 6.022363, -0.537271, 3.080998
1645526486.192655, 6.021852, -0.537243, 3.098975
1645526486.292591, 6.021511, -0.537231, 3.115730
1645526486.412786, 6.020999, -0.537222, 3.139641
1645526486.492589, 6.020871, -0.537221, -3.124171
1645526486.572628, 6.027708, -0.542442, -3.099788
1645526486.691516, 6.026942, -0.542481, -3.076750
1645526486.771585, 6.026431, -0.542517, -3.059995
1645526486.911346, 6.026346, -0.542525, -3.028928
1645526487.010426, 6.026346, -0.542525, -3.030150
1645526487.070290, 6.026346, -0.542525, -3.029975
1645526487.190238, 6.026346, -0.542525, -3.030324
1645526487.290252, 6.026346, -0.542525, -3.030324
1645526487.390214, 6.026346, -0.542525, -3.030324
1645526487.449200, 6.026346, -0.542525, -3.030324
1645526487.609243, 6.026346, -0.542525, -3.030324
1645526487.688954, 6.026346, -0.542525, -3.030324
1645526487.808964, 6.026346, -0.542525, -3.030324
1645526487.888037, 6.026346, -0.542525, -3.030324
1645526488.007914, 6.026346, -0.542525, -3.030324
1645526488.108028, 6.026346, -0.542525, -3.030324
1645526488.167940, 6.026346, -0.542525, -3.030324
1645526488.306817, 6.026346, -0.542525, -3.030324
1645526488.406777, 6.026346, -0.542525, -3.030324
1645526488.506816, 6.026346, -0.542525, -3.030324
1645526488.626649, 6.026346, -0.542525, -3.030324
1645526488.686752, 6.026346, -0.542525, -3.030324
1645526488.785573, 6.026346, -0.542525, -3.030324
1645526488.885604, 6.026346, -0.542525, -3.030324
1645526488.985549, 6.026346, -0.542525, -3.030324
1645526489.085460, 6.026346, -0.542525, -3.030324
1645526489.184541, 6.026346, -0.542525, -3.030324
1645526489.284487, 6.026346, -0.542525, -3.030324
1645526489.385250, 6.026346, -0.542525, -3.030324
1645526489.504457, 6.026346, -0.542525, -3.030324
1645526489.584612, 6.026346, -0.542525, -3.030324
1645526489.683422, 6.026346, -0.542525, -3.030324
1645526489.804153, 6.026346, -0.542525, -3.030324
1645526489.883186, 6.026346, -0.542525, -3.030324
1645526490.003139, 6.026346, -0.542525, -3.030324
1645526490.042116, 6.026346, -0.542525, -3.030324
1645526490.162065, 6.026346, -0.542525, -3.030324
1645526490.282074, 6.026346, -0.542525, -3.030324
1645526490.382063, 6.026346, -0.542525, -3.030324
1645526490.480872, 6.026346, -0.542525, -3.030324
1645526490.521728, 6.026346, -0.542525, -3.030324
1645526490.700898, 6.026346, -0.542525, -3.030324
1645526490.800629, 6.026346, -0.542525, -3.030324
1645526490.880830, 6.026346, -0.542525, -3.030324
1645526490.960905, 6.026346, -0.542525, -3.030324
1645526491.100754, 6.026346, -0.542525, -3.030324
1645526491.199630, 6.026346, -0.542525, -3.030324
1645526491.218780, 6.026346, -0.542525, -3.030324
1645526491.378773, 6.026346, -0.542525, -3.030324
1645526491.498820, 6.026346, -0.542525, -3.030324
1645526491.558672, 6.026346, -0.542525, -3.030324
1645526491.657586, 6.026346, -0.542525, -3.030324
1645526491.777598, 6.026346, -0.542525, -3.030324
1645526491.857545, 6.026346, -0.542525, -3.030324
1645526491.917514, 6.026346, -0.542525, -3.030324
1645526492.076329, 6.026346, -0.542525, -3.030324
1645526492.196483, 6.026346, -0.542525, -3.030324
1645526492.236189, 6.026346, -0.542525, -3.030324
1645526492.376438, 6.026346, -0.542525, -3.030324
1645526492.495219, 6.026346, -0.542525, -3.030324
1645526492.595153, 6.026346, -0.542525, -3.030324
1645526492.695136, 6.026346, -0.542525, -3.030324
1645526492.815122, 6.026346, -0.542525, -3.030324
1645526492.894076, 6.026346, -0.542525, -3.030324
1645526492.994910, 6.026346, -0.542525, -3.030324
1645526493.073998, 6.026346, -0.542525, -3.030324
1645526493.193888, 6.026346, -0.542525, -3.030324
1645526493.293959, 6.026346, -0.542525, -3.030324
1645526493.393762, 6.026346, -0.542525, -3.030150
1645526493.492907, 6.020582, -0.543170, -3.030324
1645526493.592654, 6.010874, -0.544231, -3.034338
1645526493.692970, 5.996920, -0.545696, -3.043240
1645526493.771836, 5.985674, -0.546805, -3.043414
1645526493.972600, 5.956543, -0.549497, -3.055631
1645526494.111720, 5.935974, -0.551221, -3.064533
1645526494.171605, 5.927257, -0.551885, -3.067500
1645526494.271639, 5.912455, -0.552960, -3.071165
1645526494.330630, 5.903479, -0.553583, -3.074132
1645526494.510534, 5.876287, -0.555383, -3.076924
1645526494.550459, 5.870159, -0.555778, -3.079019
1645526494.570451, 5.867265, -0.555960, -3.079542
1645526494.610423, 5.862284, -0.569604, -3.074856
1645526494.649388, 5.856284, -0.570006, -3.073809
1645526496.704548, 5.699392, -0.578928, -3.103654
1645526498.579762, 5.699392, -0.578928, -3.103654
1645526498.658619, 5.699392, -0.578928, -3.103654
1645526498.758929, 5.699392, -0.578928, -3.103654
1645526498.998688, 5.699392, -0.578928, -3.103654
1645526499.077548, 5.699392, -0.578928, -3.103654
1645526499.216519, 5.699392, -0.578928, -3.103654
1645526499.297574, 5.699392, -0.578928, -3.103654
1645526499.396414, 5.699392, -0.578928, -3.103654
1645526499.496337, 5.699392, -0.578928, -3.103654
1645526499.596402, 5.699392, -0.578928, -3.103654
1645526499.695338, 5.699392, -0.578928, -3.103654
1645526499.795146, 5.699392, -0.578928, -3.103654
1645526499.895121, 5.699392, -0.578928, -3.103654
1645526499.994107, 5.693767, -0.579141, -3.102956
1645526500.114120, 5.681246, -0.579789, -3.079045
1645526500.214021, 5.669286, -0.580541, -3.079743
1645526500.294056, 5.658049, -0.581235, -3.080791
1645526500.413247, 5.640382, -0.582283, -3.082885
1645526500.512948, 5.625609, -0.583149, -3.083583
1645526500.573849, 5.616838, -0.583655, -3.084107
1645526500.713003, 5.609553, -0.589247, -3.089814
1645526500.792806, 5.597159, -0.589881, -3.089465
1645526500.891824, 5.581570, -0.590661, -3.095922
1645526501.012831, 5.563506, -0.591463, -3.099762
1645526501.091714, 5.551276, -0.591956, -3.103776
1645526501.171828, 5.538960, -0.592414, -3.105522
1645526501.250836, 5.526728, -0.592848, -3.107267
1645526501.270719, 5.523660, -0.592953, -3.108314
1645526501.490633, 5.489515, -0.593945, -3.117215
1645526501.610577, 5.470755, -0.594370, -3.120706
1645526501.709430, 5.454894, -0.594684, -3.125069
1645526501.789305, 5.442315, -0.594850, -3.131178
1645526501.889389, 5.426494, -0.595012, -3.132923
1645526501.989246, 5.426620, -0.595489, -3.139496
1645526502.069177, 5.413826, -0.595483, 3.138453
1645526502.208097, 5.391438, -0.595258, 3.122920
1645526502.309205, 5.375279, -0.594930, 3.114717
1645526502.388022, 5.362619, -0.594538, 3.103372
1645526502.508008, 5.343193, -0.593641, 3.085395
1645526502.588015, 5.330252, -0.592865, 3.073876
1645526502.686880, 5.314133, -0.591682, 3.061135
1645526502.806846, 5.294627, -0.590040, 3.051536
1645526502.886807, 5.281635, -0.588820, 3.039668
1645526502.946784, 5.272941, -0.587897, 3.027101
1645526503.105882, 5.248872, -0.584822, 2.996209
1645526503.185839, 5.237876, -0.583098, 2.971774
1645526503.265733, 5.250104, -0.578214, 2.960262
1645526503.364810, 5.238878, -0.576068, 2.938969
1645526503.484728, 5.226909, -0.573511, 2.916628
1645526503.584677, 5.214785, -0.570671, 2.903538
1645526503.683758, 5.202852, -0.567590, 2.865316
1645526503.803535, 5.191807, -0.564338, 2.843848
1645526503.903407, 5.184940, -0.562150, 2.812781
1645526504.003498, 5.178393, -0.559815, 2.781540
1645526504.102506, 5.172238, -0.557405, 2.749949
1645526504.202464, 5.158024, -0.547398, 2.713635
1645526504.302449, 5.151745, -0.544418, 2.678379
1645526504.402399, 5.150003, -0.543515, 2.643822
1645526504.482189, 5.149593, -0.543287, 2.627241
1645526504.602196, 5.147872, -0.542260, 2.573834
1645526504.701120, 5.147120, -0.541774, 2.553588
1645526504.801100, 5.165126, -0.538106, 2.508637
1645526504.901029, 5.164032, -0.537290, 2.481235
1645526504.979999, 5.163032, -0.536493, 2.449645
1645526505.100104, 5.161957, -0.535584, 2.421720
1645526505.199913, 5.161354, -0.535043, 2.395889
1645526505.300128, 5.160454, -0.534195, 2.367614
1645526505.398908, 5.159763, -0.533499, 2.336897
1645526505.498907, 5.158465, -0.531020, 2.299000
1645526505.598791, 5.157904, -0.530377, 2.269155
1645526505.698734, 5.157042, -0.529319, 2.234074
1645526505.798715, 5.156419, -0.528507, 2.208592
1645526505.898741, 5.155693, -0.527506, 2.173162
1645526505.977571, 5.155335, -0.526976, 2.147855
1645526506.097501, 5.154476, -0.525602, 2.105094
1645526506.157347, 5.156179, -0.524576, 2.090873
1645526506.217367, 5.155864, -0.524020, 2.069231
1645526506.376377, 5.155065, -0.522465, 2.019315
1645526506.496370, 5.154557, -0.521384, 1.984408
1645526506.576286, 5.154207, -0.520560, 1.958926
1645526506.695265, 5.153821, -0.519566, 1.920005
1645526506.775205, 5.150452, -0.517065, 1.896291
1645526506.896135, 5.150263, -0.516499, 1.855101
1645526506.975182, 5.150065, -0.515801, 1.832238
1645526507.114080, 5.149766, -0.514558, 1.769231
1645526507.214038, 5.149592, -0.513593, 1.717395
1645526507.314014, 5.149495, -0.512874, 1.672016
1645526507.393960, 5.125941, -0.515238, 1.633328
1645526507.473964, 5.125908, -0.514599, 1.591440
1645526507.572925, 5.125907, -0.513916, 1.544665
1645526507.712964, 5.125962, -0.512895, 1.474328
1645526507.792852, 5.126048, -0.512132, 1.434535
1645526507.912723, 5.121637, -0.505260, 1.365002
1645526508.011774, 5.121803, -0.504511, 1.318052
1645526508.091884, 5.121995, -0.503812, 1.276164
1645526508.192851, 5.085547, -0.502645, 1.228769
1645526508.291712, 5.085822, -0.501928, 1.175885
1645526508.391548, 5.085978, -0.501578, 1.121431
1645526508.491513, 5.086364, -0.500817, 1.069595
1645526508.610514, 5.052415, -0.501888, 1.010073
1645526508.690522, 5.052671, -0.501496, 0.965044
1645526508.810433, 5.053274, -0.500668, 0.901514
1645526508.889678, 5.053543, -0.500338, 0.864164
1645526508.989238, 5.039673, -0.493688, 0.817575
1645526509.089319, 5.040062, -0.493293, 0.760852
1645526509.189174, 5.040500, -0.492888, 0.707794
1645526509.307985, 5.040895, -0.492563, 0.650198
1645526509.408154, 5.045569, -0.494266, 0.597105
1645526509.507984, 5.045962, -0.494011, 0.543349
1645526509.587844, 5.046294, -0.493818, 0.500065
1645526509.688151, 5.046823, -0.493541, 0.448578
1645526509.806899, 5.047329, -0.493316, 0.385571
1645526509.886874, 5.062344, -0.493179, 0.340151
1645526509.986828, 5.062830, -0.493019, 0.284998
1645526510.086797, 5.063365, -0.492873, 0.230718
1645526510.206873, 5.053409, -0.495380, 0.162854
1645526510.305814, 5.053873, -0.495316, 0.112938
1645526510.405731, 5.054213, -0.495284, 0.055866
1645526510.485804, 5.054554, -0.495270, 0.008916
1645526510.544708, 5.054767, -0.495271, -0.022674
1645526510.704531, 5.051419, -0.496065, -0.107084
1645526510.804564, 5.055266, -0.496573, -0.169567
1645526510.883615, 5.060043, -0.497469, -0.213899
1645526511.003525, 5.073032, -0.497597, -0.284953
1645526511.123378, 5.081821, -0.500489, -0.356162
1645526511.183429, 5.087989, -0.502863, -0.390022
1645526511.302449, 5.098808, -0.507806, -0.473623
1645526511.402410, 5.113697, -0.512337, -0.535353
1645526511.482527, 5.119527, -0.515962, -0.590680
1645526511.602204, 5.130515, -0.523833, -0.659272
1645526511.702144, 5.137250, -0.529404, -0.728910
1645526511.801051, 5.130760, -0.538647, -0.794374
1645526511.881309, 5.139545, -0.547947, -0.846210
1645526511.980966, 5.150200, -0.560657, -0.910787
1645526512.060912, 5.157945, -0.571000, -0.955293
1645526512.199903, 5.169103, -0.591404, -1.055794
1645526512.299929, 5.176703, -0.605762, -1.119673
1645526512.379949, 5.182168, -0.617611, -1.174302
1645526512.499882, 5.189224, -0.636048, -1.251794
1645526512.598714, 5.190636, -0.657248, -1.315271
1645526512.698833, 5.194339, -0.673371, -1.385084
1645526512.818896, 5.197363, -0.692836, -1.462751
1645526512.878759, 5.198319, -0.702811, -1.500101
1645526512.998733, 5.197267, -0.723221, -1.580839
1645526513.117562, 5.196420, -0.743369, -1.657459
1645526513.197446, 5.195033, -0.756601, -1.705456
1645526513.297553, 5.192304, -0.773178, -1.772476
1645526513.397373, 5.188465, -0.789795, -1.837926
1645526513.476382, 5.186001, -0.801047, -1.888104
1645526513.616383, 5.177785, -0.823420, -1.966993
1645526513.716193, 5.170794, -0.838977, -2.026857
1645526513.756158, 5.165615, -0.846525, -2.048136
1645526513.895118, 5.154030, -0.867257, -2.119869
1645526513.975201, 5.146741, -0.878691, -2.167866
1645526514.095134, 5.134689, -0.895602, -2.218131
1645526514.195006, 5.123949, -0.909453, -2.250245
1645526514.294044, 5.108519, -0.917657, -2.296415
1645526514.413867, 5.094226, -0.933189, -2.341793
1645526514.473996, 5.086923, -0.940601, -2.362912
1645526514.612900, 5.068944, -0.957522, -2.415097
1645526514.713021, 5.055700, -0.968936, -2.451575
1645526514.793725, 5.044729, -0.977819, -2.480023
1645526514.892884, 5.029027, -0.989091, -2.513270
1645526514.992808, 5.020376, -0.995248, -2.546780
1645526515.092966, 5.019705, -0.995702, -2.553762
1645526515.191881, 5.019812, -0.995631, -2.553064
1645526515.311998, 5.019812, -0.995631, -2.553413
1645526515.391651, 5.019812, -0.995631, -2.553413
1645526515.451541, 5.019812, -0.995631, -2.553413
1645526515.610482, 5.019812, -0.995631, -2.553413
1645526515.690291, 5.019812, -0.995631, -2.553238
1645526515.790422, 5.017045, -0.997478, -2.553064
1645526515.890269, 5.010925, -1.001522, -2.565804
1645526515.990146, 5.000141, -1.008484, -2.571564
1645526516.029047, 4.995759, -1.011290, -2.573309
1645526516.289053, 4.974559, -1.024601, -2.587446
1645526516.409009, 4.961188, -1.032652, -2.613975
1645526516.508041, 4.950384, -1.038929, -2.619037
1645526516.608192, 4.942875, -1.043238, -2.622179
1645526516.707873, 4.934170, -1.048204, -2.628287
1645526516.807868, 4.924423, -1.053667, -2.632127
1645526516.886864, 4.917570, -1.057489, -2.634047
1645526517.006810, 4.904037, -1.065005, -2.636141
1645526517.106679, 4.893515, -1.070830, -2.637363
1645526517.205875, 4.884204, -1.075934, -2.645566
1645526517.305704, 4.871259, -1.082837, -2.658656
1645526517.405685, 4.857654, -1.089950, -2.660227
1645526517.505644, 4.843976, -1.097109, -2.654293
1645526517.604728, 4.830816, -1.104240, -2.631254
1645526517.704577, 4.833746, -1.108787, -2.629341
1645526517.825333, 4.825902, -1.113196, -2.621313
1645526517.904446, 4.818107, -1.117776, -2.593562
1645526518.004329, 4.806073, -1.125235, -2.582741
1645526518.104347, 4.792726, -1.133731, -2.553419
1645526518.183452, 4.782379, -1.140735, -2.537886
1645526518.263170, 4.771957, -1.148007, -2.522876
1645526518.283144, 4.769247, -1.149937, -2.519036
1645526518.323187, 4.764092, -1.153651, -2.512404
1645526518.443011, 4.748213, -1.165387, -2.494951
1645526518.882005, 4.698417, -1.204776, -2.443114
1645526519.040935, 4.686307, -1.215091, -2.421472
1645526519.081121, 4.682114, -1.218191, -2.412784
1645526519.320688, 4.655189, -1.243216, -2.379099
1645526519.898629, 4.606353, -1.292239, -2.305796
1645526520.417286, 4.591903, -1.308323, -2.300211
1645526521.094967, 4.591903, -1.308323, -2.300909
1645526521.593802, 4.591903, -1.308323, -2.300909
1645526522.690324, 4.591903, -1.308323, -2.300909
1645526523.388811, 4.591903, -1.308323, -2.300909
1645526523.508087, 4.591903, -1.308323, -2.300909
1645526523.587765, 4.591903, -1.308323, -2.301083
1645526523.687811, 4.589798, -1.310674, -2.301083
1645526523.787723, 4.584365, -1.316800, -2.280139
1645526523.867806, 4.578320, -1.323975, -2.264606
1645526524.006749, 4.571092, -1.332662, -2.261988
1645526524.106824, 4.562603, -1.343018, -2.251341
1645526524.186674, 4.555533, -1.351780, -2.248025
1645526524.306625, 4.547972, -1.361187, -2.247676
1645526524.405434, 4.539957, -1.371213, -2.240695
1645526524.485559, 4.533308, -1.379656, -2.229350
1645526524.605639, 4.530318, -1.383544, -2.222020
1645526524.685315, 4.531847, -1.388292, -2.202152
1645526524.784310, 4.527998, -1.393718, -2.167420
1645526524.904302, 4.526804, -1.395536, -2.138796
1645526524.984231, 4.524711, -1.398854, -2.122041
1645526525.124158, 4.518105, -1.409811, -2.117329
1645526525.184164, 4.514317, -1.416042, -2.115758
1645526525.284196, 4.507178, -1.427773, -2.129371
1645526525.383099, 4.501570, -1.436638, -2.138971
1645526525.483079, 4.497097, -1.443598, -2.152061
1645526525.582973, 4.489807, -1.454421, -2.177193
1645526525.702056, 4.479169, -1.469515, -2.206340
1645526525.781992, 4.471672, -1.479350, -2.238280
1645526525.881837, 4.461957, -1.491456, -2.271092
1645526526.001931, 4.449739, -1.505300, -2.318391
1645526526.100903, 4.439140, -1.516464, -2.353123
1645526526.200833, 4.427809, -1.527444, -2.395534
1645526526.300791, 4.409217, -1.537147, -2.449007
1645526526.419559, 4.395158, -1.548311, -2.493862
1645526526.519532, 4.382381, -1.557641, -2.533830
1645526526.580574, 4.374536, -1.563016, -2.558614
1645526526.699423, 4.358601, -1.573082, -2.605039
1645526526.799587, 4.345899, -1.579367, -2.640986
1645526526.879293, 4.334836, -1.585264, -2.673275
1645526526.998589, 4.317672, -1.593555, -2.718129
1645526527.118484, 4.299980, -1.601094, -2.766126
1645526527.198238, 4.287895, -1.605668, -2.799811
1645526527.298256, 4.272511, -1.610892, -2.838557
1645526527.397180, 4.260506, -1.610479, -2.880408
1645526527.497152, 4.244903, -1.614354, -2.920900
1645526527.617156, 4.225563, -1.618323, -2.963311
1645526527.696186, 4.212821, -1.620470, -2.994727
1645526527.796120, 4.196708, -1.622554, -3.035568
1645526527.895999, 4.180362, -1.624080, -3.069253
1645526528.016005, 4.167258, -1.614314, -3.117833
1645526528.114843, 4.150714, -1.614529, 3.138300
1645526528.194841, 4.137453, -1.614335, 3.108106
1645526528.295703, 4.120797, -1.613556, 3.076341
1645526528.394731, 4.104255, -1.612309, 3.052255
1645526528.494900, 4.087536, -1.610642, 3.026599
1645526528.594578, 4.070908, -1.608542, 2.995532
1645526528.693538, 4.052257, -1.603108, 2.966819
1645526528.793627, 4.035580, -1.599954, 2.938545
1645526528.893464, 4.019239, -1.596430, 2.916030
1645526528.993429, 4.005171, -1.593098, 2.895959
1645526529.092539, 3.996547, -1.590849, 2.871175
1645526529.212263, 3.989304, -1.588727, 2.815499
1645526529.292412, 3.989062, -1.588645, 2.806249
1645526529.392403, 3.989303, -1.588729, 2.806249
1645526529.511207, 3.989303, -1.588729, 2.806598
1645526529.592203, 3.989303, -1.588729, 2.807122
1645526529.691109, 3.989303, -1.588729, 2.806947
1645526529.791178, 3.989303, -1.588729, 2.806598
1645526529.891071, 3.989303, -1.588729, 2.806773
1645526530.010002, 3.989303, -1.588729, 2.806773
1645526530.069946, 3.989303, -1.588729, 2.806773
1645526530.209967, 3.989303, -1.588729, 2.806773
1645526530.289870, 3.989303, -1.588729, 2.806773
1645526530.409090, 3.989303, -1.588729, 2.806773
1645526530.508896, 3.989303, -1.588729, 2.806773
1645526530.588815, 3.989303, -1.588729, 2.806773
1645526530.688877, 3.989303, -1.588729, 2.806773
1645526530.788733, 3.989303, -1.588729, 2.806773
1645526530.907588, 3.989303, -1.588729, 2.806773
1645526531.007806, 3.989303, -1.588729, 2.806773
1645526531.087743, 3.989303, -1.588729, 2.806773
1645526531.187533, 3.989303, -1.588729, 2.806773
1645526531.307636, 3.989303, -1.588729, 2.806773
1645526531.406538, 3.989303, -1.588729, 2.806773
1645526531.506396, 3.989303, -1.588729, 2.806773
1645526531.606419, 3.989303, -1.588729, 2.806773
1645526531.685412, 3.989303, -1.588729, 2.806773
1645526531.785213, 3.989303, -1.588729, 2.806773
1645526531.925220, 3.989303, -1.588729, 2.806773
1645526531.965029, 3.989303, -1.588729, 2.806773
1645526532.065268, 3.989303, -1.588729, 2.806773
1645526532.185118, 3.989303, -1.588729, 2.806773
1645526532.303983, 3.989303, -1.588729, 2.806773
1645526532.384037, 3.987692, -1.588168, 2.806773
1645526532.483957, 3.982859, -1.586488, 2.821783
1645526532.603910, 3.982128, -1.586253, 2.828938
1645526532.702904, 3.979611, -1.585442, 2.835396
1645526532.802752, 3.972430, -1.583258, 2.859307
1645526532.902931, 3.963070, -1.580628, 2.886011
1645526533.001706, 3.950066, -1.577435, 2.926851
1645526533.082795, 3.938609, -1.575141, 2.969961
1645526533.201569, 3.921029, -1.572475, 3.026161
1645526533.281708, 3.909446, -1.571311, 3.066827
1645526533.420503, 3.888573, -1.570421, 3.138036
1645526533.520532, 3.873692, -1.570653, -3.101690
1645526533.601436, 3.862241, -1.571985, -3.068713
1645526533.700491, 3.847329, -1.573276, -3.037646
1645526533.780466, 3.835169, -1.574661, -3.012339
1645526533.879297, 3.819924, -1.576806, -2.988079
1645526533.999385, 3.801579, -1.579833, -2.974989
1645526534.099274, 3.786566, -1.582367, -2.974291
1645526534.199263, 3.771053, -1.585007, -2.970102
1645526534.299233, 3.755924, -1.587615, -2.974291
1645526534.418116, 3.737071, -1.590711, -2.987555
1645526534.517991, 3.721563, -1.593121, -2.987381
1645526534.597957, 3.709254, -1.595007, -2.993315
1645526534.697970, 3.693387, -1.597319, -3.005183
1645526534.797959, 3.677658, -1.599389, -3.018797
1645526534.916926, 3.662517, -1.597181, -3.060962
1645526534.997124, 3.650182, -1.598062, -3.082779
1645526535.097027, 3.633912, -1.598894, -3.095694
1645526535.196956, 3.617592, -1.599542, -3.119954
1645526535.315878, 3.598275, -1.599769, -3.133044
1645526535.355925, 3.591878, -1.599815, -3.138804
1645526535.495594, 3.569152, -1.599497, 3.110522
1645526535.595747, 3.552617, -1.598878, 3.086611
1645526535.694634, 3.536711, -1.597706, 3.052403
1645526535.794534, 3.522544, -1.592188, 3.012146
1645526535.914582, 3.503233, -1.589269, 2.968513
1645526535.994511, 3.490276, -1.586866, 2.936574
1645526536.114228, 3.471072, -1.582293, 2.871473
1645526536.194432, 3.458459, -1.578630, 2.834123
1645526536.273239, 3.446076, -1.574514, 2.799391
1645526536.293453, 3.441698, -1.569168, 2.787649
1645526536.433198, 3.420344, -1.560557, 2.721152
1645526536.452330, 3.417424, -1.559252, 2.711553
1645526536.712030, 3.379576, -1.539103, 2.589729
1645526536.792122, 3.368208, -1.531866, 2.547666
1645526536.832216, 3.362677, -1.528094, 2.529166
1645526536.851968, 3.366342, -1.521048, 2.519192
1645526537.052067, 3.339782, -1.500135, 2.419534
1645526537.090921, 3.334620, -1.495543, 2.399811
1645526537.130837, 3.336035, -1.484173, 2.380243
1645526537.409649, 3.306255, -1.452384, 2.266447
1645526537.490724, 3.299430, -1.444084, 2.238173
1645526537.689704, 3.284697, -1.424273, 2.188256
1645526537.729638, 3.282429, -1.421072, 2.183544
1645526537.888440, 3.269424, -1.402326, 2.165916
1645526537.948447, 3.264181, -1.394443, 2.147067
1645526538.088478, 3.252121, -1.375479, 2.111811
1645526538.187604, 3.251136, -1.362178, 2.094887
1645526538.287658, 3.244745, -1.350850, 2.073071
1645526538.307332, 3.243082, -1.347822, 2.068009
1645526538.367555, 3.238046, -1.338377, 2.042702
1645526538.407309, 3.235139, -1.332631, 2.029437
1645526538.447925, 3.231969, -1.326159, 2.017918
1645526538.487470, 3.228778, -1.319459, 2.006574
1645526538.527284, 3.226499, -1.314546, 1.999941
1645526538.566467, 3.223955, -1.308957, 1.993135
1645526538.606190, 3.221253, -1.302924, 1.987724
1645526538.627414, 3.219923, -1.299922, 1.981790
1645526538.646419, 3.218577, -1.296833, 1.975856
1645526538.806156, 3.211902, -1.276891, 1.942192
1645526539.025172, 3.202554, -1.251116, 1.889832
1645526539.644819, 3.189375, -1.198377, 1.688596
1645526540.701349, 3.191857, -1.181288, 1.656827
1645526540.800359, 3.191857, -1.181288, 1.656827
1645526540.900276, 3.191857, -1.181288, 1.656827
1645526541.000257, 3.191857, -1.181288, 1.656827
1645526541.100213, 3.191824, -1.180906, 1.656827
1645526541.199178, 3.191797, -1.180609, 1.667124
1645526541.299096, 3.191751, -1.180142, 1.673757
1645526541.419113, 3.191671, -1.179421, 1.693479
1645526541.499013, 3.191613, -1.178956, 1.700809
1645526541.618013, 3.191568, -1.178617, 1.730654
1645526541.697897, 3.191560, -1.178576, 1.741301
1645526541.798859, 3.191477, -1.178114, 1.776033
1645526541.897870, 3.191396, -1.177739, 1.790345
1645526541.997807, 3.191369, -1.177614, 1.820888
1645526542.096739, 3.191267, -1.177244, 1.847940
1645526542.196684, 3.194061, -1.175917, 1.870481
1645526542.296630, 3.194009, -1.175755, 1.892996
1645526542.396650, 3.193927, -1.175513, 1.927728
1645526542.495517, 3.193789, -1.175154, 1.947625
1645526542.595508, 3.193647, -1.174798, 1.980437
1645526542.695412, 3.193524, -1.174526, 2.010107
1645526542.795483, 3.193340, -1.174141, 2.039080
1645526542.894345, 3.193182, -1.173839, 2.067180
1645526542.994512, 3.194648, -1.173888, 2.104248
1645526543.094198, 3.194316, -1.173341, 2.139853
1645526543.134525, 3.194293, -1.173305, 2.153816
1645526543.294139, 3.193742, -1.172546, 2.216124
1645526543.394276, 3.193170, -1.171802, 2.243176
1645526543.514247, 3.192471, -1.170942, 2.280003
1645526543.593059, 3.192218, -1.170653, 2.301645
1645526543.693065, 3.192104, -1.170525, 2.340566
1645526543.793144, 3.187565, -1.173133, 2.380870
1645526543.891997, 3.187505, -1.173072, 2.419966
1645526544.011833, 3.187340, -1.172938, 2.472500
1645526544.091953, 3.187374, -1.172963, 2.509501
1645526544.210724, 3.188045, -1.175319, 2.560055
1645526544.271039, 3.188153, -1.175388, 2.588679
1645526544.390784, 3.187820, -1.175197, 2.643307
1645526544.510778, 3.187515, -1.175044, 2.691653
1645526544.609509, 3.187362, -1.174969, 2.732843
1645526544.709639, 3.188853, -1.170481, 2.777346
1645526544.769657, 3.188973, -1.170525, 2.805271
1645526544.869982, 3.188810, -1.170476, 2.850825
1645526545.009494, 3.188851, -1.170488, 2.913656
1645526545.108516, 3.188935, -1.170502, 2.964096
1645526545.188497, 3.186645, -1.175683, 2.996929
1645526545.288453, 3.186688, -1.175687, 3.048242
1645526545.388557, 3.186390, -1.175665, 3.095540
1645526545.487525, 3.186603, -1.175671, 3.134810
1645526545.587615, 3.186603, -1.175668, -3.094445
1645526545.668367, 3.185005, -1.174311, -3.059875
1645526545.767296, 3.184962, -1.174311, -3.012577
1645526545.886221, 3.184878, -1.174325, -2.953061
1645526546.006007, 3.184837, -1.174338, -2.896512
1645526546.107072, 3.185084, -1.174270, -2.842931
1645526546.226061, 3.189009, -1.173739, -2.776407
1645526546.305916, 3.189603, -1.173502, -2.725793
1645526546.424944, 3.189219, -1.173687, -2.667149
1645526546.485073, 3.189105, -1.173747, -2.642715
1645526546.564957, 3.188993, -1.170949, -2.594139
1645526546.684799, 3.189099, -1.170876, -2.534972
1645526546.763936, 3.188994, -1.170950, -2.498320
1645526546.863981, 3.188927, -1.171003, -2.445262
1645526546.964749, 3.189217, -1.170752, -2.408785
1645526547.083810, 3.189217, -1.170752, -2.416639
1645526547.182771, 3.189217, -1.170752, -2.416813
1645526547.282701, 3.189217, -1.170752, -2.416813
1645526547.422654, 3.189217, -1.170752, -2.417162
1645526547.502644, 3.189217, -1.170752, -2.416988
1645526547.601543, 3.189217, -1.170752, -2.416988
1645526547.702700, 3.189217, -1.170752, -2.416988
1645526547.761410, 3.189217, -1.170752, -2.416988
1645526547.901335, 3.189217, -1.170752, -2.416988
1645526548.001275, 3.189217, -1.170752, -2.416988
1645526548.101442, 3.189153, -1.170808, -2.417162
1645526548.200061, 3.189090, -1.170865, -2.404596
1645526548.300193, 3.189121, -1.170836, -2.388888
1645526548.420357, 3.190010, -1.167429, -2.367334
1645526548.479027, 3.189858, -1.167579, -2.357561
1645526548.598950, 3.189619, -1.167822, -2.330508
1645526548.699005, 3.189704, -1.167727, -2.299092
1645526548.818930, 3.189509, -1.167952, -2.257902
1645526548.917927, 3.189454, -1.168018, -2.226312
1645526548.978842, 3.189326, -1.168188, -2.204321
1645526549.097880, 3.189224, -1.168325, -2.162782
1645526549.197805, 3.194758, -1.165193, -2.125149
1645526549.297767, 3.194582, -1.165485, -2.092163
1645526549.356700, 3.194687, -1.165300, -2.075058
1645526549.496662, 3.194573, -1.165529, -2.032996
1645526549.596645, 3.194553, -1.165567, -2.007689
1645526549.696767, 3.194677, -1.165295, -1.982032
1645526549.775551, 3.194661, -1.165335, -1.963881
1645526549.895617, 3.194517, -1.165690, -1.941192
1645526549.935373, 3.197708, -1.166597, -1.931449
1645526550.095421, 3.197769, -1.166438, -1.896891
1645526550.194230, 3.197663, -1.166762, -1.876122
1645526550.314553, 3.197648, -1.166802, -1.849767
1645526550.414295, 3.197728, -1.166514, -1.828125
1645526550.474296, 3.197727, -1.166514, -1.814163
1645526550.614169, 3.197628, -1.166929, -1.783619
1645526550.713197, 3.197628, -1.166929, -1.781001
1645526550.793052, 3.197628, -1.166929, -1.780303
1645526550.893070, 3.197628, -1.166929, -1.780652
1645526550.992979, 3.197628, -1.166929, -1.780303
1645526551.112938, 3.197628, -1.166929, -1.780129
1645526551.211925, 3.197628, -1.166929, -1.780129
1645526551.291883, 3.197628, -1.166929, -1.780129
1645526551.391822, 3.197628, -1.166929, -1.780129
1645526551.490847, 3.197628, -1.166929, -1.780129
1645526551.611794, 3.197628, -1.166929, -1.780129
1645526551.710649, 3.197628, -1.166929, -1.780129
1645526551.810754, 3.197628, -1.166929, -1.780129
1645526551.890738, 3.197628, -1.166929, -1.780129
1645526551.990770, 3.197628, -1.166929, -1.780129
1645526552.089489, 3.197628, -1.166929, -1.780129
1645526552.209451, 3.197628, -1.166929, -1.780129
1645526552.309526, 3.197628, -1.166929, -1.780129
1645526552.388442, 3.197628, -1.166929, -1.780129
1645526552.488362, 3.197628, -1.166929, -1.780129
1645526552.568588, 3.197628, -1.166929, -1.780129
1645526552.708312, 3.197628, -1.166929, -1.780129
1645526552.807245, 3.197628, -1.166929, -1.780129
1645526552.907296, 3.197628, -1.166929, -1.780129
1645526553.007364, 3.197628, -1.166929, -1.780129
1645526553.107151, 3.197628, -1.166929, -1.780129
1645526553.206053, 3.197628, -1.166929, -1.780129
1645526553.267124, 3.197628, -1.166929, -1.780129
1645526553.406929, 3.197628, -1.166929, -1.780129
1645526553.485995, 3.197628, -1.166929, -1.780129
1645526553.605956, 3.197628, -1.166929, -1.780129
1645526553.665053, 3.197628, -1.166929, -1.780129
1645526553.824995, 3.197628, -1.166929, -1.780129
1645526553.964757, 3.197628, -1.166929, -1.780129
1645526554.083635, 3.197628, -1.166929, -1.780129
1645526554.183682, 3.197628, -1.166929, -1.780129
1645526554.243751, 3.197628, -1.166929, -1.780129
1645526554.263603, 3.197628, -1.166929, -1.780129
1645526554.563502, 3.197628, -1.166929, -1.780129
1645526554.622632, 3.197628, -1.166929, -1.780129
1645526554.642684, 3.197628, -1.166929, -1.780129
1645526554.682537, 3.197628, -1.166929, -1.780129
1645526554.722508, 3.197628, -1.166929, -1.780129
1645526554.762649, 3.197628, -1.166929, -1.780129
1645526554.882653, 3.197628, -1.166929, -1.780129
1645526554.941564, 3.197628, -1.166929, -1.780129
1645526555.061368, 3.197628, -1.166929, -1.780129
1645526555.142494, 3.197628, -1.166929, -1.780129
1645526555.281251, 3.197628, -1.166929, -1.780129
1645526555.341380, 3.197628, -1.166929, -1.780129
1645526555.380401, 3.197628, -1.166929, -1.780129
1645526555.460247, 3.197628, -1.166929, -1.780129
1645526555.540153, 3.197628, -1.166929, -1.780129
1645526555.740265, 3.197628, -1.166929, -1.780129
1645526555.818905, 3.197628, -1.166929, -1.780129
1645526556.217848, 3.197628, -1.166929, -1.780129
1645526556.457799, 3.197628, -1.166929, -1.780129
1645526557.075578, 3.197628, -1.166929, -1.780129
1645526558.153079, 3.197628, -1.166929, -1.780129
1645526558.790765, 3.197628, -1.166929, -1.780129
1645526558.910682, 3.197628, -1.166929, -1.780129
1645526558.990606, 3.197628, -1.166929, -1.780129
1645526559.129647, 3.197628, -1.166929, -1.780129
1645526559.209622, 3.197628, -1.166929, -1.780129
1645526559.289594, 3.197628, -1.166929, -1.780129
1645526559.389656, 3.197628, -1.166929, -1.780129
1645526559.489765, 3.197628, -1.166929, -1.780129
1645526559.589522, 3.197628, -1.166929, -1.780129
1645526559.708455, 3.197628, -1.166929, -1.780129
1645526559.808443, 3.197628, -1.166929, -1.780129
1645526559.868408, 3.197628, -1.166929, -1.780129
1645526559.967226, 3.197628, -1.166929, -1.780129
1645526560.107385, 3.197628, -1.166929, -1.780129
1645526560.207361, 3.197628, -1.166929, -1.780129
1645526560.307225, 3.197628, -1.166929, -1.780129
1645526560.406115, 3.197628, -1.166929, -1.780129
1645526560.486080, 3.197628, -1.166929, -1.780129
1645526560.605950, 3.197628, -1.166929, -1.780129
1645526560.686010, 3.197628, -1.166929, -1.780129
1645526560.805071, 3.197628, -1.166929, -1.780129
1645526560.904968, 3.197628, -1.166929, -1.780129
1645526561.004835, 3.197628, -1.166929, -1.780129
1645526561.084982, 3.197628, -1.166929, -1.780129
1645526561.184951, 3.197628, -1.166929, -1.780129
1645526561.283714, 3.197628, -1.166929, -1.780129
1645526561.403610, 3.197628, -1.166929, -1.780129
1645526561.523639, 3.197628, -1.166929, -1.780129
1645526561.583649, 3.197628, -1.166929, -1.780129
1645526561.702843, 3.197628, -1.166929, -1.780129
1645526561.782642, 3.197628, -1.166929, -1.780129
1645526561.883462, 3.197628, -1.166929, -1.780129
1645526561.962267, 3.197628, -1.166929, -1.780129
1645526562.101548, 3.197628, -1.166929, -1.780129
1645526562.221468, 3.197628, -1.166929, -1.780303
1645526562.281405, 3.197194, -1.168973, -1.780303
1645526562.401348, 3.195322, -1.177513, -1.798106
1645526562.501305, 3.192530, -1.189122, -1.818526
1645526562.601201, 3.188922, -1.202945, -1.845229
1645526562.700400, 3.184752, -1.216876, -1.885372
1645526562.820182, 3.178999, -1.233521, -1.935288
1645526562.900312, 3.174719, -1.244256, -1.977351
1645526562.979130, 3.169897, -1.255039, -2.016446
1645526563.099072, 3.161848, -1.270846, -2.074391
1645526563.179923, 3.156000, -1.281109, -2.116105
1645526563.318899, 3.152976, -1.285976, -2.168576
1645526563.417913, 3.153551, -1.285129, -2.162991
1645526563.477952, 3.153622, -1.285023, -2.158453
1645526563.598875, 3.153693, -1.284916, -2.159151
1645526563.697997, 3.153717, -1.284881, -2.158104
1645526563.797809, 3.153717, -1.284881, -2.157755
1645526563.916830, 3.153717, -1.284881, -2.157755
1645526563.996846, 3.153717, -1.284881, -2.157755
1645526564.096623, 3.153717, -1.284881, -2.157580
1645526564.196516, 3.151072, -1.288858, -2.161071
1645526564.316684, 3.147146, -1.294594, -2.182888
1645526564.395564, 3.142446, -1.301247, -2.192312
1645526564.495436, 3.136083, -1.309854, -2.228092
1645526564.595289, 3.127725, -1.320479, -2.255493
1645526564.714261, 3.116470, -1.333520, -2.313264
1645526564.794389, 3.108367, -1.342175, -2.338222
1645526564.914392, 3.097145, -1.351564, -2.376742
1645526564.974192, 3.090560, -1.357821, -2.392275
1645526565.113225, 3.075023, -1.371857, -2.424564
1645526565.213178, 3.063519, -1.381697, -2.448824
1645526565.313033, 3.051785, -1.391263, -2.469942
1645526565.393187, 3.042149, -1.398809, -2.488617
1645526565.492999, 3.029858, -1.408008, -2.515146
1645526565.592242, 3.017303, -1.416992, -2.527538
1645526565.691935, 3.004564, -1.425862, -2.541850
1645526565.792002, 2.991622, -1.434586, -2.557558
1645526565.911747, 2.977427, -1.440314, -2.575930
1645526566.010812, 2.964244, -1.448592, -2.589020
1645526566.090647, 2.953395, -1.455210, -2.601412
1645526566.210700, 2.936968, -1.464965, -2.611186
1645526566.291051, 2.925995, -1.471376, -2.615375
1645526566.410685, 2.909303, -1.480931, -2.629687
1645526566.509642, 2.895328, -1.488705, -2.641031
1645526566.610632, 2.881016, -1.496487, -2.649409
1645526566.709583, 2.866930, -1.503969, -2.658659
1645526566.809386, 2.852382, -1.511488, -2.672273
1645526566.909440, 2.837883, -1.518820, -2.675414
1645526567.008568, 2.823283, -1.526143, -2.679079
1645526567.108493, 2.808610, -1.533416, -2.685363
1645526567.188319, 2.796730, -1.539215, -2.692344
1645526567.288201, 2.781762, -1.546368, -2.700721
1645526567.368383, 2.767671, -1.554180, -2.713683
1645526567.507121, 2.745804, -1.563989, -2.725028
1645526567.627979, 2.727668, -1.572009, -2.725203
1645526567.707001, 2.715382, -1.577442, -2.725377
1645526567.806944, 2.699937, -1.584274, -2.725203
1645526567.906970, 2.684532, -1.591089, -2.725028
1645526568.005931, 2.669010, -1.597954, -2.725726
1645526568.105852, 2.653443, -1.604826, -2.726075
1645526568.185840, 2.641034, -1.610296, -2.726773
1645526568.304991, 2.622299, -1.618544, -2.727122
1645526568.384705, 2.609845, -1.624018, -2.728693
1645526568.485773, 2.594199, -1.630816, -2.737420
1645526568.604924, 2.575229, -1.638841, -2.746670
1645526568.703764, 2.560285, -1.640279, -2.754655
1645526568.803668, 2.545264, -1.646358, -2.758669
1645526568.883839, 2.532248, -1.651597, -2.759018
1645526569.003422, 2.512783, -1.659431, -2.759018
1645526569.083711, 2.499766, -1.664667, -2.759367
1645526569.203505, 2.480215, -1.672514, -2.760938
1645526569.302439, 2.463938, -1.679015, -2.761985
1645526569.382442, 2.450906, -1.684213, -2.762160
1645526569.502456, 2.431377, -1.692001, -2.761811
1645526569.601300, 2.418069, -1.697314, -2.762160
1645526569.721328, 2.399366, -1.704869, -2.748197
1645526569.801220, 2.386441, -1.710219, -2.755528
1645526569.901183, 2.370660, -1.716582, -2.759716
1645526570.000120, 2.356600, -1.719911, -2.769540
1645526570.080035, 2.345253, -1.724264, -2.783503
1645526570.180210, 2.332034, -1.729216, -2.781757
1645526570.279957, 2.319422, -1.733963, -2.781234
1645526570.400172, 2.305421, -1.739260, -2.780012
1645526570.498909, 2.295325, -1.743064, -2.782106
1645526570.598840, 2.284267, -1.747221, -2.780885
1645526570.698797, 2.274055, -1.751081, -2.780710
1645526570.798888, 2.264643, -1.754646, -2.777743
1645526570.897744, 2.255001, -1.758325, -2.775649
1645526570.997824, 2.245962, -1.761791, -2.775474
1645526571.117909, 2.229278, -1.768189, -2.776172
1645526571.157680, 2.222745, -1.770686, -2.778441
1645526571.296662, 2.199818, -1.779385, -2.780361
1645526571.377605, 2.187249, -1.784127, -2.781408
1645526571.497536, 2.175947, -1.788359, -2.791008
1645526571.596438, 2.174143, -1.789012, -2.805843
1645526571.696580, 2.172119, -1.789685, -2.839004
1645526571.816512, 2.170278, -1.790226, -2.879845
1645526571.895387, 2.168996, -1.790549, -2.915799
1645526571.995448, 2.167161, -1.790936, -2.963970
1645526572.095308, 2.166845, -1.789904, -3.011890
1645526572.194357, 2.165107, -1.790100, -3.053952
1645526572.274188, 2.163746, -1.790197, -3.095491
1645526572.314161, 2.163150, -1.790222, -3.113293
1645526572.474456, 2.160677, -1.790201, 3.091003
1645526572.514131, 2.159996, -1.790162, 3.066568
1645526572.573950, 2.159146, -1.790090, 3.038294
1645526572.593964, 2.158806, -1.790055, 3.027822
1645526572.633797, 2.158256, -1.789990, 3.004609
1645526572.673974, 2.157580, -1.789895, 2.987680
1645526572.713190, 2.157033, -1.789807, 2.968132
1645526572.753184, 2.156403, -1.789694, 2.949282
1645526572.793196, 2.159102, -1.783167, 2.924056
1645526572.833008, 2.158603, -1.783054, 2.905032
1645526572.853025, 2.158229, -1.782964, 2.895607
1645526572.893010, 2.157692, -1.782827, 2.878153
1645526572.932934, 2.157116, -1.782669, 2.855115
1645526572.972949, 2.156504, -1.782485, 2.833997
1645526573.052182, 2.155411, -1.782122, 2.797519
1645526573.132930, 2.154494, -1.781776, 2.757202
1645526573.212981, 2.149211, -1.780371, 2.710820
1645526573.411784, 2.146898, -1.779183, 2.611510
1645526573.531698, 2.145483, -1.778308, 2.549202
1645526573.890604, 2.141928, -1.775459, 2.369608
1645526574.289494, 2.140544, -1.774009, 2.261746
1645526575.047042, 2.140544, -1.774009, 2.261223
1645526576.563470, 2.140544, -1.774009, 2.261223
1645526576.642257, 2.140544, -1.774009, 2.261223
1645526576.782488, 2.141735, -1.772888, 2.260339
1645526576.882291, 2.141735, -1.772888, 2.260339
1645526577.002282, 2.141735, -1.772888, 2.260339
1645526577.101285, 2.146035, -1.769832, 2.260875
1645526577.180953, 2.146035, -1.769832, 2.260875
1645526577.301072, 2.146035, -1.769832, 2.260875
1645526577.401133, 2.146035, -1.769832, 2.260875
1645526577.500078, 2.146035, -1.769832, 2.261050
1645526577.600206, 2.146252, -1.770095, 2.257384
1645526577.700099, 2.146521, -1.770426, 2.245691
1645526577.778910, 2.146574, -1.770493, 2.235742
1645526577.878730, 2.146444, -1.770325, 2.212704
1645526577.998789, 2.146670, -1.770635, 2.188269
1645526578.098702, 2.147588, -1.768449, 2.164549
1645526578.217911, 2.147494, -1.768307, 2.135752
1645526578.258845, 2.147539, -1.768379, 2.120044
1645526578.397748, 2.147825, -1.768854, 2.090897
1645526578.497631, 2.147764, -1.768742, 2.055990
1645526578.597485, 2.147918, -1.769046, 2.026319
1645526578.716548, 2.147811, -1.768814, 1.983908
1645526578.796648, 2.147771, -1.769327, 1.953956
1645526578.896275, 2.147896, -1.769644, 1.920271
1645526578.996337, 2.148009, -1.769966, 1.876638
1645526579.096563, 2.148171, -1.770496, 1.841732
1645526579.195538, 2.148226, -1.770702, 1.803509
1645526579.275545, 2.148292, -1.770993, 1.772791
1645526579.375493, 2.147528, -1.770681, 1.770372
1645526579.514257, 2.147528, -1.770681, 1.770197
1645526579.614292, 2.147528, -1.770681, 1.770197
1645526579.714226, 2.147528, -1.770681, 1.770197
1645526579.794146, 2.147528, -1.770681, 1.770197
1645526579.893898, 2.147528, -1.770681, 1.770197
1645526579.993277, 2.147629, -1.771182, 1.770546
1645526580.112921, 2.147853, -1.772312, 1.757805
1645526580.193169, 2.147907, -1.772606, 1.747682
1645526580.313021, 2.147994, -1.773110, 1.735640
1645526580.371924, 2.148015, -1.773236, 1.727960
1645526580.492004, 2.148086, -1.773700, 1.707540
1645526580.571733, 2.148103, -1.773827, 1.686421
1645526580.611801, 2.148122, -1.773996, 1.679440
1645526580.790598, 2.148142, -1.774208, 1.640519
1645526580.890680, 2.148127, -1.773953, 1.609103
1645526580.970642, 2.148133, -1.774123, 1.589032
1645526581.090667, 2.148137, -1.774081, 1.547668
1645526581.209589, 2.147968, -1.763442, 1.509497
1645526581.309506, 2.147966, -1.763485, 1.474765
1645526581.390575, 2.147990, -1.763273, 1.448760
1645526581.609405, 2.147940, -1.763654, 1.394306
1645526581.689324, 2.147963, -1.763528, 1.368998
1645526581.788416, 2.147927, -1.763695, 1.350847
1645526581.868351, 2.147888, -1.763861, 1.331648
1645526582.008118, 2.146931, -1.765285, 1.299465
1645526582.087054, 2.146896, -1.765408, 1.285851
1645526582.187106, 2.146834, -1.765613, 1.265605
1645526582.286953, 2.146782, -1.765775, 1.244138
1645526582.406809, 2.146909, -1.765413, 1.214467
1645526582.506860, 2.146803, -1.765692, 1.197538
1645526582.586723, 2.146756, -1.765811, 1.180084
1645526582.705808, 2.146790, -1.765733, 1.150414
1645526582.785807, 2.146808, -1.765694, 1.142560
1645526582.905801, 2.146808, -1.765694, 1.143432
1645526583.024668, 2.146808, -1.765694, 1.143781
1645526583.105661, 2.146808, -1.765694, 1.144130
1645526583.204838, 2.146808, -1.765694, 1.144480
1645526583.304656, 2.146808, -1.765694, 1.144130
1645526583.424424, 2.146808, -1.765694, 1.144130
1645526583.503484, 2.146808, -1.765694, 1.144130
1645526583.603404, 2.146808, -1.765694, 1.144130
1645526583.703331, 2.146808, -1.765694, 1.144130
1645526583.803284, 2.146808, -1.765694, 1.144130
1645526583.823347, 2.146808, -1.765694, 1.144130
1645526583.983588, 2.146808, -1.765694, 1.144130
1645526584.082220, 2.146808, -1.765694, 1.144130
1645526584.202153, 2.146808, -1.765694, 1.144130
1645526584.282414, 2.146808, -1.765694, 1.144130
1645526584.302148, 2.146808, -1.765694, 1.144130
1645526584.501206, 2.146808, -1.765694, 1.144130
1645526584.560849, 2.146808, -1.765694, 1.144130
1645526584.580988, 2.146808, -1.765694, 1.144130
1645526584.620776, 2.146808, -1.765694, 1.144130
1645526584.680027, 2.146808, -1.765694, 1.144130
1645526584.740733, 2.146808, -1.765694, 1.144130
1645526584.780025, 2.146808, -1.765694, 1.144130
1645526584.819899, 2.146808, -1.765694, 1.144130
1645526584.939991, 2.146808, -1.765694, 1.144130
1645526585.139934, 2.146808, -1.765694, 1.144130
1645526585.338802, 2.146808, -1.765694, 1.144130
1645526585.458805, 2.146808, -1.765694, 1.144130
1645526585.677542, 2.146808, -1.765694, 1.144130
1645526585.797546, 2.146808, -1.765694, 1.144130
1645526585.937479, 2.146808, -1.765694, 1.144130
1645526586.017315, 2.146808, -1.765694, 1.144130
1645526586.056428, 2.146808, -1.765694, 1.144130
1645526586.256324, 2.146808, -1.765694, 1.144130
1645526586.375295, 2.146808, -1.765694, 1.144130
1645526586.416163, 2.146808, -1.765694, 1.144130
1645526586.436272, 2.146808, -1.765694, 1.144130
1645526586.476164, 2.146808, -1.765694, 1.144130
1645526586.515030, 2.146808, -1.765694, 1.144130
1645526586.655252, 2.146808, -1.765694, 1.144130
1645526586.695977, 2.146808, -1.765694, 1.144130
1645526586.774979, 2.146808, -1.765694, 1.144130
1645526586.854999, 2.146808, -1.765694, 1.144130
1645526587.013960, 2.146808, -1.765694, 1.144130
1645526587.512829, 2.146808, -1.765694, 1.144130
1645526588.490420, 2.146808, -1.765694, 1.144130
1645526588.869209, 2.146808, -1.765694, 1.144130
1645526589.108114, 2.146808, -1.765694, 1.144130
1645526589.208205, 2.146808, -1.765694, 1.144130
1645526589.289060, 2.146808, -1.765694, 1.144130
1645526589.387900, 2.146808, -1.765694, 1.144130
1645526589.506924, 2.146808, -1.765694, 1.144130
1645526589.686948, 2.146808, -1.765694, 1.144130
1645526589.786816, 2.146808, -1.765694, 1.144130
1645526589.906880, 2.146808, -1.765694, 1.144130
1645526590.006688, 2.146808, -1.765694, 1.144130
1645526590.085700, 2.146808, -1.765694, 1.144130
1645526590.185640, 2.146808, -1.765694, 1.144130
1645526590.285604, 2.146808, -1.765694, 1.144130
1645526590.384588, 2.146808, -1.765694, 1.144130
1645526590.504503, 2.146808, -1.765694, 1.144130
1645526590.604418, 2.146808, -1.765694, 1.144130
1645526590.684393, 2.146808, -1.765694, 1.144130
1645526590.783405, 2.146808, -1.765694, 1.144130
1645526590.904189, 2.146808, -1.765694, 1.144130
1645526591.004256, 2.146808, -1.765694, 1.144130
1645526591.103136, 2.146808, -1.765694, 1.144130
1645526591.203147, 2.146808, -1.765694, 1.144130
1645526591.283470, 2.146808, -1.765694, 1.144130
1645526591.422028, 2.146808, -1.765694, 1.144130
1645526591.501915, 2.146808, -1.765694, 1.144130
1645526591.602060, 2.146808, -1.765694, 1.144130
1645526591.700946, 2.146808, -1.765694, 1.144130
1645526591.800915, 2.146808, -1.765694, 1.144130
1645526591.900921, 2.146808, -1.765694, 1.144130
1645526591.980903, 2.146808, -1.765694, 1.144130
1645526592.099816, 2.146808, -1.765694, 1.144130
1645526592.200015, 2.146808, -1.765694, 1.144130
1645526592.319752, 2.146808, -1.765694, 1.144130
1645526592.399725, 2.146808, -1.765694, 1.144130
1645526592.518739, 2.146808, -1.765694, 1.144130
1645526592.598606, 2.146808, -1.765694, 1.144130
1645526592.698580, 2.146808, -1.765694, 1.144130
1645526592.798622, 2.146808, -1.765694, 1.144130
1645526592.918623, 2.146808, -1.765694, 1.144130
1645526592.997319, 2.146808, -1.765694, 1.144130
1645526593.097294, 2.146808, -1.765694, 1.144130
1645526593.197311, 2.146808, -1.765694, 1.144130
1645526593.297263, 2.146808, -1.765694, 1.144130
1645526593.416166, 2.146808, -1.765694, 1.144130
1645526593.496285, 2.146808, -1.765694, 1.144130
1645526593.597157, 2.146808, -1.765694, 1.144130
1645526593.696029, 2.146808, -1.765694, 1.144130
1645526593.796056, 2.146808, -1.765694, 1.144130
1645526593.895037, 2.146808, -1.765694, 1.144130
1645526593.994870, 2.146808, -1.765694, 1.144130
1645526594.094904, 2.146808, -1.765694, 1.144130
1645526594.174865, 2.146808, -1.765694, 1.144130
1645526594.293850, 2.146808, -1.765694, 1.144130
1645526594.393816, 2.146808, -1.765694, 1.144130
1645526594.513754, 2.146808, -1.765694, 1.144130
1645526594.593580, 2.146808, -1.765694, 1.144130
1645526594.692861, 2.146808, -1.765694, 1.144130
1645526594.792623, 2.146808, -1.765694, 1.144130
1645526594.892638, 2.146808, -1.765694, 1.144130
1645526595.011602, 2.146808, -1.765694, 1.144130
1645526595.091570, 2.146808, -1.765694, 1.144130
1645526595.191655, 2.146808, -1.765694, 1.144130
1645526595.271549, 2.146808, -1.765694, 1.144130
1645526595.410573, 2.146808, -1.765694, 1.144130
1645526595.510538, 2.146808, -1.765694, 1.144130
1645526595.611419, 2.146808, -1.765694, 1.144130
1645526595.710436, 2.146808, -1.765694, 1.144130
1645526595.790234, 2.146808, -1.765694, 1.144130
1645526595.910124, 2.146808, -1.765694, 1.144130
1645526595.989090, 2.146808, -1.765694, 1.144130
1645526596.109178, 2.146808, -1.765694, 1.144130
1645526596.189145, 2.146808, -1.765694, 1.144130
1645526596.288145, 2.146808, -1.765694, 1.144130
1645526596.387857, 2.146808, -1.765694, 1.144130
1645526596.488418, 2.146808, -1.765694, 1.144130
1645526596.608132, 2.146808, -1.765694, 1.144130
1645526596.706934, 2.146808, -1.765694, 1.144130
1645526596.806823, 2.146808, -1.765694, 1.144130
1645526596.887821, 2.146808, -1.765694, 1.144130
1645526597.006727, 2.146808, -1.765694, 1.144130
1645526597.105684, 2.146808, -1.765694, 1.144130
1645526597.205560, 2.146808, -1.765694, 1.144130
1645526597.305575, 2.146808, -1.765694, 1.144130
1645526597.425562, 2.146808, -1.765694, 1.144130
1645526597.505484, 2.146808, -1.765694, 1.144130
1645526597.605652, 2.146808, -1.765694, 1.144130
1645526597.704312, 2.146808, -1.765694, 1.144130
1645526597.804405, 2.146808, -1.765694, 1.144130
1645526597.904162, 2.146808, -1.765694, 1.144130
1645526597.983440, 2.146808, -1.765694, 1.144130
1645526598.123043, 2.146808, -1.765694, 1.144130
1645526598.223168, 2.146808, -1.765694, 1.144130
1645526598.302215, 2.146808, -1.765694, 1.144130
1645526598.402116, 2.146808, -1.765694, 1.144130
1645526598.502068, 2.146808, -1.765694, 1.144130
1645526598.622937, 2.146808, -1.765694, 1.144130
1645526598.641957, 2.146808, -1.765694, 1.144130
1645526598.781883, 2.146808, -1.765694, 1.144130
1645526598.901954, 2.146808, -1.765694, 1.144130
1645526599.000771, 2.146808, -1.765694, 1.144130
1645526599.120047, 2.146808, -1.765694, 1.144130
1645526599.200773, 2.146808, -1.765694, 1.144130
1645526599.299776, 2.146808, -1.765694, 1.144130
1645526599.399945, 2.146808, -1.765694, 1.144130
1645526599.519598, 2.146808, -1.765694, 1.144130
1645526599.598727, 2.146808, -1.765694, 1.144130
1645526599.718637, 2.146808, -1.765694, 1.144130
1645526599.798624, 2.146808, -1.765694, 1.144130
1645526599.898664, 2.146808, -1.765694, 1.144130
1645526600.017363, 2.146808, -1.765694, 1.144130
1645526600.117368, 2.146808, -1.765694, 1.144130
1645526600.177229, 2.146808, -1.765694, 1.144130
1645526600.317273, 2.146808, -1.765694, 1.144130
1645526600.397422, 2.146808, -1.765694, 1.144130
1645526600.477185, 2.146808, -1.765694, 1.144130
1645526600.596361, 2.146808, -1.765694, 1.144130
1645526600.696106, 2.146808, -1.765694, 1.144130
1645526600.776167, 2.146808, -1.765694, 1.144130
1645526600.916028, 2.146808, -1.765694, 1.144130
1645526601.014890, 2.146808, -1.765694, 1.144130
1645526601.094870, 2.146808, -1.765694, 1.144130
1645526601.194944, 2.146808, -1.765694, 1.144130
1645526601.293868, 2.146808, -1.765694, 1.144130
1645526601.393904, 2.146808, -1.765694, 1.144130
1645526601.513851, 2.146808, -1.765694, 1.144130
1645526601.612593, 2.146808, -1.765694, 1.144130
1645526601.712626, 2.146808, -1.765694, 1.144130
1645526601.792586, 2.146808, -1.765694, 1.144130
1645526601.892512, 2.146808, -1.765694, 1.144130
1645526602.011880, 2.146808, -1.765694, 1.144130
1645526602.072521, 2.146808, -1.765694, 1.144130
1645526602.212630, 2.146808, -1.765694, 1.144130
1645526602.271447, 2.146808, -1.765694, 1.144130
1645526602.291427, 2.146808, -1.765694, 1.144130
1645526602.430388, 2.146808, -1.765694, 1.144130
1645526602.550284, 2.146808, -1.765694, 1.144130
1645526602.570409, 2.146808, -1.765694, 1.144130
1645526602.590352, 2.146808, -1.765694, 1.144130
1645526602.630282, 2.146808, -1.765694, 1.144130
1645526602.670421, 2.146808, -1.765694, 1.144130
1645526602.710280, 2.146808, -1.765694, 1.144130
1645526602.750572, 2.146808, -1.765694, 1.144130
1645526602.770405, 2.146808, -1.765694, 1.144130
1645526602.869126, 2.146808, -1.765694, 1.144130
1645526602.909086, 2.146808, -1.765694, 1.144130
1645526602.949173, 2.146808, -1.765694, 1.144130
1645526602.989160, 2.146808, -1.765694, 1.144130
1645526603.029172, 2.146808, -1.765694, 1.144130
1645526603.049128, 2.146808, -1.765694, 1.144130
1645526603.089105, 2.146808, -1.765694, 1.144130
1645526603.129256, 2.146808, -1.765694, 1.144130
1645526603.209155, 2.146808, -1.765694, 1.144130
1645526603.249015, 2.146808, -1.765694, 1.144130
1645526603.608116, 2.146808, -1.765694, 1.144130
1645526603.886776, 2.146808, -1.765694, 1.144130
1645526604.145719, 2.146808, -1.765694, 1.144130
1645526604.744573, 2.146808, -1.765694, 1.144130
1645526606.479808, 2.146808, -1.765694, 1.144130
1645526606.599563, 2.146808, -1.765694, 1.144130
1645526606.699629, 2.146808, -1.765694, 1.144130
1645526606.799517, 2.146808, -1.765694, 1.144130
1645526606.878495, 2.146808, -1.765694, 1.144130
1645526606.998467, 2.146808, -1.765694, 1.144130
1645526607.098526, 2.146808, -1.765694, 1.144130
1645526607.158559, 2.146808, -1.765694, 1.144130
1645526607.277292, 2.146808, -1.765694, 1.144130
1645526607.417376, 2.146808, -1.765694, 1.144130
1645526607.517251, 2.146808, -1.765694, 1.144130
1645526607.577176, 2.146808, -1.765694, 1.144130
1645526607.676340, 2.146808, -1.765694, 1.144130
1645526607.817209, 2.146808, -1.765694, 1.144130
1645526607.916239, 2.146808, -1.765694, 1.144130
1645526608.016349, 2.146808, -1.765694, 1.144130
1645526608.075024, 2.146808, -1.765694, 1.144130
1645526608.214911, 2.146808, -1.765694, 1.144130
1645526608.294984, 2.146808, -1.765694, 1.144130
1645526608.394732, 2.146808, -1.765694, 1.144130
1645526608.473885, 2.146808, -1.765694, 1.144130
1645526608.593774, 2.146808, -1.765694, 1.144130
1645526608.693666, 2.146808, -1.765694, 1.144130
1645526608.792715, 2.146808, -1.765694, 1.144130
1645526608.892691, 2.146808, -1.765694, 1.144130
1645526608.972642, 2.146808, -1.765694, 1.144130
1645526609.093674, 2.146808, -1.765694, 1.144130
1645526609.212513, 2.146808, -1.765694, 1.144130
1645526609.311492, 2.146808, -1.765694, 1.144130
1645526609.392626, 2.146808, -1.765694, 1.144130
1645526609.491504, 2.146808, -1.765694, 1.144130
1645526609.591442, 2.146808, -1.765694, 1.144130
1645526609.691440, 2.146808, -1.765694, 1.144130
1645526609.790422, 2.146808, -1.765694, 1.144130
1645526609.910512, 2.146808, -1.765694, 1.144130
1645526609.930492, 2.146808, -1.765694, 1.144130
1645526610.089250, 2.146808, -1.765694, 1.144130
1645526610.170178, 2.146808, -1.765694, 1.144130
1645526610.309087, 2.146808, -1.765694, 1.144130
1645526610.409145, 2.146808, -1.765694, 1.144130
1645526610.508057, 2.146808, -1.765694, 1.144130
1645526610.608109, 2.146808, -1.765694, 1.144130
1645526610.688837, 2.146808, -1.765694, 1.144130
1645526610.787962, 2.146808, -1.765694, 1.144130
1645526610.887969, 2.146808, -1.765694, 1.144130
1645526610.987906, 2.146808, -1.765694, 1.144130
1645526611.107757, 2.146808, -1.765694, 1.144130
1645526611.206713, 2.146808, -1.765694, 1.144130
1645526611.306772, 2.146808, -1.765694, 1.144130
1645526611.406727, 2.146808, -1.765694, 1.144130
1645526611.505620, 2.146808, -1.765694, 1.144130
1645526611.605525, 2.146808, -1.765694, 1.144130
1645526611.705439, 2.146808, -1.765694, 1.144130
1645526611.804557, 2.146808, -1.765694, 1.144130
1645526611.904453, 2.146808, -1.765694, 1.144130
1645526611.984473, 2.146808, -1.765694, 1.144130
1645526612.104321, 2.146808, -1.765694, 1.144130
1645526612.203493, 2.146808, -1.765694, 1.144130
1645526612.323468, 2.146808, -1.765694, 1.144130
1645526612.404400, 2.146808, -1.765694, 1.144130
1645526612.503279, 2.146808, -1.765694, 1.144130
1645526612.583101, 2.146808, -1.765694, 1.144130
1645526612.702172, 2.146808, -1.765694, 1.144130
1645526612.822114, 2.146808, -1.765694, 1.144130
1645526612.882016, 2.146808, -1.765694, 1.144130
1645526613.002049, 2.146808, -1.765694, 1.144130
1645526613.101169, 2.146808, -1.765694, 1.144130
1645526613.200999, 2.146808, -1.765694, 1.144130
1645526613.300871, 2.146808, -1.765694, 1.144130
1645526613.400851, 2.146808, -1.765694, 1.144130
1645526613.479718, 2.146808, -1.765694, 1.144130
1645526613.599630, 2.146808, -1.765694, 1.144130
1645526613.700680, 2.146808, -1.765694, 1.144130
1645526613.798970, 2.146808, -1.765694, 1.144130
1645526613.899695, 2.146808, -1.765694, 1.144130
1645526613.998614, 2.146808, -1.765694, 1.144130
1645526614.098859, 2.146808, -1.765694, 1.144130
1645526614.197339, 2.146808, -1.765694, 1.144130
1645526614.298553, 2.146808, -1.765694, 1.144130
1645526614.418631, 2.146808, -1.765694, 1.144130
1645526614.517283, 2.146808, -1.765694, 1.144130
1645526614.617280, 2.146808, -1.765694, 1.144130
1645526614.717441, 2.146808, -1.765694, 1.144130
1645526614.796341, 2.146808, -1.765694, 1.144130
1645526614.896262, 2.146808, -1.765694, 1.144130
1645526614.996186, 2.146808, -1.765694, 1.144130
1645526615.115059, 2.146808, -1.765694, 1.144130
1645526615.175182, 2.146808, -1.765694, 1.144130
1645526615.315124, 2.146808, -1.765694, 1.144130
1645526615.415053, 2.146808, -1.765694, 1.144130
1645526615.513925, 2.146808, -1.765694, 1.144130
1645526615.593984, 2.146808, -1.765694, 1.144130
1645526615.693809, 2.146808, -1.765694, 1.144130
1645526615.793900, 2.146808, -1.765694, 1.144130
1645526615.913807, 2.146808, -1.765694, 1.144130
1645526615.952783, 2.146808, -1.765694, 1.144130
1645526616.112811, 2.146808, -1.765694, 1.144130
1645526616.192633, 2.146808, -1.765694, 1.144130
1645526616.292687, 2.146808, -1.765694, 1.144130
1645526616.411673, 2.146808, -1.765694, 1.144130
1645526616.491589, 2.146808, -1.765694, 1.144130
1645526616.591507, 2.146808, -1.765694, 1.144130
1645526616.690661, 2.146808, -1.765694, 1.144130
1645526616.790680, 2.146808, -1.765694, 1.144130
1645526616.910498, 2.146808, -1.765694, 1.144130
1645526616.990538, 2.146808, -1.765694, 1.144130
1645526617.109450, 2.146808, -1.765694, 1.144130
1645526617.189261, 2.146808, -1.765694, 1.144130
1645526617.290274, 2.146808, -1.765694, 1.144130
1645526617.389251, 2.146808, -1.765694, 1.144130
1645526617.489123, 2.146808, -1.765694, 1.144130
1645526617.588252, 2.146808, -1.765694, 1.144130
1645526617.708235, 2.146808, -1.765694, 1.144130
1645526617.808146, 2.146808, -1.765694, 1.144130
1645526617.888018, 2.146808, -1.765694, 1.144130
1645526617.966902, 2.146808, -1.765694, 1.144130
1645526618.086760, 2.146808, -1.765694, 1.144130
1645526618.186933, 2.146808, -1.765694, 1.144130
1645526618.306793, 2.146808, -1.765694, 1.144130
1645526618.405725, 2.146808, -1.765694, 1.144130
1645526618.485796, 2.146808, -1.765694, 1.144130
1645526618.605605, 2.146808, -1.765694, 1.144130
1645526618.705602, 2.146808, -1.765694, 1.144130
1645526618.804505, 2.146808, -1.765694, 1.144130
1645526618.904705, 2.146808, -1.765694, 1.144130
1645526619.005409, 2.146808, -1.765694, 1.144130
1645526619.104412, 2.146808, -1.765694, 1.144130
1645526619.204602, 2.146808, -1.765694, 1.144130
1645526619.304330, 2.146808, -1.765694, 1.144130
1645526619.403339, 2.146808, -1.765694, 1.144130
1645526619.523315, 2.146808, -1.765694, 1.144130
1645526619.603075, 2.146808, -1.765694, 1.144130
1645526619.682237, 2.146808, -1.765694, 1.144130
1645526619.802086, 2.146808, -1.765694, 1.144130
1645526619.902673, 2.146808, -1.765694, 1.144130
