1645526426.599275, 0.002914, -2.418029, -0.004082
1645526426.719096, 0.002914, -2.418029, -0.004082
1645526426.798225, 0.002914, -2.418029, -0.004082
1645526426.898135, 0.002914, -2.418029, -0.004082
1645526426.998288, 0.002914, -2.418029, -0.004082
1645526427.118480, 0.002914, -2.418029, -0.004082
1645526427.198247, 0.002914, -2.418029, -0.004082
1645526427.298281, 0.002914, -2.418029, -0.004082
1645526427.398271, 0.002914, -2.418029, -0.004082
1645526427.499362, 0.002914, -2.418029, -0.004082
1645526427.598240, 0.002914, -2.418029, -0.004082
1645526427.719505, 0.002914, -2.418029, -0.004082
1645526427.818172, 0.002914, -2.418029, -0.004082
1645526427.898186, 0.002914, -2.418029, -0.004082
1645526428.018021, 0.002914, -2.418029, -0.004082
1645526428.117961, 0.002914, -2.418029, -0.004082
1645526428.218094, 0.002914, -2.418029, -0.004082
1645526428.298105, 0.002914, -2.418029, -0.004082
1645526428.398336, 0.002914, -2.418029, -0.004082
1645526428.517952, 0.002914, -2.418029, -0.004082
1645526428.617894, 0.002914, -2.418029, -0.004082
1645526428.697938, 0.002914, -2.418029, -0.004082
1645526428.797886, 0.002914, -2.418029, -0.004082
1645526428.897735, 0.002914, -2.418029, -0.004082
1645526428.997837, 0.002914, -2.418029, -0.004082
1645526429.117805, 0.002914, -2.418029, -0.004082
1645526429.217696, 0.002914, -2.418029, -0.004082
1645526429.276650, 0.002914, -2.418029, -0.004082
1645526429.397719, 0.002914, -2.418029, -0.004082
1645526429.517648, 0.002914, -2.418029, -0.004082
1645526429.596687, 0.002914, -2.418029, -0.004082
1645526429.716705, 0.002914, -2.418029, -0.004082
1645526429.816676, 0.002914, -2.418029, -0.004082
1645526429.897563, 0.002914, -2.418029, -0.004082
1645526430.016577, 0.002914, -2.418029, -0.004082
1645526430.097575, 0.002914, -2.418029, -0.004082
1645526430.197581, 0.002914, -2.418029, -0.004082
1645526430.297501, 0.002914, -2.418029, -0.004082
1645526430.417477, 0.002914, -2.418029, -0.004082
1645526430.496351, 0.002914, -2.418029, -0.004082
1645526430.596626, 0.002914, -2.418029, -0.004082
1645526430.696312, 0.002914, -2.418029, -0.004082
1645526430.796547, 0.002914, -2.418029, -0.004082
1645526430.876205, 0.002914, -2.418029, -0.004082
1645526431.016320, 0.002914, -2.418029, -0.004082
1645526431.116221, 0.002914, -2.418029, -0.004082
1645526431.216238, 0.002914, -2.418029, -0.004082
1645526431.297283, 0.002914, -2.418029, -0.004082
1645526431.417101, 0.002914, -2.418029, -0.004082
1645526431.516092, 0.002914, -2.418029, -0.004082
1645526431.616218, 0.002914, -2.418029, -0.004082
1645526431.716099, 0.002914, -2.418029, -0.004082
1645526431.816233, 0.002914, -2.418029, -0.004082
1645526431.915935, 0.002914, -2.418029, -0.004082
1645526431.995971, 0.002914, -2.418029, -0.004082
1645526432.096776, 0.002914, -2.418029, -0.004082
1645526432.196849, 0.002914, -2.418029, -0.004082
1645526432.295890, 0.002914, -2.418029, -0.004082
1645526432.395911, 0.002914, -2.418029, -0.004082
1645526432.495919, 0.002914, -2.418029, -0.004082
1645526432.615725, 0.002914, -2.418029, -0.004082
1645526432.735767, 0.002914, -2.418029, -0.004082
1645526432.815669, 0.002914, -2.418029, -0.004082
1645526432.915675, 0.002914, -2.418029, -0.004082
1645526432.995829, 0.002914, -2.418029, -0.004082
1645526433.135563, 0.002914, -2.418029, -0.004082
1645526433.195845, 0.002914, -2.418029, -0.004082
1645526433.315694, 0.002914, -2.418029, -0.004082
1645526433.415805, 0.002914, -2.418029, -0.004082
1645526433.515707, 0.002914, -2.418029, -0.004082
1645526433.615676, 0.002914, -2.418029, -0.004082
1645526433.734534, 0.002914, -2.418029, -0.004082
1645526433.815472, 0.002914, -2.418029, -0.004082
1645526433.915387, 0.002914, -2.418029, -0.004082
1645526434.015481, 0.002914, -2.418029, -0.004082
1645526434.094507, 0.002914, -2.418029, -0.004082
1645526434.215523, 0.002914, -2.418029, -0.004082
1645526434.314372, 0.002914, -2.418029, -0.004082
1645526434.394375, 0.002914, -2.418029, -0.004082
1645526434.514305, 0.002914, -2.418029, -0.004082
1645526434.614383, 0.002914, -2.418029, -0.004082
1645526434.715171, 0.002914, -2.418029, -0.004082
1645526434.815175, 0.002914, -2.418029, -0.004082
1645526434.874127, 0.002914, -2.418029, -0.004082
1645526434.995020, 0.002914, -2.418029, -0.004082
1645526435.115144, 0.002914, -2.418029, -0.004082
1645526435.214085, 0.002914, -2.418029, -0.004082
1645526435.294365, 0.002914, -2.418029, -0.004082
1645526435.414013, 0.002914, -2.418029, -0.004082
1645526435.493823, 0.002914, -2.418029, -0.004082
1645526435.613913, 0.002914, -2.418029, -0.004082
1645526435.733830, 0.002914, -2.418029, -0.004082
1645526435.813793, 0.002914, -2.418029, -0.004082
1645526435.894689, 0.002914, -2.418029, -0.004082
1645526436.014668, 0.002914, -2.418029, -0.004082
1645526436.093595, 0.002914, -2.418029, -0.004082
1645526436.234727, 0.002914, -2.418029, -0.004082
1645526436.313674, 0.002914, -2.418029, -0.004082
1645526436.433607, 0.002914, -2.418029, -0.004082
1645526436.513554, 0.002914, -2.418029, -0.004082
1645526436.613530, 0.002914, -2.418029, -0.004082
1645526436.713450, 0.002914, -2.418029, -0.004082
1645526436.813379, 0.002914, -2.418029, -0.004082
1645526436.914459, 0.002914, -2.418029, -0.004082
1645526436.993446, 0.002914, -2.418029, -0.004082
1645526437.113358, 0.002914, -2.418029, -0.004082
1645526437.213390, 0.002914, -2.418029, -0.004082
1645526437.313502, 0.002914, -2.418029, -0.004082
1645526437.413337, 0.002914, -2.418029, -0.004082
1645526437.513215, 0.002914, -2.418029, -0.004082
1645526437.613226, 0.002914, -2.418029, -0.004082
1645526437.693163, 0.002914, -2.418029, -0.004082
1645526437.792222, 0.002914, -2.418029, -0.004082
1645526437.892544, 0.002914, -2.418029, -0.004082
1645526437.992286, 0.002914, -2.418029, -0.004082
1645526438.092159, 0.002914, -2.418029, -0.004082
1645526438.192230, 0.002914, -2.418029, -0.004082
1645526438.293057, 0.002914, -2.418029, -0.004082
1645526438.393039, 0.002914, -2.418029, -0.004082
1645526438.492939, 0.002914, -2.418029, -0.004082
1645526438.592941, 0.002914, -2.418029, -0.004082
1645526438.692963, 0.002914, -2.418029, -0.004082
1645526438.731948, 0.002914, -2.418029, -0.004082
1645526438.911927, 0.002914, -2.418029, -0.004082
1645526439.011881, 0.002914, -2.418029, -0.004082
1645526439.131798, 0.002914, -2.418029, -0.004082
1645526439.191838, 0.002914, -2.418029, -0.004082
1645526439.311952, 0.002914, -2.418029, -0.004082
1645526439.391728, 0.002914, -2.418029, -0.004082
1645526439.511891, 0.002914, -2.418029, -0.004082
1645526439.611874, 0.002914, -2.418029, -0.004082
1645526439.712721, 0.002914, -2.418029, -0.004082
1645526439.812708, 0.002914, -2.418029, -0.004082
1645526439.911548, 0.002914, -2.418029, -0.004082
1645526440.011900, 0.002914, -2.418029, -0.004082
1645526440.111555, 0.002914, -2.418029, -0.004082
1645526440.231507, 0.002914, -2.418029, -0.004082
1645526440.291592, 0.002914, -2.418029, -0.004082
1645526440.311454, 0.002914, -2.418029, -0.004082
1645526440.511555, 0.002914, -2.418029, -0.004082
1645526440.571398, 0.002914, -2.418029, -0.004082
1645526440.591417, 0.002914, -2.418029, -0.004082
1645526440.612426, 0.002914, -2.418029, -0.004082
1645526440.631365, 0.002914, -2.418029, -0.004082
1645526440.671407, 0.002914, -2.418029, -0.004082
1645526440.712552, 0.002914, -2.418029, -0.004082
1645526440.751412, 0.002914, -2.418029, -0.004082
1645526440.791309, 0.002914, -2.418029, -0.004082
1645526440.832374, 0.002914, -2.418029, -0.004082
1645526440.871486, 0.002914, -2.418029, -0.004082
1645526440.891366, 0.002914, -2.418029, -0.004082
1645526440.932299, 0.002914, -2.418029, -0.004082
1645526440.971461, 0.002914, -2.418029, -0.004082
1645526441.052214, 0.002914, -2.418029, -0.004082
1645526441.091242, 0.002914, -2.418029, -0.004082
1645526441.131293, 0.002914, -2.418029, -0.004082
1645526441.291306, 0.002914, -2.418029, -0.004082
1645526441.371335, 0.002914, -2.418029, -0.004082
1645526441.570184, 0.002914, -2.418029, -0.004082
1645526441.790174, 0.002914, -2.418029, -0.004082
1645526442.410807, 0.002914, -2.418029, -0.004082
1645526442.430805, 0.002914, -2.418029, -0.004082
1645526444.609220, 0.002914, -2.418029, -0.004082
1645526445.788915, 0.002914, -2.418029, -0.004082
1645526445.889046, 0.002914, -2.418029, -0.004082
1645526446.028654, 0.002914, -2.418029, -0.004082
1645526446.088642, 0.002914, -2.418029, -0.004082
1645526446.188810, 0.002914, -2.418029, -0.004082
1645526446.328730, 0.002914, -2.418029, -0.004082
1645526446.388740, 0.002914, -2.418029, -0.004082
1645526446.528687, 0.002914, -2.418029, -0.004082
1645526446.608630, 0.002914, -2.418029, -0.004082
1645526446.728847, 0.002914, -2.418029, -0.004082
1645526446.808534, 0.002914, -2.418029, -0.004082
1645526446.908774, 0.002914, -2.418029, -0.004082
1645526447.008570, 0.002914, -2.418029, -0.004082
1645526447.128699, 0.002914, -2.418029, -0.004082
1645526447.208514, 0.002914, -2.418029, -0.004082
1645526447.307453, 0.002914, -2.418029, -0.004082
1645526447.407372, 0.002914, -2.418029, -0.004082
1645526447.487336, 0.002914, -2.418029, -0.004082
1645526447.607444, 0.002914, -2.418029, -0.004082
1645526447.688237, 0.002914, -2.418029, -0.004082
1645526447.808319, 0.004535, -2.418036, -0.004082
1645526447.908197, 0.010846, -2.418050, 0.012674
1645526448.008265, 0.023167, -2.417755, 0.034316
1645526448.128418, 0.041397, -2.416874, 0.074633
1645526448.208239, 0.053334, -2.415817, 0.113379
1645526448.307232, 0.068604, -2.413866, 0.152300
1645526448.427092, 0.093230, -2.418630, 0.227868
1645526448.506922, 0.105098, -2.415641, 0.271327
1645526448.607313, 0.119842, -2.411216, 0.321068
1645526448.707269, 0.134422, -2.406020, 0.373952
1645526448.807139, 0.154698, -2.400472, 0.431709
1645526448.887894, 0.165887, -2.395106, 0.477087
1645526449.026985, 0.185043, -2.384462, 0.550217
1645526449.107942, 0.195560, -2.377795, 0.594548
1645526449.206972, 0.222660, -2.367357, 0.648489
1645526449.306726, 0.234932, -2.357577, 0.705736
1645526449.406862, 0.246793, -2.346981, 0.759492
1645526449.526853, 0.267760, -2.332031, 0.831155
1645526449.606515, 0.276271, -2.322366, 0.874090
1645526449.706826, 0.286344, -2.309892, 0.918421
1645526449.826935, 0.297696, -2.294369, 0.969036
1645526449.906647, 0.304947, -2.283520, 1.002895
1645526450.007765, 0.324610, -2.275399, 1.045416
1645526450.127418, 0.334183, -2.258180, 1.089747
1645526450.206662, 0.340081, -2.246636, 1.114182
1645526450.306655, 0.347051, -2.231865, 1.149437
1645526450.426533, 0.354925, -2.213481, 1.187485
1645526450.486479, 0.358549, -2.204320, 1.205113
1645526450.606519, 0.365336, -2.185779, 1.239671
1645526450.706573, 0.360969, -2.170673, 1.265706
1645526450.806385, 0.365868, -2.154646, 1.287872
1645526450.907777, 0.370498, -2.138272, 1.307769
1645526451.007608, 0.374502, -2.123098, 1.326269
1645526451.106584, 0.378466, -2.106332, 1.352100
1645526451.206503, 0.382108, -2.089667, 1.362397
1645526451.306391, 0.385523, -2.072867, 1.380549
1645526451.406417, 0.388642, -2.056226, 1.389625
1645526451.506371, 0.391500, -2.040232, 1.407601
1645526451.606493, 0.394210, -2.023088, 1.418423
1645526451.706334, 0.396722, -2.006345, 1.428022
1645526451.807201, 0.399071, -1.989707, 1.432211
1645526451.906483, 0.401437, -1.972598, 1.435876
1645526452.006212, 0.410659, -1.948940, 1.438419
1645526452.106300, 0.412902, -1.931772, 1.443830
1645526452.206320, 0.415094, -1.914511, 1.445750
1645526452.306209, 0.417256, -1.897160, 1.448542
1645526452.406158, 0.419377, -1.879761, 1.450462
1645526452.526114, 0.421884, -1.858758, 1.454302
1645526452.606058, 0.423519, -1.844694, 1.456396
1645526452.725979, 0.425913, -1.823506, 1.460934
1645526452.765937, 0.426672, -1.816596, 1.463028
1645526452.906033, 0.429303, -1.791487, 1.470359
1645526453.005904, 0.431051, -1.773619, 1.475420
1645526453.105029, 0.444905, -1.747745, 1.483177
1645526453.204707, 0.446305, -1.731429, 1.487017
1645526453.304864, 0.447779, -1.713835, 1.491031
1645526453.405738, 0.449201, -1.695339, 1.496442
1645526453.505768, 0.450511, -1.677433, 1.500805
1645526453.605642, 0.451799, -1.659012, 1.501852
1645526453.705684, 0.453034, -1.640887, 1.503946
1645526453.805641, 0.454143, -1.623950, 1.507961
1645526453.925603, 0.455301, -1.605307, 1.509357
1645526454.004642, 0.456080, -1.592622, 1.509706
1645526454.104446, 0.456964, -1.578149, 1.509881
1645526454.204571, 0.457747, -1.565251, 1.510404
1645526454.304416, 0.459556, -1.547884, 1.506111
1645526454.404717, 0.460651, -1.530861, 1.507682
1645526454.504738, 0.461531, -1.516516, 1.512219
1645526454.605472, 0.462240, -1.504340, 1.512219
1645526454.724434, 0.462946, -1.491907, 1.514837
1645526454.784325, 0.463465, -1.482668, 1.514314
1645526454.925340, 0.464480, -1.466067, 1.506983
1645526455.024283, 0.465326, -1.452489, 1.511521
1645526455.084301, 0.465753, -1.445081, 1.515710
1645526455.184317, 0.466480, -1.431582, 1.517106
1645526455.324496, 0.467410, -1.416215, 1.508903
1645526455.404286, 0.467867, -1.408766, 1.506809
1645526455.504180, 0.468598, -1.398685, 1.487959
1645526455.605254, 0.469351, -1.389248, 1.489530
1645526455.704388, 0.469557, -1.386997, 1.469284
1645526455.784181, 0.469506, -1.387506, 1.473473
1645526455.884113, 0.469489, -1.387676, 1.472251
1645526455.904289, 0.469493, -1.387634, 1.472251
1645526456.084111, 0.469458, -1.387973, 1.440486
1645526456.164114, 0.469469, -1.387889, 1.421637
1645526456.284042, 0.469389, -1.388394, 1.396853
1645526456.404271, 0.469406, -1.388310, 1.370150
1645526456.483957, 0.469458, -1.388060, 1.354442
1645526456.603978, 0.469398, -1.388309, 1.330007
1645526456.723933, 0.465999, -1.396760, 1.314243
1645526456.823815, 0.466045, -1.396596, 1.293997
1645526456.903821, 0.466116, -1.396350, 1.278813
1645526456.943835, 0.466388, -1.395452, 1.270784
1645526457.122773, 0.469830, -1.384688, 1.261534
1645526457.163818, 0.470180, -1.383591, 1.262756
1645526457.303868, 0.470519, -1.382536, 1.245826
1645526457.403857, 0.470616, -1.382253, 1.232562
1645526457.503801, 0.470645, -1.382173, 1.218773
1645526457.603764, 0.470719, -1.381973, 1.201669
1645526457.702595, 0.470845, -1.381656, 1.179853
1645526457.802639, 0.470845, -1.381656, 1.169381
1645526457.902561, 0.470845, -1.381656, 1.169555
1645526457.983483, 0.470845, -1.381656, 1.169555
1645526458.122394, 0.470845, -1.381656, 1.169381
1645526458.162518, 0.470845, -1.381656, 1.169381
1645526458.283394, 0.470845, -1.381656, 1.169381
1645526458.382386, 0.470845, -1.381656, 1.169381
1645526458.482343, 0.470845, -1.381656, 1.169381
1645526458.543298, 0.470845, -1.381656, 1.169381
1645526458.582416, 0.470845, -1.381656, 1.169381
1645526458.602437, 0.470845, -1.381656, 1.169381
1645526458.663292, 0.470845, -1.381656, 1.169381
1645526459.442082, 0.470845, -1.381656, 1.169381
1645526459.482054, 0.470845, -1.381656, 1.169381
1645526459.522979, 0.470845, -1.381656, 1.169381
1645526459.562069, 0.470845, -1.381656, 1.169381
1645526459.602042, 0.470845, -1.381656, 1.169381
1645526459.682199, 0.470845, -1.381656, 1.169381
1645526459.721933, 0.470845, -1.381656, 1.169381
1645526459.801807, 0.470845, -1.381656, 1.169381
1645526459.921894, 0.470845, -1.381656, 1.169381
1645526460.041943, 0.470845, -1.381656, 1.169381
1645526460.422768, 0.470845, -1.381656, 1.169381
1645526461.381324, 0.470845, -1.381656, 1.169381
1645526462.801044, 0.470845, -1.381656, 1.169381
1645526462.921024, 0.470845, -1.381656, 1.169381
1645526462.979799, 0.470845, -1.381656, 1.169381
1645526463.120982, 0.470845, -1.381656, 1.169381
1645526463.220918, 0.470845, -1.381656, 1.169381
1645526463.319988, 0.470845, -1.381656, 1.169381
1645526463.419868, 0.470845, -1.381656, 1.169381
1645526463.499901, 0.470845, -1.381656, 1.169381
1645526463.600801, 0.470845, -1.381656, 1.169381
1645526463.700990, 0.470845, -1.381656, 1.169381
1645526463.800763, 0.470845, -1.381656, 1.169381
1645526463.879730, 0.470845, -1.381656, 1.169381
1645526464.000648, 0.470845, -1.381656, 1.169381
1645526464.120657, 0.470845, -1.381656, 1.169381
1645526464.199585, 0.470845, -1.381656, 1.169381
1645526464.279692, 0.470845, -1.381656, 1.169381
1645526464.399607, 0.470845, -1.381656, 1.169381
1645526464.499696, 0.470845, -1.381656, 1.169381
1645526464.599520, 0.470845, -1.381656, 1.169381
1645526464.699435, 0.470845, -1.381656, 1.169381
1645526464.799483, 0.470845, -1.381656, 1.169381
1645526464.900383, 0.470845, -1.381656, 1.169381
1645526464.999426, 0.470845, -1.381656, 1.169381
1645526465.099438, 0.470845, -1.381656, 1.169381
1645526465.199436, 0.470845, -1.381656, 1.169381
1645526465.319267, 0.470845, -1.381656, 1.169381
1645526465.419247, 0.470845, -1.381656, 1.169381
1645526465.519276, 0.470845, -1.381656, 1.169381
1645526465.599212, 0.470845, -1.381656, 1.169381
1645526465.719194, 0.470845, -1.381656, 1.169381
1645526465.819392, 0.470845, -1.381656, 1.169381
1645526465.879225, 0.470845, -1.381656, 1.169381
1645526465.999228, 0.470845, -1.381656, 1.169381
1645526466.099106, 0.470845, -1.381656, 1.169381
1645526466.199175, 0.470845, -1.381656, 1.169381
1645526466.299051, 0.470845, -1.381656, 1.169381
1645526466.418946, 0.470845, -1.381656, 1.169381
1645526466.498915, 0.470845, -1.381656, 1.169381
1645526466.618947, 0.470845, -1.381656, 1.169381
1645526466.718874, 0.470845, -1.381656, 1.169381
1645526466.818852, 0.470845, -1.381656, 1.169381
1645526466.898876, 0.470845, -1.381656, 1.169381
1645526466.998632, 0.470845, -1.381656, 1.169381
1645526467.118680, 0.470845, -1.381656, 1.169381
1645526467.198679, 0.470845, -1.381656, 1.169381
1645526467.318588, 0.470845, -1.381656, 1.169381
1645526467.398668, 0.470845, -1.381656, 1.169381
1645526467.518580, 0.470845, -1.381656, 1.169381
1645526467.598486, 0.470845, -1.381656, 1.169381
1645526467.718601, 0.470845, -1.381656, 1.169381
1645526467.818528, 0.470845, -1.381656, 1.169381
1645526467.918519, 0.470845, -1.381656, 1.169381
1645526468.017630, 0.470845, -1.381656, 1.169381
1645526468.097529, 0.470845, -1.381656, 1.169381
1645526468.217515, 0.470845, -1.381656, 1.169381
1645526468.337396, 0.470845, -1.381656, 1.169381
1645526468.398573, 0.470845, -1.381656, 1.169381
1645526468.498533, 0.470845, -1.381656, 1.169381
1645526468.598501, 0.470845, -1.381656, 1.169381
1645526468.677382, 0.470845, -1.381656, 1.169381
1645526468.777349, 0.470845, -1.381656, 1.169381
1645526468.917325, 0.471595, -1.379890, 1.169381
1645526468.997296, 0.473599, -1.375181, 1.159258
1645526469.097194, 0.476847, -1.368038, 1.132205
1645526469.217267, 0.482707, -1.356210, 1.101847
1645526469.297214, 0.485690, -1.350551, 1.069384
1645526469.397357, 0.491294, -1.340542, 1.038492
1645526469.498297, 0.495016, -1.334471, 0.998524
1645526469.598217, 0.500085, -1.326728, 0.970947
1645526469.718138, 0.504959, -1.319992, 0.917191
1645526469.818213, 0.501729, -1.317184, 0.867037
1645526469.917059, 0.505714, -1.312681, 0.822357
1645526470.017016, 0.509672, -1.308559, 0.781167
1645526470.116991, 0.514151, -1.304298, 0.726014
1645526470.216964, 0.522131, -1.312157, 0.671606
1645526470.316906, 0.526732, -1.308627, 0.627449
1645526470.416923, 0.531917, -1.305029, 0.585212
1645526470.516846, 0.541383, -1.298934, 0.553970
1645526470.596793, 0.550053, -1.293657, 0.538262
1645526470.717845, 0.566598, -1.283935, 0.512432
1645526470.776878, 0.574761, -1.279398, 0.498992
1645526470.856694, 0.586235, -1.273181, 0.492884
1645526470.937758, 0.597736, -1.267107, 0.468624
1645526471.096562, 0.620819, -1.255872, 0.436510
1645526471.196560, 0.634868, -1.247926, 0.412944
1645526471.278113, 0.646689, -1.242815, 0.397585
1645526471.376642, 0.662010, -1.236454, 0.388509
1645526471.497572, 0.680211, -1.229137, 0.369136
1645526471.576740, 0.692573, -1.224451, 0.353254
1645526471.696494, 0.711234, -1.217743, 0.337197
1645526471.796493, 0.726983, -1.212263, 0.330564
1645526471.916508, 0.745998, -1.205793, 0.319569
1645526471.996656, 0.758656, -1.201692, 0.305432
1645526472.036329, 0.765165, -1.199644, 0.303337
1645526472.216493, 0.794003, -1.190997, 0.278903
1645526472.276471, 0.805910, -1.193150, 0.270813
1645526472.376357, 0.822169, -1.188747, 0.256326
1645526472.476451, 0.838656, -1.184540, 0.242015
1645526472.596232, 0.858416, -1.179707, 0.238000
1645526472.696259, 0.875035, -1.175674, 0.236430
1645526472.796231, 0.891675, -1.171729, 0.228052
1645526472.896163, 0.908307, -1.167939, 0.219325
1645526472.996227, 0.925133, -1.164235, 0.212169
1645526473.096028, 0.942067, -1.160628, 0.206410
1645526473.196108, 0.958687, -1.157183, 0.200127
1645526473.316209, 0.979140, -1.153115, 0.191226
1645526473.416057, 0.994278, -1.154787, 0.188336
1645526473.495268, 1.007852, -1.152208, 0.186940
1645526473.594989, 1.024990, -1.148964, 0.187638
1645526473.715000, 1.045690, -1.145043, 0.186940
1645526473.736026, 1.049251, -1.144369, 0.187115
1645526473.915065, 1.080257, -1.138492, 0.188686
1645526473.975814, 1.090645, -1.136503, 0.190082
1645526474.034749, 1.100988, -1.134510, 0.190431
1645526474.214679, 1.132259, -1.128430, 0.193572
1645526474.295966, 1.146320, -1.125669, 0.195318
1645526474.394646, 1.163470, -1.122264, 0.197238
1645526474.514631, 1.175029, -1.111716, 0.203305
1645526474.594707, 1.188977, -1.108826, 0.205225
1645526474.635854, 1.195824, -1.107399, 0.206098
1645526474.794567, 1.223818, -1.101471, 0.211683
1645526474.894595, 1.241367, -1.097676, 0.214825
1645526474.994503, 1.258736, -1.093859, 0.218141
1645526475.095595, 1.276262, -1.089966, 0.218490
1645526475.214480, 1.297825, -1.085164, 0.219537
1645526475.254538, 1.304858, -1.083592, 0.220933
1645526475.415662, 1.332794, -1.077197, 0.230533
1645526475.514491, 1.350307, -1.073054, 0.233674
1645526475.594369, 1.364489, -1.069649, 0.237688
1645526475.694616, 1.371957, -1.059567, 0.237260
1645526475.794407, 1.389434, -1.055271, 0.245288
1645526475.894480, 1.406922, -1.050846, 0.250350
1645526475.994383, 1.424473, -1.046323, 0.256982
1645526476.114402, 1.445661, -1.040706, 0.261171
1645526476.214361, 1.463207, -1.035994, 0.264138
1645526476.294248, 1.477201, -1.032200, 0.265534
1645526476.514235, 1.516064, -1.021531, 0.272515
1645526476.554281, 1.523085, -1.019563, 0.274959
1645526476.594100, 1.530021, -1.017603, 0.276879
1645526476.614179, 1.533590, -1.016589, 0.277926
1645526476.634043, 1.537076, -1.015594, 0.279497
1645526476.674221, 1.544083, -1.013574, 0.283337
1645526476.714229, 1.551165, -1.011507, 0.285431
1645526476.754200, 1.558326, -1.009404, 0.286653
1645526476.774206, 1.561844, -1.008367, 0.287002
1645526476.814163, 1.568878, -1.006289, 0.288223
1645526476.854139, 1.575950, -1.004188, 0.290492
1645526476.894252, 1.582977, -1.002083, 0.292412
1645526476.913962, 1.574818, -1.005280, 0.291073
1645526476.934066, 1.578332, -1.004228, 0.291771
1645526477.533920, 1.684043, -0.971349, 0.315682
1645526478.273709, 1.702842, -0.965170, 0.325980
1645526479.593330, 1.702842, -0.965170, 0.325980
1645526480.632146, 1.702842, -0.965170, 0.325980
1645526480.692825, 1.702842, -0.965170, 0.325980
1645526480.771605, 1.702842, -0.965170, 0.325980
1645526480.912869, 1.702842, -0.965170, 0.325980
1645526481.032853, 1.702842, -0.965170, 0.325980
1645526481.132816, 1.702842, -0.965170, 0.325980
1645526481.211770, 1.702842, -0.965170, 0.325980
1645526481.291669, 1.702842, -0.965170, 0.325980
1645526481.392887, 1.702842, -0.965170, 0.325980
1645526481.511706, 1.702842, -0.965170, 0.325980
1645526481.612549, 1.704458, -0.964623, 0.325980
1645526481.692572, 1.709992, -0.962752, 0.327201
1645526481.812501, 1.719239, -0.959609, 0.327725
1645526481.912632, 1.730223, -0.955881, 0.328249
1645526482.012409, 1.743698, -0.951266, 0.334357
1645526482.132481, 1.758600, -0.948390, 0.334289
1645526482.211286, 1.770439, -0.944263, 0.336558
1645526482.311467, 1.785292, -0.939065, 0.336907
1645526482.411330, 1.800137, -0.933844, 0.339525
1645526482.531285, 1.818225, -0.927432, 0.341620
1645526482.611274, 1.829879, -0.923292, 0.341620
1645526482.731348, 1.844061, -0.918243, 0.335686
1645526482.791273, 1.850390, -0.916060, 0.323643
1645526482.912477, 1.853795, -0.914948, 0.299383
1645526482.991175, 1.854857, -0.914627, 0.278439
1645526483.111083, 1.855435, -0.914478, 0.239867
1645526483.231194, 1.855934, -0.914365, 0.193965
1645526483.331280, 1.847609, -0.916048, 0.159102
1645526483.411225, 1.852503, -0.915330, 0.129083
1645526483.511143, 1.861194, -0.914391, 0.077421
1645526483.611082, 1.873882, -0.913705, 0.019825
1645526483.711112, 1.889660, -0.913735, -0.033059
1645526483.790973, 1.905381, -0.915290, -0.071563
1645526483.891176, 1.920958, -0.916785, -0.126715
1645526483.931940, 1.927300, -0.917623, -0.151150
1645526484.070935, 1.952195, -0.921815, -0.225261
1645526484.270866, 1.982713, -0.930434, -0.336787
1645526484.410698, 2.003359, -0.938396, -0.412186
1645526484.530697, 2.019860, -0.950444, -0.480950
1645526484.591902, 2.028245, -0.954931, -0.516730
1645526484.711921, 2.044855, -0.964956, -0.583925
1645526484.790633, 2.055423, -0.972165, -0.623020
1645526484.910593, 2.074434, -0.986571, -0.690930
1645526484.990515, 2.084370, -0.995095, -0.733342
1645526485.090580, 2.096442, -1.006409, -0.782037
1645526485.190474, 2.107835, -1.018170, -0.828986
1645526485.290452, 2.117822, -1.034450, -0.871326
1645526485.410472, 2.130350, -1.049930, -0.917228
1645526485.510611, 2.140311, -1.063301, -0.950913
1645526485.591384, 2.147962, -1.074238, -0.980409
1645526485.690461, 2.157162, -1.088348, -1.009032
1645526485.790571, 2.165733, -1.102152, -1.022646
1645526485.890353, 2.174508, -1.116928, -1.051619
1645526485.990314, 2.182760, -1.131565, -1.064185
1645526486.110491, 2.192906, -1.153076, -1.109769
1645526486.210339, 2.200492, -1.168687, -1.126699
1645526486.330343, 2.209210, -1.187302, -1.143280
1645526486.410348, 2.214853, -1.199821, -1.153926
1645526486.510311, 2.221651, -1.215466, -1.173474
1645526486.590349, 2.226873, -1.228120, -1.188135
1645526486.690123, 2.232934, -1.243425, -1.199305
1645526486.730215, 2.235485, -1.249983, -1.201225
1645526486.890316, 2.245211, -1.275803, -1.220423
1645526487.010114, 2.252214, -1.295401, -1.235782
1645526487.070122, 2.255633, -1.305274, -1.241193
1645526487.210171, 2.263368, -1.328408, -1.257773
1645526487.290230, 2.267636, -1.341729, -1.264580
1645526487.410179, 2.263204, -1.367049, -1.276185
1645526487.488968, 2.267223, -1.380403, -1.283166
1645526487.610104, 2.273096, -1.400768, -1.298874
1645526487.688884, 2.276782, -1.414129, -1.305856
1645526487.808942, 2.282230, -1.434700, -1.318247
1645526487.888848, 2.285779, -1.448538, -1.321040
1645526488.008888, 2.290909, -1.468751, -1.325927
1645526488.109836, 2.294680, -1.483985, -1.331861
1645526488.189848, 2.297638, -1.496388, -1.343206
1645526488.289664, 2.300800, -1.510146, -1.349140
1645526488.389719, 2.304555, -1.526960, -1.352456
1645526488.509711, 2.308266, -1.543741, -1.357517
1645526488.608719, 2.311447, -1.558761, -1.370084
1645526488.688622, 2.313803, -1.570467, -1.371480
1645526488.788820, 2.317733, -1.590307, -1.372116
1645526488.888564, 2.320558, -1.604311, -1.371068
1645526489.008847, 2.323518, -1.619159, -1.375432
1645526489.108822, 2.326206, -1.632842, -1.379097
1645526489.208550, 2.328624, -1.645406, -1.379271
1645526489.289565, 2.330610, -1.655620, -1.380842
1645526489.388609, 2.333086, -1.668476, -1.378922
1645526489.528424, 2.336540, -1.686269, -1.376828
1645526489.608415, 2.338496, -1.696185, -1.375083
1645526489.668362, 2.340023, -1.703881, -1.374384
1645526489.808545, 2.343328, -1.720443, -1.370545
1645526489.908381, 2.345354, -1.730345, -1.366880
1645526490.028214, 2.345770, -1.732349, -1.362516
1645526490.108508, 2.345770, -1.732349, -1.362865
1645526490.189334, 2.345787, -1.732432, -1.362865
1645526490.288437, 2.345787, -1.732432, -1.362865
1645526490.409275, 2.345787, -1.732432, -1.362865
1645526490.488276, 2.345787, -1.732432, -1.362865
1645526490.508278, 2.345787, -1.732432, -1.362865
1645526490.629188, 2.345787, -1.732432, -1.362865
1645526490.808070, 2.345787, -1.732432, -1.362865
1645526490.888234, 2.345787, -1.732432, -1.362865
1645526490.969080, 2.345787, -1.732432, -1.362865
1645526491.108074, 2.345787, -1.732432, -1.362865
1645526491.208049, 2.345787, -1.732432, -1.362865
1645526491.248186, 2.345787, -1.732432, -1.362865
1645526491.328202, 2.345787, -1.732432, -1.362865
1645526491.467927, 2.345787, -1.732432, -1.362865
1645526491.648969, 2.345787, -1.732432, -1.362865
1645526491.787906, 2.345787, -1.732432, -1.362865
1645526491.868806, 2.345787, -1.732432, -1.362865
1645526491.927880, 2.345787, -1.732432, -1.362865
1645526492.087925, 2.346580, -1.736188, -1.362865
1645526492.167846, 2.347594, -1.740986, -1.361644
1645526492.247679, 2.348782, -1.746576, -1.360422
1645526492.387564, 2.352430, -1.763545, -1.358502
1645526492.507653, 2.355738, -1.778523, -1.360150
1645526492.587612, 2.357786, -1.788115, -1.360674
1645526492.707707, 2.360617, -1.801683, -1.374462
1645526492.807708, 2.361908, -1.808166, -1.373763
1645526492.907521, 2.362969, -1.813520, -1.377429
1645526493.007316, 2.365040, -1.824239, -1.385283
1645526493.087349, 2.366256, -1.830823, -1.395231
1645526493.227455, 2.366595, -1.832755, -1.403958
1645526493.286448, 2.366771, -1.833807, -1.408146
1645526493.406399, 2.367870, -1.840930, -1.426123
1645526493.506384, 2.368460, -1.845067, -1.443751
1645526493.606302, 2.368508, -1.845448, -1.458412
1645526493.726370, 2.368574, -1.846084, -1.488257
1645526493.787207, 2.368577, -1.846127, -1.499253
1645526493.907147, 2.368618, -1.846851, -1.542362
1645526494.007129, 2.366471, -1.849966, -1.561815
1645526494.107105, 2.366468, -1.850563, -1.601085
1645526494.207152, 2.366450, -1.851074, -1.624298
1645526494.286254, 2.366433, -1.851330, -1.649605
1645526494.347263, 2.366397, -1.851712, -1.680846
1645526494.505890, 2.366352, -1.852007, -1.737918
1645526494.566974, 2.366308, -1.852259, -1.769509
1645526494.586870, 2.373290, -1.850877, -1.775190
1645526494.605853, 2.373299, -1.850835, -1.782346
1645526494.645952, 2.373235, -1.851127, -1.796832
1645526495.145812, 2.372708, -1.852700, -2.021979
1645526495.405726, 2.372429, -1.853228, -2.111340
1645526496.025611, 2.372429, -1.853228, -2.110991
1645526496.906445, 2.368692, -1.856672, -2.111579
1645526497.725177, 2.368692, -1.856672, -2.111579
1645526498.025095, 2.368692, -1.856672, -2.111579
1645526499.024477, 2.368692, -1.856672, -2.111579
1645526499.083777, 2.368692, -1.856672, -2.111579
1645526499.203725, 2.368692, -1.856672, -2.111579
1645526499.304596, 2.368692, -1.856672, -2.111579
1645526499.404548, 2.368692, -1.856672, -2.111579
1645526499.504524, 2.368692, -1.856672, -2.111579
1645526499.604615, 2.368692, -1.856672, -2.111579
1645526499.704430, 2.368692, -1.856672, -2.111579
1645526499.824341, 2.368692, -1.856672, -2.111579
1645526499.883589, 2.368692, -1.856672, -2.111404
1645526500.003314, 2.366168, -1.860876, -2.111230
1645526500.123323, 2.360306, -1.870984, -2.082956
1645526500.203219, 2.357235, -1.876498, -2.070389
1645526500.323296, 2.356175, -1.878494, -2.038799
1645526500.403208, 2.356042, -1.878762, -2.015586
1645526500.503166, 2.355988, -1.878878, -1.984694
1645526500.604081, 2.355904, -1.879074, -1.944551
1645526500.704045, 2.355861, -1.879194, -1.912437
1645526500.802968, 2.363027, -1.879668, -1.872813
1645526500.923245, 2.362967, -1.879872, -1.837209
1645526501.002825, 2.362922, -1.880037, -1.800208
1645526501.103002, 2.362909, -1.880077, -1.775773
1645526501.223173, 2.362813, -1.880623, -1.720795
1645526501.322873, 2.367579, -1.882172, -1.701915
1645526501.403005, 2.367568, -1.882299, -1.657583
1645526501.482852, 2.367549, -1.882555, -1.644319
1645526501.603793, 2.367449, -1.884343, -1.598068
1645526501.702852, 2.367387, -1.888522, -1.572760
1645526501.802768, 2.367387, -1.889289, -1.547104
1645526501.922709, 2.364432, -1.892232, -1.509520
1645526502.002642, 2.364476, -1.892785, -1.474962
1645526502.082672, 2.364542, -1.893378, -1.439532
1645526502.202627, 2.364692, -1.894348, -1.391012
1645526502.302587, 2.364817, -1.894975, -1.343713
1645526502.402599, 2.367684, -1.897341, -1.305971
1645526502.482466, 2.367788, -1.897710, -1.276300
1645526502.582558, 2.367960, -1.898237, -1.236158
1645526502.722623, 2.368146, -1.898759, -1.177515
1645526502.802596, 2.368348, -1.899230, -1.147495
1645526502.902517, 2.366179, -1.901968, -1.108913
1645526502.982479, 2.366299, -1.902194, -1.071039
1645526503.062502, 2.366463, -1.902493, -1.037878
1645526503.122738, 2.366486, -1.902529, -1.011698
1645526503.262568, 2.366810, -1.903031, -0.952706
1645526503.362405, 2.368840, -1.903298, -0.904541
1645526503.483002, 2.369027, -1.903531, -0.851658
1645526503.622346, 2.369431, -1.903970, -0.784288
1645526503.682303, 2.369584, -1.904119, -0.759330
1645526503.802326, 2.374228, -1.903399, -0.701776
1645526503.902263, 2.374561, -1.903665, -0.655175
1645526504.002251, 2.374801, -1.903843, -0.609797
1645526504.102272, 2.375014, -1.903985, -0.558484
1645526504.202219, 2.374738, -1.904701, -0.514336
1645526504.322239, 2.375264, -1.904984, -0.456566
1645526504.381242, 2.375264, -1.904983, -0.430909
1645526504.501136, 2.375813, -1.905216, -0.373139
1645526504.621974, 2.376379, -1.905407, -0.312925
1645526504.721021, 2.378416, -1.906039, -0.281160
1645526504.800936, 2.377584, -1.908139, -0.258910
1645526504.902086, 2.379360, -1.908594, -0.234825
1645526504.982107, 2.381022, -1.908979, -0.215801
1645526505.101956, 2.382901, -1.909368, -0.182989
1645526505.201870, 2.384413, -1.909633, -0.159252
1645526505.321743, 2.388385, -1.910174, -0.112477
1645526505.341843, 2.391012, -1.910427, -0.105651
1645526505.500783, 2.394117, -1.910648, -0.050498
1645526505.600792, 2.396247, -1.910736, -0.012974
1645526505.700794, 2.396461, -1.910734, 0.022631
1645526505.800851, 2.396801, -1.910721, 0.065042
1645526505.900770, 2.394466, -1.911150, 0.110309
1645526506.000597, 2.396454, -1.910890, 0.150975
1645526506.100684, 2.402497, -1.909803, 0.212236
1645526506.201545, 2.414068, -1.907036, 0.269483
1645526506.301629, 2.425165, -1.905855, 0.330218
1645526506.400512, 2.428576, -1.904630, 0.361983
1645526506.500578, 2.437775, -1.900988, 0.401253
1645526506.600554, 2.450485, -1.895253, 0.441920
1645526506.700529, 2.466080, -1.887635, 0.474034
1645526506.800491, 2.479889, -1.880271, 0.519587
1645526506.900457, 2.493688, -1.871757, 0.553782
1645526507.000375, 2.507548, -1.863036, 0.574726
1645526507.081372, 2.517444, -1.856508, 0.607539
1645526507.220294, 2.531098, -1.846573, 0.659549
1645526507.300402, 2.538428, -1.840785, 0.683809
1645526507.400254, 2.551656, -1.833101, 0.730902
1645526507.500255, 2.561477, -1.824062, 0.762492
1645526507.580313, 2.568986, -1.816736, 0.795654
1645526507.700153, 2.579992, -1.805370, 0.807173
1645526507.800099, 2.591846, -1.792867, 0.816598
1645526507.920201, 2.605752, -1.778138, 0.809267
1645526508.000098, 2.614956, -1.768529, 0.802984
1645526508.080042, 2.624334, -1.758851, 0.798272
1645526508.220219, 2.640729, -1.742198, 0.785531
1645526508.321189, 2.652794, -1.730199, 0.777328
1645526508.420201, 2.664801, -1.718444, 0.771568
1645526508.519784, 2.676959, -1.706723, 0.761620
1645526508.599861, 2.686672, -1.697506, 0.755511
1645526508.720094, 2.701034, -1.684017, 0.749751
1645526508.799858, 2.711082, -1.674784, 0.727586
1645526508.899793, 2.723731, -1.663724, 0.710831
1645526508.999961, 2.736791, -1.652552, 0.702453
1645526509.099954, 2.751464, -1.642337, 0.686899
1645526509.219808, 2.767742, -1.629166, 0.670842
1645526509.319964, 2.781352, -1.618463, 0.658275
1645526509.419903, 2.795175, -1.607825, 0.652516
1645526509.519745, 2.809145, -1.597240, 0.643091
1645526509.599635, 2.820432, -1.588834, 0.635761
1645526509.719582, 2.837413, -1.576437, 0.625987
1645526509.819536, 2.851742, -1.566124, 0.619355
1645526509.919770, 2.866182, -1.555965, 0.604519
1645526509.999636, 2.877917, -1.547891, 0.598585
1645526510.119701, 2.895484, -1.535957, 0.593873
1645526510.219370, 2.909912, -1.526309, 0.582354
1645526510.319563, 2.924903, -1.516428, 0.583226
1645526510.399397, 2.936650, -1.508678, 0.582703
1645526510.498463, 2.951235, -1.501517, 0.571078
1645526510.618393, 2.969261, -1.490290, 0.544898
1645526510.658288, 2.975681, -1.486403, 0.543327
1645526510.819146, 3.000208, -1.471662, 0.539662
1645526510.878318, 3.009472, -1.466130, 0.535648
1645526510.999242, 3.028132, -1.455125, 0.530412
1645526511.119229, 3.046818, -1.444246, 0.522383
1645526511.198165, 3.059427, -1.437002, 0.519242
1645526511.318105, 3.078317, -1.426309, 0.509817
1645526511.398194, 3.090692, -1.419429, 0.504930
1645526511.499043, 3.107260, -1.410350, 0.495156
1645526511.598985, 3.123173, -1.401765, 0.494632
1645526511.698980, 3.139174, -1.393160, 0.490793
1645526511.818034, 3.159931, -1.384971, 0.489318
1645526511.899028, 3.172593, -1.378264, 0.483209
1645526511.977946, 3.185673, -1.371435, 0.476228
1645526512.097949, 3.205490, -1.361294, 0.471864
1645526512.198069, 3.221681, -1.353054, 0.468548
1645526512.317875, 3.241895, -1.342847, 0.465581
1645526512.397954, 3.254915, -1.336368, 0.454935
1645526512.517816, 3.274833, -1.326619, 0.454586
1645526512.617890, 3.291593, -1.318471, 0.451618
1645526512.697973, 3.304986, -1.311978, 0.450048
1645526512.817811, 3.325040, -1.302313, 0.447953
1645526512.897836, 3.338380, -1.295909, 0.446906
1645526512.998134, 3.355194, -1.287871, 0.444812
1645526513.157653, 3.382446, -1.276174, 0.440905
1645526513.317790, 3.409459, -1.263469, 0.437239
1645526513.397547, 3.422945, -1.257171, 0.435669
1645526513.497633, 3.440040, -1.249230, 0.433923
1645526513.637554, 3.463917, -1.238173, 0.434098
1645526513.717915, 3.477493, -1.231869, 0.435843
1645526513.777515, 3.487775, -1.227077, 0.436541
1645526513.897535, 3.508218, -1.217535, 0.436541
1645526513.997491, 3.525256, -1.209573, 0.438461
1645526514.097413, 3.542233, -1.201581, 0.441952
1645526514.197440, 3.555462, -1.196211, 0.440208
1645526514.297364, 3.572086, -1.188370, 0.438637
1645526514.417267, 3.592604, -1.178788, 0.435845
1645526514.477218, 3.602809, -1.174033, 0.436019
1645526514.617153, 3.625536, -1.163438, 0.437416
1645526514.717179, 3.641179, -1.156116, 0.437939
1645526514.817122, 3.656243, -1.149066, 0.438637
1645526514.917101, 3.670869, -1.142187, 0.441081
1645526514.996206, 3.682669, -1.136614, 0.441779
1645526515.096111, 3.694424, -1.131046, 0.443001
1645526515.197057, 3.696543, -1.130041, 0.446317
1645526515.315978, 3.696543, -1.130041, 0.445968
1645526515.397138, 3.696543, -1.130041, 0.446491
1645526515.477123, 3.696543, -1.130041, 0.446840
1645526515.576089, 3.696543, -1.130041, 0.446317
1645526515.716964, 3.696543, -1.130041, 0.446317
1645526515.796123, 3.696543, -1.130041, 0.446840
1645526515.895878, 3.696543, -1.130041, 0.446840
1645526516.015735, 3.696543, -1.130041, 0.446840
1645526516.115746, 3.700774, -1.128015, 0.446840
1645526516.195747, 3.706582, -1.125233, 0.446666
1645526516.295909, 3.719381, -1.119080, 0.449982
1645526516.415919, 3.732354, -1.112798, 0.452076
1645526516.515691, 3.743130, -1.107554, 0.454694
1645526516.596690, 3.751136, -1.103638, 0.454694
1645526516.695628, 3.759982, -1.099302, 0.458185
1645526516.815443, 3.779575, -1.091449, 0.461411
1645526516.895695, 3.788776, -1.086869, 0.461061
1645526516.995557, 3.798932, -1.081815, 0.464378
1645526517.095407, 3.808044, -1.077248, 0.464378
1645526517.215484, 3.819401, -1.071545, 0.465425
1645526517.295496, 3.829927, -1.066278, 0.458618
1645526517.415488, 3.843838, -1.059485, 0.445354
1645526517.515510, 3.852066, -1.055638, 0.421966
1645526517.575361, 3.856271, -1.053760, 0.420221
1645526517.716270, 3.869112, -1.048000, 0.422664
1645526517.815430, 3.878765, -1.043680, 0.414287
1645526517.915434, 3.884585, -1.041129, 0.414112
1645526518.015065, 3.890607, -1.038508, 0.404338
1645526518.115305, 3.895476, -1.036446, 0.388281
1645526518.215273, 3.895950, -1.036252, 0.385314
1645526518.276073, 3.896663, -1.035967, 0.373097
1645526518.335269, 3.899251, -1.034974, 0.357738
1645526518.455018, 3.905455, -1.032694, 0.345346
1645526518.934855, 3.917533, -1.035360, 0.165033
1645526519.014825, 3.918123, -1.035267, 0.141296
1645526519.094897, 3.918250, -1.035251, 0.116338
1645526519.515787, 3.919738, -1.035140, 0.016680
1645526519.774492, 3.919738, -1.035140, 0.016680
1645526520.174427, 3.919738, -1.035140, 0.016331
1645526520.514504, 3.919738, -1.035140, 0.016331
1645526521.134375, 3.920308, -1.036550, 0.015232
1645526522.072937, 3.920308, -1.036550, 0.015232
1645526523.113605, 3.920308, -1.036550, 0.015232
1645526523.492573, 3.920308, -1.036550, 0.015232
1645526523.612497, 3.920308, -1.036550, 0.015232
1645526523.692521, 3.924188, -1.036492, 0.015058
1645526523.792541, 3.932545, -1.036297, 0.038620
1645526523.892432, 3.942174, -1.035885, 0.056248
1645526524.012549, 3.943451, -1.035811, 0.073876
1645526524.092338, 3.943536, -1.035804, 0.083998
1645526524.192286, 3.943791, -1.035782, 0.101626
1645526524.292362, 3.943876, -1.035773, 0.119778
1645526524.392217, 3.944002, -1.035756, 0.143863
1645526524.492266, 3.944087, -1.035742, 0.162887
1645526524.592407, 3.945515, -1.035491, 0.180515
1645526524.692362, 3.949204, -1.036679, 0.208427
1645526524.812342, 3.949413, -1.036636, 0.227625
1645526524.912138, 3.949496, -1.036618, 0.255551
1645526524.971978, 3.949496, -1.036618, 0.258867
1645526525.113097, 3.951597, -1.036057, 0.266372
1645526525.192192, 3.956813, -1.034597, 0.279985
1645526525.292017, 3.963774, -1.032573, 0.286268
1645526525.412045, 3.965450, -1.032072, 0.292552
1645526525.492106, 3.970583, -1.030483, 0.313146
1645526525.592100, 3.980653, -1.027114, 0.327458
1645526525.711902, 3.997431, -1.021224, 0.366030
1645526525.811893, 4.010206, -1.016187, 0.385752
1645526525.892914, 4.017121, -1.016822, 0.407501
1645526526.012816, 4.029558, -1.011205, 0.436473
1645526526.112796, 4.038986, -1.006704, 0.463177
1645526526.192043, 4.046495, -1.002935, 0.467715
1645526526.311580, 4.058540, -0.996705, 0.493371
1645526526.411810, 4.065260, -0.993083, 0.495989
1645526526.511609, 4.073793, -0.988335, 0.528452
1645526526.611804, 4.082838, -0.982937, 0.548523
1645526526.711523, 4.088986, -0.979095, 0.582208
1645526526.811702, 4.094430, -0.975422, 0.602978
1645526526.911650, 4.102841, -0.973076, 0.629177
1645526527.011697, 4.110407, -0.967457, 0.647329
1645526527.111661, 4.112686, -0.965734, 0.667574
1645526527.191456, 4.113051, -0.965439, 0.676999
1645526527.311404, 4.119099, -0.960506, 0.703703
1645526527.411576, 4.124734, -0.955678, 0.710509
1645526527.491416, 4.126509, -0.954146, 0.731628
1645526527.611299, 4.126262, -0.954381, 0.762171
1645526527.691517, 4.126539, -0.954115, 0.792016
1645526527.791134, 4.125531, -0.950344, 0.815814
1645526527.911633, 4.125614, -0.950246, 0.860495
1645526528.011172, 4.125972, -0.949823, 0.875505
1645526528.111156, 4.125840, -0.949990, 0.911982
1645526528.211372, 4.125943, -0.949855, 0.935020
1645526528.311352, 4.126072, -0.949685, 0.973418
1645526528.411092, 4.127959, -0.951585, 1.001856
1645526528.511013, 4.128118, -0.951332, 1.047410
1645526528.591071, 4.128120, -0.951333, 1.073240
1645526528.691098, 4.128321, -0.950957, 1.114954
1645526528.811020, 4.128269, -0.951074, 1.151606
1645526528.910944, 4.128390, -0.950801, 1.200824
1645526529.031074, 4.128406, -0.950762, 1.235556
1645526529.090250, 4.133775, -0.951427, 1.265277
1645526529.229935, 4.133799, -0.951345, 1.310132
1645526529.309897, 4.133841, -0.951180, 1.353591
1645526529.390312, 4.133844, -0.951181, 1.377676
1645526529.509827, 4.133398, -0.951404, 1.434302
1645526529.609899, 4.133402, -0.951361, 1.464497
1645526529.709800, 4.133411, -0.951277, 1.516333
1645526529.810946, 4.133420, -0.951021, 1.560141
1645526529.909781, 4.134316, -0.952385, 1.600991
1645526530.009697, 4.134308, -0.952214, 1.650907
1645526530.109632, 4.134308, -0.952214, 1.689479
1645526530.229729, 4.134303, -0.952172, 1.738697
1645526530.289682, 4.134289, -0.952088, 1.756150
1645526530.409652, 4.134288, -0.952088, 1.800482
1645526530.509664, 4.138987, -0.955419, 1.823211
1645526530.609650, 4.138975, -0.955378, 1.851311
1645526530.729598, 4.138963, -0.955338, 1.886741
1645526530.789416, 4.138936, -0.955257, 1.898609
1645526530.909482, 4.138922, -0.955216, 1.932469
1645526531.089366, 4.138825, -0.954980, 1.981512
1645526531.209572, 4.138844, -0.955018, 2.017292
1645526531.309577, 4.138862, -0.955057, 2.024098
1645526531.329438, 4.138862, -0.955057, 2.024273
1645526531.529355, 4.138862, -0.955057, 2.024971
1645526531.610381, 4.138862, -0.955057, 2.024971
1645526531.710433, 4.138862, -0.955057, 2.024971
1645526531.769273, 4.138862, -0.955057, 2.024971
1645526531.809267, 4.138862, -0.955057, 2.024971
1645526532.069256, 4.138862, -0.955057, 2.024971
1645526532.189180, 4.138862, -0.955057, 2.024971
1645526532.309264, 4.138862, -0.955057, 2.024971
1645526532.409168, 4.138862, -0.955057, 2.024971
1645526532.490205, 4.138862, -0.955057, 2.024971
1645526532.609095, 4.138862, -0.955057, 2.024971
1645526532.709063, 4.138862, -0.955057, 2.024971
1645526532.808985, 4.138862, -0.955057, 2.024971
1645526532.908937, 4.138862, -0.955057, 2.024971
1645526533.009032, 4.138862, -0.955057, 2.024971
1645526533.068888, 4.138862, -0.955057, 2.024971
1645526533.209089, 4.138862, -0.955057, 2.024971
1645526533.288856, 4.138862, -0.955057, 2.024971
1645526533.408996, 4.138862, -0.955057, 2.024971
1645526533.508965, 4.138862, -0.955057, 2.024971
1645526533.587930, 4.138862, -0.955057, 2.024971
1645526533.707730, 4.138862, -0.955057, 2.024971
1645526533.807686, 4.138862, -0.955057, 2.024971
1645526533.907732, 4.138862, -0.955057, 2.024971
1645526534.007687, 4.138862, -0.955057, 2.024971
1645526534.108726, 4.138862, -0.955057, 2.024971
1645526534.208569, 4.138862, -0.955057, 2.024971
1645526534.288546, 4.138862, -0.955057, 2.024971
1645526534.408527, 4.138862, -0.955057, 2.024971
1645526534.508401, 4.138862, -0.955057, 2.024971
1645526534.607482, 4.138862, -0.955057, 2.024971
1645526534.707306, 4.138862, -0.955057, 2.024971
1645526534.807541, 4.138862, -0.955057, 2.024971
1645526534.907463, 4.138862, -0.955057, 2.024971
1645526535.008345, 4.138862, -0.955057, 2.024971
1645526535.127344, 4.138862, -0.955057, 2.024971
1645526535.227425, 4.138862, -0.955057, 2.024971
1645526535.307242, 4.138862, -0.955057, 2.024971
1645526535.387136, 4.138862, -0.955057, 2.024971
1645526535.487147, 4.138862, -0.955057, 2.024971
1645526535.587109, 4.138862, -0.955057, 2.024971
1645526535.727170, 4.138862, -0.955057, 2.024971
1645526535.807269, 4.138862, -0.955057, 2.024971
1645526535.907137, 4.138862, -0.955057, 2.024971
1645526536.007203, 4.138862, -0.955057, 2.024971
1645526536.066867, 4.138862, -0.955057, 2.024971
1645526536.206978, 4.138862, -0.955057, 2.024971
1645526536.286886, 4.138862, -0.955057, 2.024971
1645526536.447324, 4.138862, -0.955057, 2.024971
1645526536.466789, 4.138862, -0.955057, 2.024971
1645526536.706769, 4.138862, -0.955057, 2.024971
1645526536.806804, 4.138862, -0.955057, 2.024971
1645526536.867930, 4.138862, -0.955057, 2.024971
1645526537.066657, 4.138862, -0.955057, 2.024971
1645526537.146684, 4.138862, -0.955057, 2.024971
1645526537.406617, 4.138862, -0.955057, 2.024971
1645526537.446515, 4.138862, -0.955057, 2.024971
1645526537.686455, 4.138862, -0.955057, 2.024971
1645526537.746701, 4.138862, -0.955057, 2.024971
1645526537.886493, 4.138862, -0.955057, 2.024971
1645526537.986405, 4.138862, -0.955057, 2.024971
1645526538.206459, 4.138862, -0.955057, 2.024971
1645526538.326318, 4.138862, -0.955057, 2.024971
1645526538.346413, 4.138862, -0.955057, 2.024971
1645526538.426421, 4.138862, -0.955057, 2.024971
1645526538.466380, 4.138862, -0.955057, 2.024971
1645526538.506364, 4.138862, -0.955057, 2.024971
1645526538.546261, 4.138862, -0.955057, 2.024971
1645526538.566371, 4.138862, -0.955057, 2.024971
1645526538.646174, 4.138862, -0.955057, 2.024971
1645526538.725181, 4.138862, -0.955057, 2.024971
1645526538.806316, 4.138862, -0.955057, 2.024971
1645526538.886279, 4.138862, -0.955057, 2.024971
1645526539.245962, 4.138862, -0.955057, 2.024971
1645526540.304734, 4.138862, -0.955057, 2.024971
1645526540.704695, 4.138862, -0.955057, 2.024971
1645526540.804542, 4.138862, -0.955057, 2.024971
1645526540.924611, 4.138862, -0.955057, 2.024971
1645526540.984534, 4.138862, -0.955057, 2.024971
1645526541.084538, 4.138862, -0.955057, 2.024971
1645526541.204417, 4.135702, -0.948579, 2.017466
1645526541.304540, 4.132357, -0.941340, 1.995126
1645526541.404408, 4.128042, -0.931731, 1.985352
1645526541.504319, 4.122079, -0.917908, 1.970866
1645526541.604411, 4.116343, -0.904221, 1.962488
1645526541.704400, 4.112019, -0.893595, 1.949049
1645526541.804348, 4.108941, -0.885824, 1.944511
1645526541.905186, 4.105889, -0.877997, 1.938054
1645526542.005279, 4.101419, -0.866191, 1.925313
1645526542.104223, 4.098278, -0.857623, 1.919030
1645526542.204233, 4.095049, -0.848723, 1.919902
1645526542.304023, 4.094611, -0.847521, 1.921298
1645526542.404189, 4.093492, -0.844479, 1.924964
1645526542.504130, 4.090740, -0.837222, 1.946257
1645526542.604137, 4.088282, -0.831040, 1.957950
1645526542.704115, 4.088067, -0.830529, 1.989192
1645526542.823899, 4.088310, -0.831074, 2.009961
1645526542.904114, 4.088236, -0.830921, 2.027938
1645526543.004166, 4.088242, -0.830026, 2.045761
1645526543.123958, 4.088284, -0.830100, 2.081715
1645526543.224065, 4.088262, -0.830064, 2.101437
1645526543.403870, 4.088151, -0.829882, 2.116971
1645526543.523986, 4.088106, -0.829809, 2.125348
1645526543.623949, 4.088038, -0.829701, 2.127443
1645526543.703731, 4.088038, -0.829701, 2.135122
1645526543.823653, 4.088038, -0.829701, 2.134773
1645526543.863845, 4.088038, -0.829701, 2.134424
1645526544.023571, 4.088038, -0.829701, 2.134424
1645526544.083548, 4.088038, -0.829701, 2.134599
1645526544.223557, 4.088038, -0.829701, 2.134599
1645526544.283423, 4.088038, -0.829701, 2.134599
1645526544.423465, 4.088038, -0.829701, 2.134599
1645526544.523573, 4.088038, -0.829701, 2.134599
1645526544.603394, 4.088038, -0.829701, 2.134599
1645526544.703393, 4.088038, -0.829701, 2.134599
1645526544.803292, 4.088038, -0.829701, 2.134599
1645526544.903403, 4.088038, -0.829701, 2.134599
1645526545.003377, 4.088038, -0.829701, 2.134599
1645526545.102305, 4.088038, -0.829701, 2.134599
1645526545.202343, 4.088038, -0.829701, 2.134599
1645526545.283118, 4.088038, -0.829701, 2.134599
1645526545.403264, 4.088038, -0.829701, 2.134599
1645526545.503262, 4.088038, -0.829701, 2.134599
1645526545.603268, 4.088038, -0.829701, 2.134599
1645526545.682341, 4.088038, -0.829701, 2.134599
1645526545.782213, 4.088038, -0.829701, 2.134599
1645526545.923013, 4.088038, -0.829701, 2.134599
1645526546.002032, 4.088038, -0.829701, 2.134599
1645526546.121907, 4.088038, -0.829701, 2.134599
1645526546.221841, 4.088038, -0.829701, 2.134599
1645526546.321870, 4.088038, -0.829701, 2.134599
1645526546.422937, 4.088038, -0.829701, 2.134599
1645526546.502945, 4.088038, -0.829701, 2.134599
1645526546.581903, 4.088038, -0.829701, 2.134599
1645526546.681906, 4.088038, -0.829701, 2.134599
1645526546.781862, 4.088038, -0.829701, 2.134599
1645526546.901771, 4.088038, -0.829701, 2.134599
1645526546.982686, 4.088038, -0.829701, 2.134599
1645526547.101809, 4.088038, -0.829701, 2.134599
1645526547.181648, 4.088038, -0.829701, 2.134599
1645526547.301742, 4.088038, -0.829701, 2.134599
1645526547.421659, 4.088038, -0.829701, 2.134599
1645526547.502680, 4.088038, -0.829701, 2.134599
1645526547.602562, 4.088038, -0.829701, 2.134599
1645526547.701708, 4.088038, -0.829701, 2.134599
1645526547.761633, 4.088038, -0.829701, 2.134599
1645526547.921409, 4.088038, -0.829701, 2.134599
1645526548.001462, 4.088038, -0.829701, 2.134599
1645526548.101525, 4.088038, -0.829701, 2.134599
1645526548.221483, 4.088038, -0.829701, 2.134599
1645526548.301380, 4.088038, -0.829701, 2.134599
1645526548.421414, 4.088038, -0.829701, 2.134599
1645526548.502485, 4.088038, -0.829701, 2.134599
1645526548.622367, 4.088038, -0.829701, 2.134599
1645526548.681233, 4.088038, -0.829701, 2.134599
1645526548.801342, 4.088038, -0.829701, 2.134599
1645526548.901247, 4.088038, -0.829701, 2.134599
1645526549.001249, 4.088038, -0.829701, 2.134599
1645526549.101115, 4.088038, -0.829701, 2.134599
1645526549.221175, 4.088038, -0.829701, 2.134599
1645526549.321313, 4.088038, -0.829701, 2.134599
1645526549.381174, 4.088038, -0.829701, 2.134599
1645526549.461267, 4.088038, -0.829701, 2.134599
1645526549.601260, 4.088038, -0.829701, 2.134599
1645526549.701089, 4.088038, -0.829701, 2.134599
1645526549.781066, 4.088038, -0.829701, 2.134599
1645526549.921034, 4.088038, -0.829701, 2.134599
1645526549.941030, 4.088038, -0.829701, 2.134599
1645526550.040927, 4.088038, -0.829701, 2.134599
1645526550.200783, 4.088038, -0.829701, 2.134599
1645526550.300873, 4.088038, -0.829701, 2.134599
1645526550.400858, 4.088038, -0.829701, 2.134599
1645526550.520747, 4.088038, -0.829701, 2.134599
1645526550.619814, 4.088038, -0.829701, 2.134599
1645526550.699826, 4.088038, -0.829701, 2.134599
1645526550.799875, 4.088038, -0.829701, 2.134599
1645526550.900602, 4.088038, -0.829701, 2.134599
1645526551.000623, 4.088038, -0.829701, 2.134599
1645526551.100595, 4.088038, -0.829701, 2.134599
1645526551.200592, 4.088038, -0.829701, 2.134599
1645526551.300687, 4.088038, -0.829701, 2.134599
1645526551.420447, 4.088038, -0.829701, 2.134599
1645526551.499572, 4.088038, -0.829701, 2.134599
1645526551.599504, 4.088038, -0.829701, 2.134599
1645526551.679449, 4.088038, -0.829701, 2.134599
1645526551.799335, 4.088038, -0.829701, 2.134599
1645526551.919468, 4.088038, -0.829701, 2.134599
1645526552.019558, 4.088038, -0.829701, 2.134599
1645526552.099355, 4.088038, -0.829701, 2.134599
1645526552.219483, 4.088038, -0.829701, 2.134599
1645526552.320265, 4.088038, -0.829701, 2.134599
1645526552.420330, 4.088038, -0.829701, 2.134599
1645526552.519511, 4.088038, -0.829701, 2.134599
1645526552.579273, 4.088038, -0.829701, 2.134599
1645526552.699286, 4.088038, -0.829701, 2.134599
1645526552.819135, 4.088038, -0.829701, 2.134599
1645526552.880154, 4.088038, -0.829701, 2.134599
1645526553.019130, 4.088038, -0.829701, 2.134599
1645526553.119091, 4.088038, -0.829701, 2.134773
1645526553.219116, 4.084755, -0.824511, 2.137391
1645526553.299264, 4.081409, -0.819362, 2.160953
1645526553.399307, 4.078649, -0.815308, 2.182246
1645526553.519039, 4.078627, -0.815271, 2.220469
1645526553.599012, 4.081354, -0.813320, 2.249587
1645526553.678921, 4.078773, -0.810197, 2.281178
1645526553.798897, 4.076810, -0.807948, 2.332141
1645526553.879911, 4.076846, -0.807973, 2.363208
1645526553.998816, 4.075062, -0.806323, 2.416964
1645526554.078866, 4.076935, -0.803424, 2.449106
1645526554.198698, 4.074521, -0.801459, 2.500070
1645526554.258784, 4.074629, -0.801527, 2.524155
1645526554.598603, 4.076416, -0.802164, 2.658907
1645526554.638466, 4.076416, -0.802164, 2.671648
1645526554.659475, 4.076416, -0.802164, 2.680724
1645526554.678532, 4.076493, -0.802202, 2.687007
1645526554.758649, 4.076261, -0.802093, 2.718772
1645526554.798612, 4.076105, -0.802024, 2.739541
1645526554.878612, 4.076106, -0.802023, 2.772354
1645526554.958576, 4.075716, -0.799905, 2.804867
1645526555.098486, 4.068720, -0.797703, 2.877124
1645526555.138545, 4.066412, -0.797090, 2.894926
1645526555.918360, 4.027679, -0.796433, -2.995385
1645526555.998411, 4.027932, -0.796395, -2.981946
1645526556.617089, 4.028058, -0.796375, -2.985786
1645526557.817477, 4.028058, -0.796375, -2.985786
1645526558.596463, 4.028058, -0.796375, -2.985786
1645526558.716406, 4.028058, -0.796375, -2.985786
1645526558.816190, 4.025732, -0.796215, -2.986864
1645526558.896311, 4.025732, -0.796215, -2.986864
1645526558.996536, 4.025732, -0.796215, -2.986864
1645526559.116279, 4.025732, -0.796215, -2.986864
1645526559.176397, 4.023962, -0.796491, -2.986864
1645526559.296558, 4.016007, -0.797784, -2.958240
1645526559.416343, 4.004918, -0.799964, -2.940438
1645526559.516282, 3.998581, -0.801325, -2.882842
1645526559.616389, 3.996080, -0.802043, -2.853171
1645526559.697095, 3.986559, -0.805783, -2.817738
1645526559.817096, 3.973125, -0.810638, -2.766426
1645526559.896227, 3.962992, -0.814813, -2.724538
1645526560.016207, 3.946283, -0.822864, -2.656470
1645526560.095979, 3.932747, -0.828803, -2.618912
1645526560.216218, 3.921468, -0.835614, -2.556603
1645526560.316064, 3.915822, -0.839521, -2.516635
1645526560.415895, 3.909758, -0.844084, -2.452582
1645526560.495921, 3.905175, -0.847977, -2.415406
1645526560.556010, 3.896458, -0.855532, -2.384795
1645526560.696121, 3.884892, -0.867299, -2.316552
1645526560.795906, 3.880323, -0.872310, -2.277632
1645526560.915847, 3.877427, -0.875890, -2.230159
1645526561.016001, 3.874281, -0.880087, -2.191238
1645526561.075941, 3.874788, -0.883911, -2.168775
1645526561.195720, 3.873509, -0.885877, -2.139453
1645526561.315716, 3.871563, -0.888985, -2.091806
1645526561.415827, 3.871433, -0.889206, -2.074876
1645526561.515895, 3.871331, -0.889393, -2.045031
1645526561.615840, 3.870943, -0.890153, -2.044158
1645526561.695629, 3.869857, -0.892280, -2.037351
1645526561.815753, 3.867723, -0.896695, -1.999478
1645526561.895409, 3.866111, -0.901293, -1.975513
1645526561.975658, 3.865197, -0.903454, -1.949857
1645526562.115490, 3.865016, -0.903932, -1.915823
1645526562.215547, 3.864889, -0.904294, -1.896973
1645526562.295516, 3.864863, -0.904375, -1.885454
1645526562.395635, 3.864875, -0.904335, -1.864859
1645526562.495409, 3.864792, -0.904622, -1.838155
1645526562.615593, 3.864684, -0.905034, -1.813895
1645526562.715595, 3.864644, -0.905200, -1.795744
1645526562.815476, 3.865802, -0.905463, -1.775666
1645526562.895260, 3.865584, -0.906594, -1.752802
1645526562.995173, 3.864418, -0.913446, -1.721735
1645526563.075166, 3.863240, -0.921850, -1.695381
1645526563.195156, 3.861422, -0.937910, -1.668154
1645526563.315081, 3.859894, -0.956098, -1.633247
1645526563.415093, 3.859109, -0.971430, -1.604624
1645526563.515056, 3.864265, -0.982778, -1.573624
1645526563.614956, 3.864264, -0.983674, -1.561232
1645526563.695142, 3.864264, -0.983674, -1.562977
1645526563.815119, 3.864264, -0.983674, -1.561756
1645526563.895038, 3.864264, -0.983674, -1.561232
1645526564.014892, 3.864264, -0.983674, -1.561407
1645526564.094949, 3.864264, -0.983674, -1.561407
1645526564.194829, 3.864264, -0.983674, -1.561232
1645526564.254836, 3.864264, -0.983674, -1.561581
1645526564.414737, 3.864369, -0.997874, -1.569261
1645526564.514668, 3.864395, -1.007214, -1.561581
1645526564.614706, 3.864414, -1.009261, -1.565595
1645526564.714539, 3.864432, -1.012800, -1.563850
1645526564.794572, 3.864465, -1.020860, -1.574497
1645526564.893663, 3.864391, -1.028280, -1.588983
1645526564.994591, 3.864391, -1.028280, -1.590728
1645526565.114506, 3.864395, -1.028110, -1.590728
1645526565.214516, 3.864395, -1.028110, -1.591077
1645526565.294580, 3.864395, -1.028110, -1.591077
1645526565.394570, 3.864395, -1.028110, -1.591077
1645526565.493476, 3.864395, -1.028110, -1.591426
1645526565.614490, 3.864395, -1.028110, -1.591426
1645526565.713448, 3.864395, -1.028110, -1.591426
1645526565.813385, 3.864395, -1.028110, -1.591426
1645526565.894449, 3.864395, -1.028110, -1.591426
1645526565.994590, 3.864395, -1.028110, -1.591426
1645526566.094419, 3.864395, -1.028110, -1.591426
1645526566.194427, 3.864395, -1.028110, -1.591426
1645526566.314377, 3.864395, -1.028110, -1.591426
1645526566.414272, 3.864395, -1.028110, -1.591426
1645526566.514287, 3.864395, -1.028110, -1.591426
1645526566.613175, 3.864395, -1.028110, -1.591426
1645526566.713111, 3.864395, -1.028110, -1.591426
1645526566.813153, 3.864395, -1.028110, -1.591426
1645526566.912989, 3.864395, -1.028110, -1.591426
1645526567.013062, 3.864395, -1.028110, -1.591426
1645526567.112998, 3.864395, -1.028110, -1.591426
1645526567.194170, 3.864395, -1.028110, -1.591426
1645526567.273171, 3.864395, -1.028110, -1.591426
1645526567.414280, 3.864395, -1.028110, -1.591426
1645526567.513123, 3.864395, -1.028110, -1.591426
1645526567.612908, 3.864395, -1.028110, -1.591426
1645526567.712718, 3.864395, -1.028110, -1.591426
1645526567.812775, 3.864395, -1.028110, -1.591426
1645526567.912858, 3.864294, -1.033013, -1.591601
1645526568.012682, 3.863975, -1.042475, -1.618130
1645526568.112700, 3.863580, -1.050183, -1.634885
1645526568.212906, 3.863479, -1.051715, -1.640645
1645526568.313485, 3.863191, -1.055329, -1.665603
1645526568.413667, 3.862853, -1.058638, -1.699811
1645526568.492814, 3.862903, -1.058300, -1.714123
1645526568.592680, 3.861650, -1.058888, -1.756245
1645526568.692725, 3.861330, -1.060433, -1.784868
1645526568.812500, 3.860197, -1.065204, -1.837577
1645526568.892562, 3.859013, -1.069345, -1.862710
1645526569.012407, 3.856179, -1.078153, -1.927461
1645526569.112336, 3.853036, -1.086219, -1.958703
1645526569.192396, 3.848212, -1.093205, -2.005331
1645526569.332657, 3.842238, -1.105140, -2.068512
1645526569.392406, 3.837923, -1.112841, -2.104466
1645526569.512272, 3.828841, -1.128845, -2.162053
1645526569.612210, 3.819896, -1.141530, -2.215809
1645526569.732310, 3.808283, -1.156101, -2.279862
1645526569.792269, 3.802053, -1.163173, -2.315467
1645526569.912060, 3.790322, -1.176047, -2.381279
1645526570.031967, 3.776247, -1.188707, -2.448474
1645526570.111950, 3.766287, -1.196735, -2.490188
1645526570.213092, 3.753430, -1.206172, -2.539755
1645526570.292239, 3.743445, -1.213064, -2.575210
1645526570.411915, 3.727044, -1.222943, -2.628966
1645526570.492251, 3.715618, -1.229156, -2.663174
1645526570.592175, 3.701237, -1.236344, -2.699128
1645526570.692091, 3.686373, -1.243112, -2.738573
1645526570.811961, 3.667088, -1.251007, -2.778360
1645526570.911778, 3.651671, -1.256655, -2.807332
1645526571.011827, 3.636178, -1.261823, -2.840843
1645526571.112811, 3.620434, -1.266478, -2.875400
1645526571.192048, 3.607484, -1.269887, -2.897217
1645526571.311853, 3.588108, -1.274488, -2.922001
1645526571.371617, 3.578314, -1.276615, -2.935963
1645526571.511697, 3.555265, -1.281184, -2.957605
1645526571.611662, 3.538721, -1.284119, -2.977328
1645526571.711481, 3.525105, -1.284318, -2.991095
1645526571.811501, 3.508268, -1.286775, -3.005756
1645526571.911575, 3.491438, -1.288972, -3.022162
1645526572.011417, 3.474491, -1.290916, -3.035252
1645526572.112447, 3.457521, -1.292658, -3.046597
1645526572.212435, 3.440533, -1.294202, -3.058290
1645526572.291668, 3.426846, -1.295310, -3.065446
1645526572.332480, 3.419914, -1.295829, -3.071904
1645526572.471699, 3.395783, -1.297373, -3.083947
1645526572.531542, 3.385394, -1.297958, -3.088659
1645526572.571305, 3.378452, -1.298315, -3.093371
1645526573.371111, 3.245184, -1.299371, 3.112845
1645526573.452348, 3.242029, -1.299278, 3.107609
1645526573.571152, 3.242370, -1.299290, 3.104293
1645526573.831044, 3.242370, -1.299290, 3.103944
1645526574.030962, 3.242370, -1.299290, 3.103769
1645526574.610793, 3.242370, -1.299290, 3.103769
1645526575.750469, 3.240971, -1.300076, 3.104919
1645526576.510305, 3.240971, -1.300076, 3.104919
1645526576.890184, 3.240971, -1.300076, 3.104919
1645526576.970216, 3.240971, -1.300076, 3.104919
1645526577.070188, 3.240971, -1.300076, 3.104919
1645526577.209965, 3.240971, -1.300076, 3.104919
1645526577.290256, 3.240971, -1.300076, 3.104919
1645526577.409894, 3.240971, -1.300076, 3.104919
1645526577.509837, 3.236326, -1.299906, 3.104919
1645526577.589861, 3.231596, -1.299732, 3.104395
1645526577.689952, 3.223840, -1.299419, 3.096366
1645526577.789791, 3.210849, -1.298789, 3.086593
1645526577.889864, 3.197613, -1.297946, 3.068616
1645526578.009745, 3.183367, -1.296866, 3.059889
1645526578.109613, 3.171517, -1.295801, 3.039992
1645526578.209775, 3.160364, -1.294616, 3.029171
1645526578.309489, 3.150712, -1.293444, 3.005260
1645526578.409676, 3.140447, -1.292020, 3.002468
1645526578.509526, 3.130023, -1.290509, 2.987283
1645526578.609443, 3.119321, -1.288831, 2.983095
1645526578.709547, 3.105137, -1.286516, 2.972797
1645526578.809473, 3.091770, -1.284230, 2.972448
1645526578.909447, 3.081936, -1.282531, 2.967561
1645526579.009542, 3.070435, -1.280470, 2.961103
1645526579.089561, 3.061506, -1.278801, 2.945046
1645526579.209325, 3.050561, -1.276552, 2.932829
1645526579.309551, 3.045024, -1.271686, 2.903823
1645526579.409470, 3.040634, -1.270605, 2.883752
1645526579.509418, 3.040716, -1.270629, 2.876247
1645526579.609447, 3.040758, -1.270640, 2.876247
1645526579.709445, 3.040758, -1.270640, 2.876073
1645526579.829428, 3.040758, -1.270640, 2.876422
1645526579.908447, 3.040758, -1.270640, 2.875898
1645526579.988326, 3.040758, -1.270640, 2.876422
1645526580.108262, 3.040758, -1.270640, 2.876422
1645526580.208344, 3.040758, -1.270640, 2.876422
1645526580.309088, 3.040922, -1.270685, 2.876596
1645526580.429048, 3.040963, -1.270696, 2.895620
1645526580.509184, 3.040756, -1.270645, 2.910630
1645526580.609088, 3.040299, -1.270541, 2.930003
1645526580.709256, 3.040341, -1.270549, 2.955485
1645526580.808014, 3.040383, -1.270556, 2.980443
1645526580.908195, 3.040045, -1.270505, 3.009765
1645526580.988917, 3.040257, -1.270531, 3.028789
1645526581.108096, 3.040172, -1.270523, 3.057587
1645526581.227845, 3.039747, -1.270492, 3.086210
1645526581.308906, 3.038752, -1.267723, 3.097684
1645526581.408772, 3.038837, -1.267727, 3.116708
1645526581.508826, 3.038752, -1.267726, 3.138524
1645526581.608801, 3.038368, -1.267727, -3.120575
1645526581.707755, 3.038411, -1.267725, -3.103995
1645526581.807645, 3.038453, -1.267723, -3.082353
1645526581.887775, 3.038326, -1.267733, -3.062630
1645526582.007511, 3.038113, -1.267750, -3.035054
1645526582.107795, 3.038113, -1.267750, -3.034705
1645526582.187679, 3.038113, -1.267750, -3.034182
1645526582.288779, 3.038113, -1.267750, -3.033833
1645526582.407536, 3.038113, -1.267750, -3.034182
1645526582.527454, 3.038113, -1.267750, -3.034182
1645526582.587713, 3.038113, -1.267750, -3.034182
1645526582.728569, 3.038113, -1.267750, -3.034182
1645526582.787410, 3.038113, -1.267750, -3.034182
1645526582.907340, 3.038113, -1.267750, -3.034182
1645526583.007362, 3.038113, -1.267750, -3.034182
1645526583.107346, 3.038113, -1.267750, -3.034182
1645526583.207309, 3.038113, -1.267750, -3.034182
1645526583.327313, 3.038113, -1.267750, -3.034182
1645526583.408228, 3.038113, -1.267750, -3.034182
1645526583.508201, 3.038113, -1.267750, -3.034182
1645526583.607169, 3.038113, -1.267750, -3.034182
1645526583.707304, 3.038113, -1.267750, -3.034182
1645526583.807238, 3.038113, -1.267750, -3.034182
1645526583.887054, 3.038113, -1.267750, -3.034182
1645526583.987046, 3.038113, -1.267750, -3.034182
1645526584.086904, 3.038113, -1.267750, -3.034182
1645526584.207054, 3.038113, -1.267750, -3.034182
1645526584.246890, 3.038113, -1.267750, -3.034182
1645526584.527965, 3.038113, -1.267750, -3.034182
1645526584.566805, 3.038113, -1.267750, -3.034182
1645526584.586788, 3.038113, -1.267750, -3.034182
1645526584.627747, 3.038113, -1.267750, -3.034182
1645526584.686760, 3.038113, -1.267750, -3.034182
1645526584.747762, 3.038113, -1.267750, -3.034182
1645526584.786735, 3.038113, -1.267750, -3.034182
1645526584.826681, 3.038113, -1.267750, -3.034182
1645526584.906684, 3.038113, -1.267750, -3.034182
1645526585.146483, 3.038113, -1.267750, -3.034182
1645526585.446507, 3.038113, -1.267750, -3.034182
1645526585.666503, 3.038113, -1.267750, -3.034182
1645526585.806482, 3.038113, -1.267750, -3.034182
1645526585.946478, 3.038113, -1.267750, -3.034182
1645526586.026514, 3.038113, -1.267750, -3.034182
1645526586.066476, 3.038113, -1.267750, -3.034182
1645526586.126508, 3.038113, -1.267750, -3.034182
1645526586.406431, 3.038113, -1.267750, -3.034182
1645526586.427687, 3.038113, -1.267750, -3.034182
1645526586.446400, 3.038113, -1.267750, -3.034182
1645526586.466395, 3.038113, -1.267750, -3.034182
1645526586.506428, 3.038113, -1.267750, -3.034182
1645526586.546252, 3.038113, -1.267750, -3.034182
1645526586.626328, 3.038113, -1.267750, -3.034182
1645526586.666391, 3.038113, -1.267750, -3.034182
1645526586.706270, 3.038113, -1.267750, -3.034182
1645526586.747188, 3.038113, -1.267750, -3.034182
1645526586.786343, 3.038113, -1.267750, -3.034182
1645526587.106081, 3.038113, -1.267750, -3.034182
1645526587.506134, 3.038113, -1.267750, -3.034182
1645526587.925932, 3.038113, -1.267750, -3.034182
1645526589.005462, 3.038113, -1.267750, -3.034182
1645526589.105416, 3.038113, -1.267750, -3.034182
1645526589.205445, 3.038113, -1.267750, -3.034182
1645526589.305429, 3.038113, -1.267750, -3.034182
1645526589.365458, 3.038113, -1.267750, -3.034182
1645526589.525313, 3.038113, -1.267750, -3.034182
1645526589.585325, 3.038113, -1.267750, -3.034182
1645526589.685298, 3.038113, -1.267750, -3.034182
1645526589.785285, 3.038113, -1.267750, -3.034182
1645526589.925210, 3.038113, -1.267750, -3.034182
1645526590.005205, 3.038113, -1.267750, -3.034182
1645526590.105217, 3.038113, -1.267750, -3.034182
1645526590.185106, 3.038113, -1.267750, -3.034182
1645526590.305164, 3.038113, -1.267750, -3.034182
1645526590.424113, 3.038113, -1.267750, -3.034182
1645526590.523929, 3.038113, -1.267750, -3.034182
1645526590.604951, 3.038113, -1.267750, -3.034182
1645526590.705017, 3.038113, -1.267750, -3.034182
1645526590.804882, 3.038113, -1.267750, -3.034182
1645526590.904924, 3.038113, -1.267750, -3.034182
1645526591.004790, 3.038113, -1.267750, -3.034182
1645526591.103851, 3.038113, -1.267750, -3.034182
1645526591.203825, 3.038113, -1.267750, -3.034182
1645526591.324024, 3.038113, -1.267750, -3.034182
1645526591.423719, 3.038113, -1.267750, -3.034182
1645526591.523801, 3.038113, -1.267750, -3.034182
1645526591.623812, 3.038113, -1.267750, -3.034182
1645526591.724694, 3.038113, -1.267750, -3.034182
1645526591.784625, 3.038113, -1.267750, -3.034182
1645526591.904688, 3.038113, -1.267750, -3.034182
1645526591.983832, 3.038113, -1.267750, -3.034182
1645526592.083459, 3.038113, -1.267750, -3.034182
1645526592.203714, 3.038113, -1.267750, -3.034182
1645526592.323661, 3.038113, -1.267750, -3.034182
1645526592.403514, 3.038113, -1.267750, -3.034182
1645526592.523514, 3.038113, -1.267750, -3.034182
1645526592.623453, 3.038113, -1.267750, -3.034182
1645526592.704632, 3.038113, -1.267750, -3.034182
1645526592.804358, 3.038113, -1.267750, -3.034182
1645526592.904544, 3.038113, -1.267750, -3.034182
1645526592.963332, 3.038113, -1.267750, -3.034182
1645526593.124278, 3.038113, -1.267750, -3.034182
1645526593.223187, 3.038113, -1.267750, -3.034182
1645526593.303138, 3.038113, -1.267750, -3.034182
1645526593.404452, 3.038113, -1.267750, -3.034182
1645526593.504349, 3.038113, -1.267750, -3.034182
1645526593.584038, 3.038113, -1.267750, -3.034182
1645526593.683955, 3.038113, -1.267750, -3.034182
1645526593.824067, 3.038113, -1.267750, -3.034182
1645526593.883211, 3.038113, -1.267750, -3.034182
1645526594.002921, 3.038113, -1.267750, -3.034182
1645526594.103150, 3.038113, -1.267750, -3.034182
1645526594.183915, 3.038113, -1.267750, -3.034182
1645526594.302896, 3.038113, -1.267750, -3.034182
1645526594.422810, 3.038113, -1.267750, -3.034182
1645526594.483666, 3.038113, -1.267750, -3.034182
1645526594.603217, 3.038113, -1.267750, -3.034182
1645526594.703830, 3.038113, -1.267750, -3.034182
1645526594.822728, 3.038113, -1.267750, -3.034182
1645526594.902649, 3.038113, -1.267750, -3.034182
1645526595.023609, 3.038113, -1.267750, -3.034182
1645526595.102874, 3.038113, -1.267750, -3.034182
1645526595.222730, 3.038113, -1.267750, -3.034182
1645526595.322619, 3.038113, -1.267750, -3.034182
1645526595.382525, 3.038113, -1.267750, -3.034182
1645526595.502561, 3.038113, -1.267750, -3.034182
1645526595.622531, 3.038113, -1.267750, -3.034182
1645526595.722486, 3.038113, -1.267750, -3.034182
1645526595.823662, 3.038113, -1.267750, -3.034182
1645526595.902465, 3.038113, -1.267750, -3.034182
1645526596.002553, 3.038113, -1.267750, -3.034182
1645526596.102443, 3.038113, -1.267750, -3.034182
1645526596.202463, 3.038113, -1.267750, -3.034182
1645526596.302565, 3.038113, -1.267750, -3.034182
1645526596.383285, 3.038113, -1.267750, -3.034182
1645526596.483226, 3.038113, -1.267750, -3.034182
1645526596.603273, 3.038113, -1.267750, -3.034182
1645526596.703175, 3.038113, -1.267750, -3.034182
1645526596.802373, 3.038113, -1.267750, -3.034182
1645526596.902160, 3.038113, -1.267750, -3.034182
1645526597.002272, 3.038113, -1.267750, -3.034182
1645526597.102171, 3.038113, -1.267750, -3.034182
1645526597.222200, 3.038113, -1.267750, -3.034182
1645526597.322067, 3.038113, -1.267750, -3.034182
1645526597.401902, 3.038113, -1.267750, -3.034182
1645526597.502967, 3.038113, -1.267750, -3.034182
1645526597.602913, 3.038113, -1.267750, -3.034182
1645526597.722842, 3.038113, -1.267750, -3.034182
1645526597.801821, 3.038113, -1.267750, -3.034182
1645526597.921826, 3.038113, -1.267750, -3.034182
1645526598.001709, 3.038113, -1.267750, -3.034182
1645526598.101718, 3.038113, -1.267750, -3.034182
1645526598.221755, 3.038113, -1.267750, -3.034182
1645526598.321787, 3.038113, -1.267750, -3.034182
1645526598.382713, 3.038113, -1.267750, -3.034182
1645526598.502596, 3.038113, -1.267750, -3.034182
1645526598.622537, 3.038113, -1.267750, -3.034182
1645526598.661697, 3.038113, -1.267750, -3.034182
1645526598.801569, 3.038113, -1.267750, -3.034182
1645526598.901535, 3.038113, -1.267750, -3.034182
1645526599.001490, 3.038113, -1.267750, -3.034182
1645526599.101544, 3.038113, -1.267750, -3.034182
1645526599.221495, 3.038113, -1.267750, -3.034182
1645526599.301520, 3.038113, -1.267750, -3.034182
1645526599.401397, 3.038113, -1.267750, -3.034182
1645526599.501478, 3.038113, -1.267750, -3.034182
1645526599.600410, 3.038113, -1.267750, -3.034182
1645526599.700532, 3.038113, -1.267750, -3.034182
1645526599.820313, 3.038113, -1.267750, -3.034182
1645526599.920120, 3.038113, -1.267750, -3.034182
1645526600.001203, 3.038113, -1.267750, -3.034182
1645526600.101136, 3.038113, -1.267750, -3.034182
1645526600.201239, 3.038113, -1.267750, -3.034182
1645526600.321084, 3.038113, -1.267750, -3.034182
1645526600.401107, 3.038113, -1.267750, -3.034182
1645526600.480087, 3.038113, -1.267750, -3.034182
1645526600.600098, 3.038113, -1.267750, -3.034182
1645526600.700007, 3.038113, -1.267750, -3.034182
1645526600.819978, 3.038113, -1.267750, -3.034182
1645526600.920187, 3.038113, -1.267750, -3.034182
1645526601.020145, 3.038113, -1.267750, -3.034182
1645526601.099924, 3.038113, -1.267750, -3.034182
1645526601.199962, 3.038113, -1.267750, -3.034182
1645526601.300883, 3.038113, -1.267750, -3.034182
1645526601.420819, 3.038113, -1.267750, -3.034182
1645526601.499974, 3.038113, -1.267750, -3.034182
1645526601.599941, 3.038113, -1.267750, -3.034182
1645526601.699796, 3.038113, -1.267750, -3.034182
1645526601.819607, 3.038113, -1.267750, -3.034182
1645526601.919634, 3.038113, -1.267750, -3.034182
1645526601.999775, 3.038113, -1.267750, -3.034182
1645526602.099718, 3.038113, -1.267750, -3.034182
1645526602.219652, 3.038113, -1.267750, -3.034182
1645526602.279646, 3.038113, -1.267750, -3.034182
1645526602.399701, 3.038113, -1.267750, -3.034182
1645526602.579515, 3.038113, -1.267750, -3.034182
1645526602.619530, 3.038113, -1.267750, -3.034182
1645526602.639682, 3.038113, -1.267750, -3.034182
1645526602.719461, 3.038113, -1.267750, -3.034182
1645526602.759348, 3.038113, -1.267750, -3.034182
1645526602.799434, 3.038113, -1.267750, -3.034182
1645526602.879489, 3.038113, -1.267750, -3.034182
1645526602.919360, 3.038113, -1.267750, -3.034182
1645526602.958324, 3.038113, -1.267750, -3.034182
1645526602.979472, 3.038113, -1.267750, -3.034182
1645526603.019561, 3.038113, -1.267750, -3.034182
1645526603.058411, 3.038113, -1.267750, -3.034182
1645526603.099551, 3.038113, -1.267750, -3.034182
1645526603.139318, 3.038113, -1.267750, -3.034182
1645526603.199334, 3.038113, -1.267750, -3.034182
1645526603.258259, 3.038113, -1.267750, -3.034182
1645526603.618261, 3.038113, -1.267750, -3.034182
1645526603.899270, 3.038113, -1.267750, -3.034182
1645526604.197940, 3.038113, -1.267750, -3.034182
1645526605.377685, 3.038113, -1.267750, -3.034182
1645526606.517154, 3.038113, -1.267750, -3.034182
1645526606.617160, 3.038113, -1.267750, -3.034182
1645526606.717150, 3.038113, -1.267750, -3.034182
1645526606.816953, 3.038113, -1.267750, -3.034182
1645526606.897143, 3.038113, -1.267750, -3.034182
1645526606.977138, 3.038113, -1.267750, -3.034182
1645526607.097040, 3.038113, -1.267750, -3.034182
1645526607.196105, 3.038113, -1.267750, -3.034182
1645526607.316978, 3.038113, -1.267750, -3.034182
1645526607.417034, 3.038113, -1.267750, -3.034182
1645526607.516117, 3.038113, -1.267750, -3.034182
1645526607.617054, 3.038113, -1.267750, -3.034182
1645526607.697157, 3.038113, -1.267750, -3.034182
1645526607.816862, 3.038113, -1.267750, -3.034182
1645526607.895828, 3.038113, -1.267750, -3.034182
1645526607.995911, 3.038113, -1.267750, -3.034182
1645526608.095808, 3.038113, -1.267750, -3.034182
1645526608.195879, 3.038113, -1.267750, -3.034182
1645526608.296695, 3.038113, -1.267750, -3.034182
1645526608.396733, 3.038113, -1.267750, -3.034182
1645526608.496733, 3.038113, -1.267750, -3.034182
1645526608.596744, 3.038113, -1.267750, -3.034182
1645526608.696667, 3.038113, -1.267750, -3.034182
1645526608.796638, 3.038113, -1.267750, -3.034182
1645526608.916624, 3.038113, -1.267750, -3.034182
1645526608.995597, 3.038113, -1.267750, -3.034182
1645526609.115507, 3.038113, -1.267750, -3.034182
1645526609.215524, 3.038113, -1.267750, -3.034182
1645526609.315414, 3.038113, -1.267750, -3.034182
1645526609.396556, 3.038113, -1.267750, -3.034182
1645526609.495534, 3.038113, -1.267750, -3.034182
1645526609.596466, 3.038113, -1.267750, -3.034182
1645526609.696434, 3.038113, -1.267750, -3.034182
1645526609.795359, 3.038113, -1.267750, -3.034182
1645526609.895294, 3.038113, -1.267750, -3.034182
1645526610.015279, 3.038113, -1.267750, -3.034182
1645526610.115158, 3.038113, -1.267750, -3.034182
1645526610.215329, 3.038113, -1.267750, -3.034182
1645526610.315144, 3.038113, -1.267750, -3.034182
1645526610.415162, 3.038113, -1.267750, -3.034182
1645526610.515079, 3.038113, -1.267750, -3.034182
1645526610.615180, 3.038113, -1.267750, -3.034182
1645526610.716115, 3.038113, -1.267750, -3.034182
1645526610.816040, 3.038113, -1.267750, -3.034182
1645526610.894978, 3.038113, -1.267750, -3.034182
1645526610.995214, 3.038113, -1.267750, -3.034182
1645526611.094954, 3.038113, -1.267750, -3.034182
1645526611.214814, 3.038113, -1.267750, -3.034182
1645526611.314902, 3.038113, -1.267750, -3.034182
1645526611.414882, 3.038113, -1.267750, -3.034182
1645526611.495944, 3.038113, -1.267750, -3.034182
1645526611.614697, 3.038113, -1.267750, -3.034182
1645526611.694759, 3.038113, -1.267750, -3.034182
1645526611.794679, 3.038113, -1.267750, -3.034182
1645526611.914610, 3.038113, -1.267750, -3.034182
1645526611.935843, 3.038113, -1.267750, -3.034182
1645526612.074611, 3.038113, -1.267750, -3.034182
1645526612.214539, 3.038113, -1.267750, -3.034182
1645526612.334533, 3.038113, -1.267750, -3.034182
1645526612.395571, 3.038113, -1.267750, -3.034182
1645526612.514375, 3.038113, -1.267750, -3.034182
1645526612.594480, 3.038113, -1.267750, -3.034182
1645526612.694562, 3.038113, -1.267750, -3.034182
1645526612.794444, 3.038113, -1.267750, -3.034182
1645526612.894716, 3.038113, -1.267750, -3.034182
1645526612.994461, 3.038113, -1.267750, -3.034182
1645526613.114418, 3.038113, -1.267750, -3.034182
1645526613.234376, 3.038113, -1.267750, -3.034182
1645526613.294377, 3.038113, -1.267750, -3.034182
1645526613.394346, 3.038113, -1.267750, -3.034182
1645526613.494284, 3.038113, -1.267750, -3.034182
1645526613.594285, 3.038113, -1.267750, -3.034182
1645526613.694278, 3.038113, -1.267750, -3.034182
1645526613.793152, 3.038113, -1.267750, -3.034182
1645526613.933113, 3.038113, -1.267750, -3.034182
1645526613.993969, 3.038113, -1.267750, -3.034182
1645526614.133032, 3.038113, -1.267750, -3.034182
1645526614.213914, 3.038113, -1.267750, -3.034182
1645526614.313889, 3.038113, -1.267750, -3.034182
1645526614.413976, 3.038113, -1.267750, -3.034182
1645526614.533903, 3.038113, -1.267750, -3.034182
1645526614.612921, 3.038113, -1.267750, -3.034182
1645526614.712919, 3.038113, -1.267750, -3.034182
1645526614.832838, 3.038113, -1.267750, -3.034182
1645526614.912799, 3.038113, -1.267750, -3.034182
1645526614.973716, 3.038113, -1.267750, -3.034182
1645526615.112820, 3.038113, -1.267750, -3.034182
1645526615.193751, 3.038113, -1.267750, -3.034182
1645526615.312717, 3.038113, -1.267750, -3.034182
1645526615.413766, 3.038113, -1.267750, -3.034182
1645526615.532610, 3.038113, -1.267750, -3.034182
1645526615.612544, 3.038113, -1.267750, -3.034182
1645526615.712723, 3.038113, -1.267750, -3.034182
1645526615.792484, 3.038113, -1.267750, -3.034182
1645526615.932506, 3.038113, -1.267750, -3.034182
1645526616.032476, 3.038113, -1.267750, -3.034182
1645526616.092443, 3.038113, -1.267750, -3.034182
1645526616.212583, 3.038113, -1.267750, -3.034182
1645526616.313358, 3.038113, -1.267750, -3.034182
1645526616.413305, 3.038113, -1.267750, -3.034182
1645526616.452184, 3.038113, -1.267750, -3.034182
1645526616.612430, 3.038113, -1.267750, -3.034182
1645526616.712247, 3.038113, -1.267750, -3.034182
1645526616.812271, 3.038113, -1.267750, -3.034182
1645526616.892371, 3.038113, -1.267750, -3.034182
1645526616.992302, 3.038113, -1.267750, -3.034182
1645526617.093125, 3.038113, -1.267750, -3.034182
1645526617.193129, 3.038113, -1.267750, -3.034182
1645526617.292102, 3.038113, -1.267750, -3.034182
1645526617.412131, 3.038113, -1.267750, -3.034182
1645526617.512164, 3.038113, -1.267750, -3.034182
1645526617.612007, 3.038113, -1.267750, -3.034182
1645526617.711754, 3.038113, -1.267750, -3.034182
1645526617.812005, 3.038113, -1.267750, -3.034182
1645526617.911936, 3.038113, -1.267750, -3.034182
1645526617.991973, 3.038113, -1.267750, -3.034182
1645526618.112045, 3.038113, -1.267750, -3.034182
1645526618.231905, 3.038113, -1.267750, -3.034182
1645526618.331847, 3.038113, -1.267750, -3.034182
1645526618.411788, 3.038113, -1.267750, -3.034182
1645526618.510764, 3.038113, -1.267750, -3.034182
1645526618.630676, 3.038113, -1.267750, -3.034182
1645526618.730663, 3.038113, -1.267750, -3.034182
1645526618.811853, 3.038113, -1.267750, -3.034182
1645526618.911522, 3.038113, -1.267750, -3.034182
1645526619.031585, 3.038113, -1.267750, -3.034182
1645526619.131508, 3.038113, -1.267750, -3.034182
1645526619.211729, 3.038113, -1.267750, -3.034182
1645526619.310424, 3.038113, -1.267750, -3.034182
1645526619.410587, 3.038113, -1.267750, -3.034182
1645526619.510583, 3.038113, -1.267750, -3.034182
1645526619.610397, 3.038113, -1.267750, -3.034182
1645526619.710393, 3.038113, -1.267750, -3.034182
1645526619.810317, 3.038113, -1.267750, -3.034182
1645526619.891407, 3.038113, -1.267750, -3.034182
