1645526426.663843, -nan, -nan, -nan
1645526426.784636, 0.009450, 0.009983, 0.000296
1645526426.863627, 0.009450, 0.009983, 0.000296
1645526426.982662, 0.009450, 0.009983, 0.000296
1645526427.062433, 0.009450, 0.009983, 0.000296
1645526427.182409, 0.009450, 0.009983, 0.000296
1645526427.282465, 0.009450, 0.009983, 0.000296
1645526427.382212, 0.009450, 0.009983, 0.000296
1645526427.501084, 0.009450, 0.009983, 0.000296
1645526427.581249, 0.009450, 0.009983, 0.000296
1645526427.680981, 0.009450, 0.009983, 0.000296
1645526427.779977, 0.009450, 0.009983, 0.000296
1645526427.880040, 0.009450, 0.009983, 0.000296
1645526427.979853, 0.009450, 0.009983, 0.000296
1645526428.078847, 0.009450, 0.009983, 0.000296
1645526428.198675, 0.009450, 0.009983, 0.000296
1645526428.297662, 0.009450, 0.009983, 0.000296
1645526428.377489, 0.009450, 0.009983, 0.000296
1645526428.477469, 0.009450, 0.009983, 0.000296
1645526428.577340, 0.009450, 0.009983, 0.000296
1645526428.696281, 0.009450, 0.009983, 0.000296
1645526428.756219, 0.009450, 0.009983, 0.000296
1645526428.896086, 0.009450, 0.009983, 0.000296
1645526428.955103, 0.009450, 0.009983, 0.000296
1645526429.074894, 0.009450, 0.009983, 0.000296
1645526429.173934, 0.009450, 0.009983, 0.000296
1645526429.293945, 0.009450, 0.009983, 0.000296
1645526429.353766, 0.009450, 0.009983, 0.000296
1645526429.452881, 0.009450, 0.009983, 0.000296
1645526429.572643, 0.009450, 0.009983, 0.000296
1645526429.672585, 0.009450, 0.009983, 0.000296
1645526429.772396, 0.009450, 0.009983, 0.000296
1645526429.871794, 0.009450, 0.009983, 0.000296
1645526429.971334, 0.009450, 0.009983, 0.000296
1645526430.071211, 0.009450, 0.009983, 0.000296
1645526430.170168, 0.009450, 0.009983, 0.000296
1645526430.270175, 0.009450, 0.009983, 0.000296
1645526430.370070, 0.009450, 0.009983, 0.000296
1645526430.489074, 0.009450, 0.009983, 0.000296
1645526430.588923, 0.009450, 0.009983, 0.000296
1645526430.669111, 0.009450, 0.009983, 0.000296
1645526430.767795, 0.009450, 0.009983, 0.000296
1645526430.867895, 0.009450, 0.009983, 0.000296
1645526430.967731, 0.009450, 0.009983, 0.000296
1645526431.067804, 0.009450, 0.009983, 0.000296
1645526431.186514, 0.009450, 0.009983, 0.000296
1645526431.266406, 0.009450, 0.009983, 0.000296
1645526431.366313, 0.009450, 0.009983, 0.000296
1645526431.466321, 0.009450, 0.009983, 0.000296
1645526431.565202, 0.009450, 0.009983, 0.000296
1645526431.665155, 0.009450, 0.009983, 0.000296
1645526431.785009, 0.009450, 0.009983, 0.000296
1645526431.864025, 0.009450, 0.009983, 0.000296
1645526431.963952, 0.009450, 0.009983, 0.000296
1645526432.063915, 0.009450, 0.009983, 0.000296
1645526432.203943, 0.009450, 0.009983, 0.000296
1645526432.282758, 0.009450, 0.009983, 0.000296
1645526432.382630, 0.009450, 0.009983, 0.000296
1645526432.481549, 0.009450, 0.009983, 0.000296
1645526432.561447, 0.009450, 0.009983, 0.000296
1645526432.681249, 0.009450, 0.009983, 0.000296
1645526432.780174, 0.009450, 0.009983, 0.000296
1645526432.900333, 0.009450, 0.009983, 0.000296
1645526432.980058, 0.009450, 0.009983, 0.000296
1645526433.059134, 0.009450, 0.009983, 0.000296
1645526433.159150, 0.009450, 0.009983, 0.000296
1645526433.279069, 0.009450, 0.009983, 0.000296
1645526433.377896, 0.009450, 0.009983, 0.000296
1645526433.457946, 0.009450, 0.009983, 0.000296
1645526433.577748, 0.009450, 0.009983, 0.000296
1645526433.697671, 0.009450, 0.009983, 0.000296
1645526433.757639, 0.009450, 0.009983, 0.000296
1645526433.836609, 0.009450, 0.009983, 0.000296
1645526433.976619, 0.009450, 0.009983, 0.000296
1645526434.075347, 0.009450, 0.009983, 0.000296
1645526434.175354, 0.009450, 0.009983, 0.000296
1645526434.275125, 0.009450, 0.009983, 0.000296
1645526434.355216, 0.009450, 0.009983, 0.000296
1645526434.473989, 0.009450, 0.009983, 0.000296
1645526434.573918, 0.009450, 0.009983, 0.000296
1645526434.673985, 0.009450, 0.009983, 0.000296
1645526434.773878, 0.009450, 0.009983, 0.000296
1645526434.872872, 0.009450, 0.009983, 0.000296
1645526434.972711, 0.009450, 0.009983, 0.000296
1645526435.092790, 0.009450, 0.009983, 0.000296
1645526435.191722, 0.009450, 0.009983, 0.000296
1645526435.271683, 0.009450, 0.009983, 0.000296
1645526435.351748, 0.009450, 0.009983, 0.000296
1645526435.490465, 0.009450, 0.009983, 0.000296
1645526435.570407, 0.009450, 0.009983, 0.000296
1645526435.670324, 0.009450, 0.009983, 0.000296
1645526435.789127, 0.009450, 0.009983, 0.000296
1645526435.889158, 0.009450, 0.009983, 0.000296
1645526435.949333, 0.009450, 0.009983, 0.000296
1645526436.087986, 0.009450, 0.009983, 0.000296
1645526436.167916, 0.009450, 0.009983, 0.000296
1645526436.287967, 0.009450, 0.009983, 0.000296
1645526436.347834, 0.009450, 0.009983, 0.000296
1645526436.486766, 0.009450, 0.009983, 0.000296
1645526436.586667, 0.009450, 0.009983, 0.000296
1645526436.646808, 0.009450, 0.009983, 0.000296
1645526436.785556, 0.009450, 0.009983, 0.000296
1645526436.845565, 0.009450, 0.009983, 0.000296
1645526436.945621, 0.009450, 0.009983, 0.000296
1645526437.065374, 0.009450, 0.009983, 0.000296
1645526437.184074, 0.009450, 0.009983, 0.000296
1645526437.305247, 0.009450, 0.009983, 0.000296
1645526437.364055, 0.009450, 0.009983, 0.000296
1645526437.483831, 0.009450, 0.009983, 0.000296
1645526437.582983, 0.009450, 0.009983, 0.000296
1645526437.683011, 0.009450, 0.009983, 0.000296
1645526437.782866, 0.009450, 0.009983, 0.000296
1645526437.881708, 0.009450, 0.009983, 0.000296
1645526437.981625, 0.009450, 0.009983, 0.000296
1645526438.061695, 0.009450, 0.009983, 0.000296
1645526438.160453, 0.009450, 0.009983, 0.000296
1645526438.260519, 0.009450, 0.009983, 0.000296
1645526438.380477, 0.009450, 0.009983, 0.000296
1645526438.479320, 0.009450, 0.009983, 0.000296
1645526438.579230, 0.009450, 0.009983, 0.000296
1645526438.679207, 0.009450, 0.009983, 0.000296
1645526438.778178, 0.009450, 0.009983, 0.000296
1645526439.078133, 0.009450, 0.009983, 0.000296
1645526439.196860, 0.009450, 0.009983, 0.000296
1645526439.276920, 0.009450, 0.009983, 0.000296
1645526439.376709, 0.009450, 0.009983, 0.000296
1645526439.476943, 0.009450, 0.009983, 0.000296
1645526439.595650, 0.009450, 0.009983, 0.000296
1645526439.695408, 0.009450, 0.009983, 0.000296
1645526439.775349, 0.009450, 0.009983, 0.000296
1645526439.875357, 0.009450, 0.009983, 0.000296
1645526439.994185, 0.009450, 0.009983, 0.000296
1645526440.074113, 0.009450, 0.009983, 0.000296
1645526440.174151, 0.009450, 0.009983, 0.000296
1645526440.292970, 0.009450, 0.009983, 0.000296
1645526440.332932, 0.009450, 0.009983, 0.000296
1645526440.373058, 0.009450, 0.009983, 0.000296
1645526440.571866, 0.009450, 0.009983, 0.000296
1645526440.631896, 0.009450, 0.009983, 0.000296
1645526440.651863, 0.009450, 0.009983, 0.000296
1645526440.691773, 0.009450, 0.009983, 0.000296
1645526440.731859, 0.009450, 0.009983, 0.000296
1645526440.771755, 0.009450, 0.009983, 0.000296
1645526440.791749, 0.009450, 0.009983, 0.000296
1645526440.831581, 0.009450, 0.009983, 0.000296
1645526440.870813, 0.009450, 0.009983, 0.000296
1645526440.910643, 0.009450, 0.009983, 0.000296
1645526440.931605, 0.009450, 0.009983, 0.000296
1645526440.950542, 0.009450, 0.009983, 0.000296
1645526440.990520, 0.009450, 0.009983, 0.000296
1645526441.030358, 0.009450, 0.009983, 0.000296
1645526441.070469, 0.009450, 0.009983, 0.000296
1645526441.110445, 0.009450, 0.009983, 0.000296
1645526441.149660, 0.009450, 0.009983, 0.000296
1645526441.189441, 0.009450, 0.009983, 0.000296
1645526441.230378, 0.009450, 0.009983, 0.000296
1645526441.269289, 0.009450, 0.009983, 0.000296
1645526441.309318, 0.009450, 0.009983, 0.000296
1645526441.389036, 0.009450, 0.009983, 0.000296
1645526441.468069, 0.009450, 0.009983, 0.000296
1645526441.588039, 0.009450, 0.009983, 0.000296
1645526441.728067, 0.009450, 0.009983, 0.000296
1645526442.166642, 0.009450, 0.009983, 0.000296
1645526443.521696, 0.009450, 0.009983, 0.000296
1645526444.696830, 0.009450, 0.009983, 0.000296
1645526445.873095, 0.009450, 0.009983, 0.000296
1645526445.971854, 0.009450, 0.009983, 0.000296
1645526446.071871, 0.009450, 0.009983, 0.000296
1645526446.171570, 0.009450, 0.009983, 0.000296
1645526446.270699, 0.009450, 0.009983, 0.000296
1645526446.370664, 0.009450, 0.009983, 0.000296
1645526446.450640, 0.009450, 0.009983, 0.000296
1645526446.589891, 0.009450, 0.009983, 0.000296
1645526446.669620, 0.009450, 0.009983, 0.000296
1645526446.769284, 0.009450, 0.009983, 0.000296
1645526446.869363, 0.009450, 0.009983, 0.000296
1645526446.989030, 0.009450, 0.009983, 0.000296
1645526447.088979, 0.009450, 0.009983, 0.000296
1645526447.187911, 0.009450, 0.009983, 0.000296
1645526447.267892, 0.009450, 0.009983, 0.000296
1645526447.387926, 0.009450, 0.009983, 0.000296
1645526447.486791, 0.009450, 0.009983, 0.000296
1645526447.566613, 0.009450, 0.009983, 0.000296
1645526447.686699, 0.009450, 0.009983, 0.000296
1645526447.785610, 0.009450, 0.009983, 0.000296
1645526447.885745, 0.009450, 0.009983, 0.000296
1645526447.964526, 0.009450, 0.009983, 0.000296
1645526448.084553, 0.009450, 0.009983, 0.000296
1645526448.184391, 0.011582, 0.009983, 0.000296
1645526448.263259, 0.016017, 0.009982, -0.007732
1645526448.383265, 0.024587, 0.009790, -0.034436
1645526448.483078, 0.033022, 0.009421, -0.071262
1645526448.583004, 0.035699, 0.009196, -0.114197
1645526448.662224, 0.038747, 0.008822, -0.130952
1645526448.781967, 0.063711, 0.017486, -0.175900
1645526448.881651, 0.076099, 0.015065, -0.222675
1645526448.960716, 0.086578, 0.012499, -0.265435
1645526449.061003, 0.100912, 0.008340, -0.312734
1645526449.180861, 0.114670, 0.003505, -0.374693
1645526449.279781, 0.148259, -0.003969, -0.422636
1645526449.340296, 0.156464, -0.007768, -0.458415
1645526449.480466, 0.175062, -0.017564, -0.528578
1645526449.579209, 0.187901, -0.025423, -0.579367
1645526449.659288, 0.209995, -0.039130, -0.618435
1645526449.778007, 0.224601, -0.050071, -0.677253
1645526449.877944, 0.236346, -0.059956, -0.730311
1645526449.978045, 0.247528, -0.070410, -0.785638
1645526450.037126, 0.254188, -0.077198, -0.814261
1645526450.196853, 0.280109, -0.109602, -0.896962
1645526450.256645, 0.285982, -0.117135, -0.932392
1645526450.355982, 0.295073, -0.129925, -0.984054
1645526450.455686, 0.308530, -0.142264, -1.037362
1645526450.575542, 0.317740, -0.158757, -1.095656
1645526450.654659, 0.323405, -0.170132, -1.131086
1645526450.774563, 0.331168, -0.187680, -1.186587
1645526450.874473, 0.336852, -0.202671, -1.238075
1645526450.973585, 0.335559, -0.219972, -1.264856
1645526451.073423, 0.340158, -0.235510, -1.306220
1645526451.173107, 0.344161, -0.251168, -1.343745
1645526451.273152, 0.347546, -0.266928, -1.379873
1645526451.352016, 0.349412, -0.277122, -1.404133
1645526451.451877, 0.351266, -0.289391, -1.448639
1645526451.571882, 0.352259, -0.312304, -1.480448
1645526451.690855, 0.353737, -0.331907, -1.510642
1645526451.790758, 0.354403, -0.344726, -1.533855
1645526451.870664, 0.354704, -0.355255, -1.557242
1645526451.989666, 0.354623, -0.374785, -1.600526
1645526452.069652, 0.354211, -0.384926, -1.626008
1645526452.190545, 0.353216, -0.400332, -1.658297
1645526452.269333, 0.352349, -0.409288, -1.680113
1645526452.369217, 0.338243, -0.418660, -1.698354
1645526452.489143, 0.336784, -0.429480, -1.716855
1645526452.588165, 0.335258, -0.439212, -1.739195
1645526452.668006, 0.333263, -0.450335, -1.762931
1645526452.766918, 0.331352, -0.459651, -1.789111
1645526452.866878, 0.328652, -0.471063, -1.818782
1645526452.966859, 0.326091, -0.480885, -1.832570
1645526453.066033, 0.323139, -0.491838, -1.842693
1645526453.185791, 0.320218, -0.501869, -1.864160
1645526453.285643, 0.319603, -0.503911, -1.865557
1645526453.385630, 0.319303, -0.504889, -1.864859
1645526453.484656, 0.318976, -0.505993, -1.846183
1645526453.584550, 0.318785, -0.506693, -1.824367
1645526453.684400, 0.318590, -0.507479, -1.794173
1645526453.783296, 0.318405, -0.508355, -1.761710
1645526453.883219, 0.318251, -0.509194, -1.724883
1645526453.943162, 0.318191, -0.509616, -1.699576
1645526454.042993, 0.318050, -0.510845, -1.659433
1645526454.182036, 0.318000, -0.511739, -1.599918
1645526454.262123, 0.317988, -0.512507, -1.565709
1645526454.361926, 0.305774, -0.521172, -1.519888
1645526454.461799, 0.305834, -0.522023, -1.474335
1645526454.601703, 0.305970, -0.523166, -1.410456
1645526454.700584, 0.306141, -0.524132, -1.368917
1645526454.800507, 0.306264, -0.524673, -1.324412
1645526454.839689, 0.304758, -0.522440, -1.306310
1645526454.979722, 0.305058, -0.523463, -1.244874
1645526455.079537, 0.305378, -0.524345, -1.198972
1645526455.158291, 0.305521, -0.524701, -1.162669
1645526455.258423, 0.305895, -0.525515, -1.114498
1645526455.378315, 0.291045, -0.530229, -1.057389
1645526455.477352, 0.291456, -0.530927, -1.010963
1645526455.577206, 0.291782, -0.531427, -0.961222
1645526455.656948, 0.292157, -0.531945, -0.923348
1645526455.777039, 0.292609, -0.532512, -0.867497
1645526455.856836, 0.295191, -0.536535, -0.831978
1645526455.955741, 0.295456, -0.536813, -0.787297
1645526456.035669, 0.295941, -0.537293, -0.755707
1645526456.135695, 0.296254, -0.537582, -0.721673
1645526456.214627, 0.296740, -0.537999, -0.691828
1645526456.354464, 0.297605, -0.538692, -0.653954
1645526456.493424, 0.298052, -0.539021, -0.609797
1645526456.554315, 0.298402, -0.539263, -0.591471
1645526456.633201, 0.307479, -0.536559, -0.573253
1645526456.773095, 0.308022, -0.536897, -0.533809
1645526456.873119, 0.308022, -0.536897, -0.508153
1645526456.993218, 0.308022, -0.536897, -0.509723
1645526457.071920, 0.308022, -0.536897, -0.510422
1645526457.171914, 0.308022, -0.536897, -0.510072
1645526457.210930, 0.308022, -0.536897, -0.510247
1645526457.370782, 0.308022, -0.536897, -0.509723
1645526457.470731, 0.308022, -0.536897, -0.509723
1645526457.569500, 0.308022, -0.536897, -0.509723
1645526457.689576, 0.308022, -0.536897, -0.509723
1645526457.769406, 0.308022, -0.536897, -0.509723
1645526457.888285, 0.308022, -0.536897, -0.509723
1645526457.948251, 0.308022, -0.536897, -0.509723
1645526458.068224, 0.308022, -0.536897, -0.509723
1645526458.187189, 0.308022, -0.536897, -0.509723
1645526458.267198, 0.308022, -0.536897, -0.509723
1645526458.366940, 0.308022, -0.536897, -0.509723
1645526458.485948, 0.308022, -0.536897, -0.509723
1645526458.566841, 0.308022, -0.536897, -0.509723
1645526458.625942, 0.308022, -0.536897, -0.509723
1645526458.665781, 0.308022, -0.536897, -0.509723
1645526458.685854, 0.308022, -0.536897, -0.509723
1645526458.725962, 0.308022, -0.536897, -0.509723
1645526459.404252, 0.308022, -0.536897, -0.509723
1645526459.423221, 0.308022, -0.536897, -0.509723
1645526459.502371, 0.308022, -0.536897, -0.509723
1645526459.542424, 0.308022, -0.536897, -0.509723
1645526459.582373, 0.308022, -0.536897, -0.509723
1645526459.840958, 0.308022, -0.536897, -0.509723
1645526460.040751, 0.308022, -0.536897, -0.509723
1645526460.219766, 0.308022, -0.536897, -0.509723
1645526461.714566, 0.308022, -0.536897, -0.509723
1645526462.870690, 0.308022, -0.536897, -0.509723
1645526462.989693, 0.308022, -0.536897, -0.509723
1645526463.089607, 0.308022, -0.536897, -0.509723
1645526463.188536, 0.308022, -0.536897, -0.509723
1645526463.288421, 0.308022, -0.536897, -0.509723
1645526463.388348, 0.308022, -0.536897, -0.509723
1645526463.468368, 0.308022, -0.536897, -0.509723
1645526463.567269, 0.308022, -0.536897, -0.509723
1645526463.667280, 0.308022, -0.536897, -0.509723
1645526463.786161, 0.308022, -0.536897, -0.509723
1645526463.866189, 0.308022, -0.536897, -0.509723
1645526463.966055, 0.308022, -0.536897, -0.509723
1645526464.085973, 0.308022, -0.536897, -0.509723
1645526464.185050, 0.308022, -0.536897, -0.509723
1645526464.264869, 0.308022, -0.536897, -0.509723
1645526464.363991, 0.308022, -0.536897, -0.509723
1645526464.463827, 0.308022, -0.536897, -0.509723
1645526464.563784, 0.308022, -0.536897, -0.509723
1645526464.662686, 0.308022, -0.536897, -0.509723
1645526464.762524, 0.308022, -0.536897, -0.509723
1645526464.842518, 0.308022, -0.536897, -0.509723
1645526464.982297, 0.308022, -0.536897, -0.509723
1645526465.081337, 0.308022, -0.536897, -0.509723
1645526465.181286, 0.308022, -0.536897, -0.509723
1645526465.281243, 0.308022, -0.536897, -0.509723
1645526465.380050, 0.308022, -0.536897, -0.509723
1645526465.479873, 0.308022, -0.536897, -0.509723
1645526465.579975, 0.308022, -0.536897, -0.509723
1645526465.678852, 0.308022, -0.536897, -0.509723
1645526465.778744, 0.308022, -0.536897, -0.509723
1645526465.898716, 0.308022, -0.536897, -0.509723
1645526465.957721, 0.308022, -0.536897, -0.509723
1645526466.077490, 0.308022, -0.536897, -0.509723
1645526466.157443, 0.308022, -0.536897, -0.509723
1645526466.256525, 0.308022, -0.536897, -0.509723
1645526466.376395, 0.308022, -0.536897, -0.509723
1645526466.476191, 0.308022, -0.536897, -0.509723
1645526466.595110, 0.308022, -0.536897, -0.509723
1645526466.695226, 0.308022, -0.536897, -0.509723
1645526466.795901, 0.308022, -0.536897, -0.509723
1645526466.893836, 0.308022, -0.536897, -0.509723
1645526466.993844, 0.308022, -0.536897, -0.509723
1645526467.073939, 0.308022, -0.536897, -0.509723
1645526467.192845, 0.308022, -0.536897, -0.509723
1645526467.273515, 0.308022, -0.536897, -0.509723
1645526467.372689, 0.308022, -0.536897, -0.509723
1645526467.472636, 0.308022, -0.536897, -0.509723
1645526467.592339, 0.308022, -0.536897, -0.509723
1645526467.651274, 0.308022, -0.536897, -0.509723
1645526467.791093, 0.308022, -0.536897, -0.509723
1645526467.871050, 0.308022, -0.536897, -0.509723
1645526467.991013, 0.308022, -0.536897, -0.509723
1645526468.049997, 0.308022, -0.536897, -0.509723
1645526468.169947, 0.308022, -0.536897, -0.509723
1645526468.269056, 0.308022, -0.536897, -0.509723
1645526468.368958, 0.308022, -0.536897, -0.509723
1645526468.488759, 0.308022, -0.536897, -0.509723
1645526468.547755, 0.308022, -0.536897, -0.509723
1645526468.667731, 0.308022, -0.536897, -0.509723
1645526468.767580, 0.310851, -0.538478, -0.509723
1645526468.846345, 0.314723, -0.540640, -0.505884
1645526468.966375, 0.323571, -0.545525, -0.502218
1645526469.086326, 0.335437, -0.552003, -0.495761
1645526469.165379, 0.345264, -0.557321, -0.496983
1645526469.365040, 0.364518, -0.567618, -0.486511
1645526469.463948, 0.375760, -0.573451, -0.466788
1645526469.583941, 0.387731, -0.579356, -0.442877
1645526469.683789, 0.396297, -0.583387, -0.434849
1645526469.782797, 0.408508, -0.588882, -0.402386
1645526469.882791, 0.416694, -0.592298, -0.383362
1645526469.982711, 0.422012, -0.594391, -0.366606
1645526470.102690, 0.431510, -0.600296, -0.324759
1645526470.181656, 0.433736, -0.601034, -0.316032
1645526470.261528, 0.439099, -0.602745, -0.289329
1645526470.380551, 0.450709, -0.606041, -0.271526
1645526470.480309, 0.462884, -0.609375, -0.261054
1645526470.600396, 0.479734, -0.613714, -0.239412
1645526470.659202, 0.486658, -0.615379, -0.228068
1645526470.779173, 0.498009, -0.617967, -0.217945
1645526470.819149, 0.502259, -0.618896, -0.207473
1645526470.919075, 0.517430, -0.621973, -0.189670
1645526470.998022, 0.529928, -0.624275, -0.171868
1645526471.157874, 0.554602, -0.628239, -0.151971
1645526471.236981, 0.567077, -0.630166, -0.153717
1645526471.337012, 0.582628, -0.632577, -0.152670
1645526471.436886, 0.598390, -0.635012, -0.158080
1645526471.555582, 0.617149, -0.638155, -0.174835
1645526471.616585, 0.624224, -0.640981, -0.181822
1645526471.775573, 0.649366, -0.645952, -0.214110
1645526471.854386, 0.661732, -0.648693, -0.223186
1645526471.954201, 0.677607, -0.652350, -0.230866
1645526472.074315, 0.696478, -0.656867, -0.241861
1645526472.114394, 0.702687, -0.658405, -0.245526
1645526472.273062, 0.727680, -0.664810, -0.259314
1645526472.293067, 0.730689, -0.665609, -0.261758
1645526472.432980, 0.753390, -0.671838, -0.271357
1645526472.532835, 0.769202, -0.676262, -0.278862
1645526472.651715, 0.785008, -0.680860, -0.292127
1645526472.770665, 0.790513, -0.682546, -0.307136
1645526472.870755, 0.792457, -0.683186, -0.335934
1645526472.950556, 0.793138, -0.683435, -0.358275
1645526473.050472, 0.794828, -0.685865, -0.377400
1645526473.189264, 0.795498, -0.686144, -0.425920
1645526473.249573, 0.796157, -0.686447, -0.440058
1645526473.389183, 0.797034, -0.686885, -0.495908
1645526473.468070, 0.797630, -0.687217, -0.526800
1645526473.589199, 0.798394, -0.687683, -0.577764
1645526473.627976, 0.793266, -0.694639, -0.594052
1645526473.786959, 0.794165, -0.695286, -0.661770
1645526473.866959, 0.794498, -0.695554, -0.693012
1645526473.966764, 0.795047, -0.696026, -0.739088
1645526474.046672, 0.795360, -0.696317, -0.773471
1645526474.105961, 0.799065, -0.699253, -0.803335
1645526474.285537, 0.799893, -0.700172, -0.883271
1645526474.365423, 0.800292, -0.700672, -0.918701
1645526474.464430, 0.801388, -0.702194, -0.959716
1645526474.584326, 0.803195, -0.704884, -1.022723
1645526474.664263, 0.804000, -0.706175, -1.058100
1645526474.763207, 0.805078, -0.708209, -1.101210
1645526474.883106, 0.808153, -0.714727, -1.155140
1645526474.963025, 0.811336, -0.722362, -1.207326
1645526475.082964, 0.817776, -0.737418, -1.278756
1645526475.161850, 0.820988, -0.748918, -1.324833
1645526475.281760, 0.825051, -0.767320, -1.392202
1645526475.381711, 0.827649, -0.782840, -1.427109
1645526475.480674, 0.829732, -0.798739, -1.458176
1645526475.560586, 0.831042, -0.811465, -1.486276
1645526475.679586, 0.825539, -0.831772, -1.511592
1645526475.779344, 0.826343, -0.847872, -1.532885
1645526475.879385, 0.826786, -0.863943, -1.557145
1645526475.999140, 0.826914, -0.883517, -1.574250
1645526476.078114, 0.826872, -0.896865, -1.574424
1645526476.178117, 0.826797, -0.913326, -1.577042
1645526476.277998, 0.826698, -0.929659, -1.577042
1645526476.338243, 0.826640, -0.939766, -1.575995
1645526476.357065, 0.826623, -0.942964, -1.576344
1645526476.576748, 0.826497, -0.979299, -1.570933
1645526476.636986, 0.826501, -0.989406, -1.569188
1645526476.656835, 0.826506, -0.992647, -1.568315
1645526476.675886, 0.826514, -0.995973, -1.567792
1645526476.715852, 0.826535, -1.002626, -1.567268
1645526476.755821, 0.826558, -1.009236, -1.567443
1645526476.776091, 0.826569, -1.012605, -1.566745
1645526476.815849, 0.826600, -1.019343, -1.564301
1645526476.855762, 0.826647, -1.025953, -1.562381
1645526476.895977, 0.826705, -1.032691, -1.560112
1645526476.935834, 0.826786, -1.039428, -1.555225
1645526476.974720, 0.826895, -1.045995, -1.550862
1645526477.014743, 0.827039, -1.052859, -1.546324
1645526477.632363, 0.830186, -1.159120, -1.454787
1645526479.047183, 0.845038, -1.247122, -1.346577
1645526480.562271, 0.845038, -1.247122, -1.346577
1645526480.680993, 0.845038, -1.247122, -1.346577
1645526480.760923, 0.845038, -1.247122, -1.346577
1645526480.860756, 0.845038, -1.247122, -1.346577
1645526480.980927, 0.845038, -1.247122, -1.346577
1645526481.100996, 0.845038, -1.247122, -1.346577
1645526481.179989, 0.845038, -1.247122, -1.346577
1645526481.259798, 0.845038, -1.247122, -1.346577
1645526481.358667, 0.845038, -1.247122, -1.346577
1645526481.458465, 0.845038, -1.247122, -1.346577
1645526481.578397, 0.845038, -1.247122, -1.346577
1645526481.677429, 0.845038, -1.247122, -1.346577
1645526481.777328, 0.845038, -1.247122, -1.346577
1645526481.857397, 0.845777, -1.250365, -1.346577
1645526481.976047, 0.845919, -1.259767, -1.316007
1645526482.076068, 0.849120, -1.271668, -1.296460
1645526482.175965, 0.852799, -1.284188, -1.266615
1645526482.274906, 0.857553, -1.298516, -1.228741
1645526482.374902, 0.862781, -1.312724, -1.204132
1645526482.494756, 0.869508, -1.329507, -1.168178
1645526482.594422, 0.875582, -1.343420, -1.144267
1645526482.693603, 0.882054, -1.357200, -1.115644
1645526482.773590, 0.892631, -1.368934, -1.090581
1645526482.893368, 0.901389, -1.385190, -1.057071
1645526482.992318, 0.909139, -1.398640, -1.036127
1645526483.092216, 0.917134, -1.411946, -1.019895
1645526483.172269, 0.923767, -1.422636, -1.008725
1645526483.291109, 0.933868, -1.438245, -0.978531
1645526483.372096, 0.940985, -1.448723, -0.965615
1645526483.491035, 0.951886, -1.464205, -0.946242
1645526483.589820, 0.961302, -1.477078, -0.930011
1645526483.649879, 0.967029, -1.484723, -0.924600
1645526483.769775, 0.978578, -1.499836, -0.909416
1645526483.889604, 0.990591, -1.515019, -0.893010
1645526483.948660, 0.996727, -1.522616, -0.888646
1645526483.969667, 0.996029, -1.527414, -0.885376
1645526484.247487, 1.025044, -1.562132, -0.862163
1645526484.367326, 1.037820, -1.576906, -0.851342
1645526484.487356, 1.050783, -1.591515, -0.836332
1645526484.546190, 1.057402, -1.598813, -0.829002
1645526484.666187, 1.071025, -1.613514, -0.818181
1645526484.785921, 1.084528, -1.627803, -0.804393
1645526484.865939, 1.093730, -1.637296, -0.796015
1645526484.984962, 1.107762, -1.651488, -0.785892
1645526485.084891, 1.119676, -1.663336, -0.778213
1645526485.164884, 1.129470, -1.672962, -0.774373
1645526485.263770, 1.141413, -1.684598, -0.768614
1645526485.363785, 1.153503, -1.696205, -0.759363
1645526485.463579, 1.165810, -1.707832, -0.753429
1645526485.582406, 1.180668, -1.721725, -0.749590
1645526485.682480, 1.193206, -1.733292, -0.738419
1645526485.782230, 1.208089, -1.745087, -0.734044
1645526485.861352, 1.218359, -1.754331, -0.731252
1645526485.981076, 1.233780, -1.768114, -0.725667
1645526486.060926, 1.244169, -1.777289, -0.719907
1645526486.180064, 1.259727, -1.790853, -0.712926
1645526486.279911, 1.272946, -1.802232, -0.707166
1645526486.380633, 1.286280, -1.813608, -0.704897
1645526486.479697, 1.299556, -1.824856, -0.700883
1645526486.559782, 1.310348, -1.833954, -0.698090
1645526486.618835, 1.318521, -1.840800, -0.696520
1645526486.758618, 1.337457, -1.856581, -0.689713
1645526486.798456, 1.343019, -1.861164, -0.687793
1645526486.978320, 1.367864, -1.881509, -0.683081
1645526487.097593, 1.384457, -1.894901, -0.672609
1645526487.137396, 1.390030, -1.899336, -0.670863
1645526487.277358, 1.409348, -1.914577, -0.666500
1645526487.356130, 1.420794, -1.922265, -0.663119
1645526487.475970, 1.437665, -1.935374, -0.655614
1645526487.555029, 1.448989, -1.944085, -0.657534
1645526487.674867, 1.465983, -1.957174, -0.655091
1645526487.754813, 1.477391, -1.965915, -0.650029
1645526487.874741, 1.494579, -1.978963, -0.648284
1645526487.953834, 1.506007, -1.987607, -0.646190
1645526488.073507, 1.523357, -2.000651, -0.642175
1645526488.173484, 1.537138, -2.010921, -0.637637
1645526488.252416, 1.547637, -2.018671, -0.631703
1645526488.352438, 1.560613, -2.028090, -0.624373
1645526488.571258, 1.586761, -2.046657, -0.612505
1645526488.691121, 1.600219, -2.056063, -0.605872
1645526488.730983, 1.604390, -2.058954, -0.607094
1645526488.870994, 1.620908, -2.070383, -0.601684
1645526488.970031, 1.626531, -2.083622, -0.607033
1645526489.069926, 1.639455, -2.092600, -0.606509
1645526489.149794, 1.649989, -2.099861, -0.600401
1645526489.269618, 1.665047, -2.110177, -0.599004
1645526489.368504, 1.677765, -2.118776, -0.586263
1645526489.448460, 1.687440, -2.125175, -0.583471
1645526489.588442, 1.704458, -2.136319, -0.574395
1645526489.667360, 1.714131, -2.142565, -0.572301
1645526489.767283, 1.725485, -2.149824, -0.561131
1645526489.887256, 1.739017, -2.158268, -0.556069
1645526489.966164, 1.747599, -2.163605, -0.556418
1645526490.086079, 1.759776, -2.171158, -0.552928
1645526490.185945, 1.765112, -2.174448, -0.550659
1645526490.246099, 1.765258, -2.174537, -0.551182
1645526490.364822, 1.765040, -2.174403, -0.550484
1645526490.464725, 1.765040, -2.174403, -0.550135
1645526490.564785, 1.765040, -2.174403, -0.550310
1645526490.643694, 1.765040, -2.174403, -0.549961
1645526490.783461, 1.765040, -2.174403, -0.549961
1645526490.883400, 1.765040, -2.174403, -0.549961
1645526490.962311, 1.765040, -2.174403, -0.549961
1645526491.002537, 1.765040, -2.174403, -0.549961
1645526491.182427, 1.765040, -2.174403, -0.549961
1645526491.281033, 1.765040, -2.174403, -0.549961
1645526491.361321, 1.765040, -2.174403, -0.549961
1645526491.461242, 1.765040, -2.174403, -0.549961
1645526491.540966, 1.765040, -2.174403, -0.549961
1645526491.619960, 1.765040, -2.174403, -0.549961
1645526491.739793, 1.765040, -2.174403, -0.549961
1645526491.859761, 1.765040, -2.174403, -0.549961
1645526491.939704, 1.766494, -2.175295, -0.549961
1645526491.978599, 1.769075, -2.176878, -0.549961
1645526492.118717, 1.781263, -2.184082, -0.517846
1645526492.198389, 1.785199, -2.186305, -0.503709
1645526492.297426, 1.785498, -2.186469, -0.481020
1645526492.477201, 1.787640, -2.187526, -0.440877
1645526492.596253, 1.791276, -2.197747, -0.403517
1645526492.675983, 1.790882, -2.197582, -0.384318
1645526492.796016, 1.791839, -2.197946, -0.342779
1645526492.855975, 1.791798, -2.197932, -0.334052
1645526492.954985, 1.791960, -2.197988, -0.298971
1645526493.094805, 1.792983, -2.198288, -0.270872
1645526493.193851, 1.793272, -2.198362, -0.232649
1645526493.294778, 1.793438, -2.198400, -0.214497
1645526493.373664, 1.789084, -2.203484, -0.185058
1645526493.453765, 1.789084, -2.203484, -0.181393
1645526493.572784, 1.790552, -2.203753, -0.177902
1645526493.672435, 1.792567, -2.204113, -0.158878
1645526493.752542, 1.792440, -2.204096, -0.150326
1645526493.851360, 1.792862, -2.204159, -0.131651
1645526493.971214, 1.792819, -2.204154, -0.129033
1645526494.071095, 1.794427, -2.204359, -0.122226
1645526494.170094, 1.797053, -2.204670, -0.101981
1645526494.270216, 1.796968, -2.204664, -0.091509
1645526494.350098, 1.797137, -2.204679, -0.072834
1645526494.428837, 1.797563, -2.204708, -0.058347
1645526494.568907, 1.798032, -2.204729, -0.027455
1645526494.647835, 1.798287, -2.204736, -0.013318
1645526494.668834, 1.798373, -2.204737, -0.006162
1645526494.707678, 1.798942, -2.207401, 0.000275
1645526495.266337, 1.805127, -2.206711, 0.159449
1645526495.803936, 1.820894, -2.203220, 0.325605
1645526496.341715, 1.821136, -2.203137, 0.346199
1645526497.099113, 1.821136, -2.203137, 0.346199
1645526497.437727, 1.821136, -2.203137, 0.346199
1645526498.254277, 1.819042, -2.206754, 0.343019
1645526499.051687, 1.819042, -2.206754, 0.343019
1645526499.270447, 1.819042, -2.206754, 0.343019
1645526499.370470, 1.819042, -2.206754, 0.343019
1645526499.469319, 1.823781, -2.205061, 0.343019
1645526499.569193, 1.832026, -2.202155, 0.334466
1645526499.669166, 1.840614, -2.199197, 0.322773
1645526499.788995, 1.840816, -2.199127, 0.306367
1645526499.887887, 1.840857, -2.199116, 0.281758
1645526499.987832, 1.840570, -2.199196, 0.265526
1645526500.087825, 1.840652, -2.199175, 0.245629
1645526500.186810, 1.840777, -2.199145, 0.230270
1645526500.266684, 1.840943, -2.199107, 0.211072
1645526500.365690, 1.840776, -2.199141, 0.189255
1645526500.465582, 1.840818, -2.199134, 0.161679
1645526500.565562, 1.841113, -2.199087, 0.142829
1645526500.685444, 1.841155, -2.199080, 0.117522
1645526500.784243, 1.840943, -2.199105, 0.101640
1645526500.884214, 1.841028, -2.199096, 0.085233
1645526500.964211, 1.841070, -2.199093, 0.085583
1645526501.083038, 1.841070, -2.199093, 0.085233
1645526501.163027, 1.841070, -2.199093, 0.085059
1645526501.282052, 1.841070, -2.199093, 0.085233
1645526501.382020, 1.841070, -2.199093, 0.085059
1645526501.481812, 1.841070, -2.199093, 0.085059
1645526501.542060, 1.841070, -2.199093, 0.085059
1645526501.680786, 1.841070, -2.199093, 0.085059
1645526501.780854, 1.842685, -2.198955, 0.084884
1645526501.880716, 1.849144, -2.198408, 0.080870
1645526501.979546, 1.855394, -2.197922, 0.079299
1645526502.079604, 1.856797, -2.197812, 0.073191
1645526502.159385, 1.859946, -2.197600, 0.057134
1645526502.278151, 1.870170, -2.197147, 0.042822
1645526502.359243, 1.873721, -2.203295, 0.034699
1645526502.458420, 1.880371, -2.203129, 0.010090
1645526502.558172, 1.883314, -2.203109, -0.005269
1645526502.637174, 1.882887, -2.203105, -0.010156
1645526502.756985, 1.886212, -2.203204, -0.045935
1645526502.875760, 1.888682, -2.203331, -0.059375
1645526502.975922, 1.888767, -2.203338, -0.097423
1645526503.055877, 1.888640, -2.203325, -0.115574
1645526503.155948, 1.889190, -2.203397, -0.145943
1645526503.255837, 1.890766, -2.203425, -0.172576
1645526503.334628, 1.890808, -2.203433, -0.195614
1645526503.414559, 1.891267, -2.203528, -0.224936
1645526503.554518, 1.891225, -2.203520, -0.271885
1645526503.673377, 1.891634, -2.203640, -0.316042
1645526503.773451, 1.891634, -2.203641, -0.347807
1645526503.892085, 1.892577, -2.205608, -0.391579
1645526503.952039, 1.892538, -2.205592, -0.404844
1645526504.071925, 1.892810, -2.205714, -0.444463
1645526504.191935, 1.892963, -2.205790, -0.478671
1645526504.270800, 1.893151, -2.205890, -0.501710
1645526504.370859, 1.893300, -2.205974, -0.535744
1645526504.470842, 1.893336, -2.205996, -0.555815
1645526504.569729, 1.893625, -2.206178, -0.579028
1645526504.689567, 1.894899, -2.207394, -0.615542
1645526504.769576, 1.895038, -2.207493, -0.633693
1645526504.888416, 1.895311, -2.207698, -0.668425
1645526504.968526, 1.895277, -2.207672, -0.701935
1645526505.048411, 1.895504, -2.207866, -0.725497
1645526505.187314, 1.889469, -2.210321, -0.788933
1645526505.287211, 1.889647, -2.210504, -0.831868
1645526505.387149, 1.889700, -2.210571, -0.870440
1645526505.486191, 1.889892, -2.210800, -0.906568
1645526505.586098, 1.889888, -2.210803, -0.939381
1645526505.685912, 1.890039, -2.211010, -0.972193
1645526505.784825, 1.889897, -2.210797, -0.993660
1645526505.884954, 1.890033, -2.211014, -1.022633
1645526505.944711, 1.890702, -2.207584, -1.036639
1645526506.083760, 1.892410, -2.210586, -1.076956
1645526506.183709, 1.892652, -2.211036, -1.101914
1645526506.283596, 1.893137, -2.212034, -1.136646
1645526506.343513, 1.894175, -2.214326, -1.160034
1645526506.502260, 1.894833, -2.215853, -1.214313
1645526506.562157, 1.897654, -2.217018, -1.230522
1645526506.661490, 1.898028, -2.218107, -1.257226
1645526506.781105, 1.898229, -2.218759, -1.294052
1645526506.861098, 1.898331, -2.219129, -1.316567
1645526506.999890, 1.898456, -2.219669, -1.357408
1645526507.059965, 1.898525, -2.220003, -1.375385
1645526507.180786, 1.898628, -2.220548, -1.412036
1645526507.279790, 1.894362, -2.221568, -1.442019
1645526507.379780, 1.894422, -2.222076, -1.472562
1645526507.479766, 1.894433, -2.222203, -1.494553
1645526507.578566, 1.894464, -2.222671, -1.531379
1645526507.658508, 1.894472, -2.222927, -1.563668
1645526507.757452, 1.894466, -2.223567, -1.601891
1645526507.857363, 1.887116, -2.227379, -1.643555
1645526507.977231, 1.887062, -2.227931, -1.701675
1645526508.077093, 1.886995, -2.228395, -1.747228
1645526508.175955, 1.886903, -2.228855, -1.786672
1645526508.275871, 1.886818, -2.229229, -1.834494
1645526508.394871, 1.883535, -2.227135, -1.888811
1645526508.474632, 1.883464, -2.227336, -1.921275
1645526508.594769, 1.883265, -2.227854, -1.978696
1645526508.674603, 1.883126, -2.228165, -2.020060
1645526508.793782, 1.882894, -2.228621, -2.068406
1645526508.893523, 1.885633, -2.228558, -2.124533
1645526508.952689, 1.885520, -2.228739, -2.147048
1645526509.072322, 1.885203, -2.229194, -2.207785
1645526509.172353, 1.885073, -2.229363, -2.256654
1645526509.232253, 1.884827, -2.229657, -2.282485
1645526509.391138, 1.879431, -2.233590, -2.366747
1645526509.490999, 1.879007, -2.234011, -2.411602
1645526509.591101, 1.878847, -2.234152, -2.463788
1645526509.689957, 1.878315, -2.234578, -2.505152
1645526509.769770, 1.878142, -2.234703, -2.547040
1645526509.889784, 1.880361, -2.234739, -2.602280
1645526509.988743, 1.879879, -2.235014, -2.654640
1645526510.068580, 1.879689, -2.235111, -2.693212
1645526510.168405, 1.875729, -2.236910, -2.743303
1645526510.267585, 1.867561, -2.240218, -2.795981
1645526510.387280, 1.860639, -2.242510, -2.861780
1645526510.467381, 1.855578, -2.243885, -2.899305
1645526510.566344, 1.854993, -2.244006, -2.954632
1645526510.686224, 1.857111, -2.247718, -3.008521
1645526510.766129, 1.856518, -2.247792, -3.053202
1645526510.885021, 1.852690, -2.248059, -3.117954
1645526510.965070, 1.852050, -2.248063, 3.119155
1645526511.044957, 1.849673, -2.246585, 3.091054
1645526511.165010, 1.847505, -2.246415, 3.013387
1645526511.283865, 1.843330, -2.245794, 2.952475
1645526511.363974, 1.842289, -2.245561, 2.905002
1645526511.463871, 1.836100, -2.246188, 2.858086
1645526511.562452, 1.830946, -2.244527, 2.793508
1645526511.662509, 1.823108, -2.241505, 2.743592
1645526511.781514, 1.814532, -2.237501, 2.665750
1645526511.881553, 1.803722, -2.229219, 2.602503
1645526511.941212, 1.796718, -2.224898, 2.564455
1645526512.061274, 1.780987, -2.213988, 2.492722
1645526512.180126, 1.765862, -2.201771, 2.418894
1645526512.279979, 1.752904, -2.191949, 2.357212
1645526512.379045, 1.741754, -2.180193, 2.294555
1645526512.478907, 1.731299, -2.167758, 2.230676
1645526512.598860, 1.719743, -2.151911, 2.153707
1645526512.677773, 1.717901, -2.141734, 2.107751
1645526512.777716, 1.709889, -2.127455, 2.041254
1645526512.877678, 1.702849, -2.112767, 1.981913
1645526512.957782, 1.697945, -2.100905, 1.931298
1645526513.096573, 1.686365, -2.079607, 1.854968
1645526513.176486, 1.682870, -2.067035, 1.816920
1645526513.295298, 1.678550, -2.047423, 1.753739
1645526513.375336, 1.676321, -2.034349, 1.713422
1645526513.495190, 1.673923, -2.014495, 1.659142
1645526513.555168, 1.673149, -2.004418, 1.627901
1645526513.614044, 1.671919, -1.996297, 1.601816
1645526513.794218, 1.671892, -1.966065, 1.540380
1645526513.874078, 1.672498, -1.952518, 1.508615
1645526513.974048, 1.673776, -1.935850, 1.470044
1645526514.032796, 1.674872, -1.925760, 1.447878
1645526514.192741, 1.677777, -1.899622, 1.378382
1645526514.272700, 1.680535, -1.886257, 1.344697
1645526514.371717, 1.684641, -1.869569, 1.306998
1645526514.431654, 1.687417, -1.859630, 1.282389
1645526514.571393, 1.694957, -1.836615, 1.211878
1645526514.690385, 1.700327, -1.818726, 1.158148
1645526514.790283, 1.707637, -1.802750, 1.118529
1645526514.850379, 1.712315, -1.793312, 1.094967
1645526514.989168, 1.723977, -1.771744, 1.053079
1645526515.068973, 1.730960, -1.759723, 1.029342
1645526515.169078, 1.740248, -1.744658, 0.997228
1645526515.267917, 1.750070, -1.729834, 0.968780
1645526515.387989, 1.766557, -1.714744, 0.937672
1645526515.467676, 1.775099, -1.703239, 0.918299
1645526515.546660, 1.783866, -1.691959, 0.899275
1645526515.666633, 1.797455, -1.675143, 0.877633
1645526515.766546, 1.808378, -1.662263, 0.851278
1645526515.885526, 1.823120, -1.645812, 0.829287
1645526515.965448, 1.832799, -1.635304, 0.820386
1645526516.065309, 1.845358, -1.622001, 0.804678
1645526516.204023, 1.862961, -1.604083, 0.783734
1645526516.264080, 1.870783, -1.596345, 0.775007
1645526516.384048, 1.886421, -1.581168, 0.765233
1645526516.483079, 1.899657, -1.568537, 0.754063
1645526516.562983, 1.910365, -1.558573, 0.743766
1645526516.662962, 1.922457, -1.553038, 0.733288
1645526516.761908, 1.936070, -1.540878, 0.724212
1645526516.861801, 1.949793, -1.528844, 0.711646
1645526516.961798, 1.957266, -1.522425, 0.706235
1645526517.080630, 1.956974, -1.522674, 0.706934
1645526517.180719, 1.956974, -1.522674, 0.707283
1645526517.280628, 1.956974, -1.522674, 0.707283
1645526517.379379, 1.956974, -1.522674, 0.706759
1645526517.479256, 1.956974, -1.522674, 0.707108
1645526517.559297, 1.956974, -1.522674, 0.706934
1645526517.678379, 1.960964, -1.519269, 0.706585
1645526517.758199, 1.964692, -1.516083, 0.709028
1645526517.878094, 1.973689, -1.508362, 0.707108
1645526517.976978, 1.983712, -1.499808, 0.705886
1645526518.076877, 1.994548, -1.490562, 0.706759
1645526518.196734, 2.008361, -1.478828, 0.704141
1645526518.256771, 2.015337, -1.472878, 0.708330
1645526518.336639, 2.024727, -1.464829, 0.708853
1645526518.355766, 2.027058, -1.462830, 0.709377
1645526518.395684, 2.031846, -1.458718, 0.709726
1645526518.495588, 2.043560, -1.448662, 0.709202
1645526518.535559, 2.048315, -1.444578, 0.710948
1645526518.575310, 2.052969, -1.440570, 0.711122
1645526518.614393, 2.057751, -1.436451, 0.710773
1645526518.635326, 2.060110, -1.434420, 0.711471
1645526518.674303, 2.064889, -1.430297, 0.711995
1645526518.714447, 2.069634, -1.426201, 0.712170
1645526518.754460, 2.074413, -1.422078, 0.711646
1645526518.795162, 2.079192, -1.417955, 0.712519
1645526518.834220, 2.083999, -1.413799, 0.713566
1645526518.874145, 2.088707, -1.409724, 0.713566
1645526518.913357, 2.093511, -1.405565, 0.713391
1645526518.954288, 2.098411, -1.401322, 0.714264
1645526518.993325, 2.103147, -1.397215, 0.715311
1645526519.072954, 2.112714, -1.388914, 0.713915
1645526519.351836, 2.146586, -1.359431, 0.716533
1645526519.511839, 2.163016, -1.349629, 0.715360
1645526519.850526, 2.204830, -1.313161, 0.719025
1645526520.547007, 2.269785, -1.255994, 0.723388
1645526521.504324, 2.269817, -1.255966, 0.724610
1645526522.918163, 2.269817, -1.255966, 0.724610
1645526523.058005, 2.269817, -1.255966, 0.724610
1645526523.156873, 2.269817, -1.255966, 0.724610
1645526523.236941, 2.269817, -1.255966, 0.724610
1645526523.356911, 2.269817, -1.255966, 0.724610
1645526523.455654, 2.269817, -1.255966, 0.724610
1645526523.595762, 2.269817, -1.255966, 0.724610
1645526523.675745, 2.269817, -1.255966, 0.724610
1645526523.775547, 2.269817, -1.255966, 0.724610
1645526523.874624, 2.273457, -1.252743, 0.724435
1645526523.954462, 2.277513, -1.249154, 0.724435
1645526524.093499, 2.286951, -1.240836, 0.719548
1645526524.173259, 2.293722, -1.234909, 0.720072
1645526524.273350, 2.304363, -1.225570, 0.719898
1645526524.373092, 2.314348, -1.219004, 0.721017
1645526524.472205, 2.326039, -1.208727, 0.721017
1645526524.571934, 2.337237, -1.198858, 0.724682
1645526524.671818, 2.348911, -1.188497, 0.726602
1645526524.770775, 2.360418, -1.178269, 0.727649
1645526524.870801, 2.372091, -1.167844, 0.730267
1645526524.970633, 2.383870, -1.157281, 0.733583
1645526525.049630, 2.393119, -1.148943, 0.733234
1645526525.149608, 2.404903, -1.138321, 0.734107
1645526525.269659, 2.419185, -1.125440, 0.733933
1645526525.368608, 2.431058, -1.114725, 0.734456
1645526525.488335, 2.445402, -1.101785, 0.734456
1645526525.568236, 2.454959, -1.093151, 0.734456
1645526525.667218, 2.466828, -1.082433, 0.734805
1645526525.787097, 2.481194, -1.069453, 0.735154
1645526525.888017, 2.493267, -1.058515, 0.740739
1645526525.967075, 2.502895, -1.049707, 0.739518
1645526526.086077, 2.516786, -1.040010, 0.740954
1645526526.186743, 2.528941, -1.028909, 0.741303
1645526526.285773, 2.541072, -1.017782, 0.743049
1645526526.404770, 2.555733, -1.004302, 0.743921
1645526526.485604, 2.565492, -0.995321, 0.744445
1645526526.584640, 2.577565, -0.984193, 0.744620
1645526526.684564, 2.589958, -0.972784, 0.743049
1645526526.784257, 2.602268, -0.961473, 0.743398
1645526526.863234, 2.612064, -0.952469, 0.743572
1645526526.983226, 2.626787, -0.938932, 0.742700
1645526527.062089, 2.636777, -0.929760, 0.743223
1645526527.182229, 2.651743, -0.915982, 0.744620
1645526527.242924, 2.659205, -0.909103, 0.744794
1645526527.360821, 2.674057, -0.895390, 0.746190
1645526527.480717, 2.689079, -0.881485, 0.748459
1645526527.580723, 2.701541, -0.869899, 0.749506
1645526527.680787, 2.714022, -0.858270, 0.750379
1645526527.779644, 2.723773, -0.846061, 0.750437
1645526527.879599, 2.736535, -0.834171, 0.748169
1645526527.979507, 2.749041, -0.822570, 0.749739
1645526528.078491, 2.761649, -0.810828, 0.749390
1645526528.198291, 2.776995, -0.796520, 0.750961
1645526528.278217, 2.787132, -0.787068, 0.750263
1645526528.357177, 2.797263, -0.777610, 0.752008
1645526528.477097, 2.812585, -0.763275, 0.752706
1645526528.578181, 2.825221, -0.751438, 0.753579
1645526528.657135, 2.835388, -0.741893, 0.754103
1645526528.775842, 2.850802, -0.727407, 0.755848
1645526528.875825, 2.863499, -0.715448, 0.754975
1645526528.975828, 2.876284, -0.703396, 0.756546
1645526529.094678, 2.891674, -0.688885, 0.755673
1645526529.154637, 2.899394, -0.681594, 0.758641
1645526529.294771, 2.917400, -0.664512, 0.758990
1645526529.374481, 2.928853, -0.650931, 0.757531
1645526529.473742, 2.941516, -0.638936, 0.758753
1645526529.593621, 2.957135, -0.624232, 0.751772
1645526529.673277, 2.967605, -0.614450, 0.749677
1645526529.772239, 2.980504, -0.602457, 0.749503
1645526529.872203, 2.993622, -0.590261, 0.748455
1645526529.971958, 3.006915, -0.577941, 0.744965
1645526530.071013, 3.020007, -0.565843, 0.747234
1645526530.170990, 3.033183, -0.553647, 0.746361
1645526530.290879, 3.049090, -0.538940, 0.745837
1645526530.390852, 3.062355, -0.526715, 0.742696
1645526530.489657, 3.074916, -0.515173, 0.743219
1645526530.589629, 3.086931, -0.504108, 0.746187
1645526530.668588, 3.097557, -0.494242, 0.752819
1645526530.768511, 3.109656, -0.482893, 0.755437
1645526530.868546, 3.120774, -0.472368, 0.760673
1645526530.988454, 3.140931, -0.464924, 0.751960
1645526531.087330, 3.151447, -0.455129, 0.747772
1645526531.167249, 3.160105, -0.447156, 0.734856
1645526531.267134, 3.172308, -0.436171, 0.736427
1645526531.386084, 3.186651, -0.423102, 0.739045
1645526531.486126, 3.197929, -0.412811, 0.742186
1645526531.585866, 3.208896, -0.402686, 0.748644
1645526531.684913, 3.219427, -0.392907, 0.748993
1645526531.784833, 3.229306, -0.383679, 0.755975
1645526531.884682, 3.238784, -0.374770, 0.750040
1645526532.003669, 3.250050, -0.364278, 0.750215
1645526532.044498, 3.253698, -0.360874, 0.753531
1645526532.183657, 3.266378, -0.348959, 0.755102
1645526532.263485, 3.273463, -0.342300, 0.753880
1645526532.363374, 3.282257, -0.334035, 0.755451
1645526532.462520, 3.289180, -0.327514, 0.755102
1645526532.562316, 3.290516, -0.326258, 0.746899
1645526532.682242, 3.292132, -0.324802, 0.715483
1645526532.781171, 3.293069, -0.323996, 0.687383
1645526532.900933, 3.293069, -0.323996, 0.683543
1645526532.981075, 3.293069, -0.323996, 0.683194
1645526533.039978, 3.293069, -0.323996, 0.683892
1645526533.179905, 3.293069, -0.323996, 0.683892
1645526533.279873, 3.293135, -0.323942, 0.684067
1645526533.378637, 3.292937, -0.324103, 0.677958
1645526533.478735, 3.292837, -0.324183, 0.661378
1645526533.578521, 3.292837, -0.324183, 0.643052
1645526533.677388, 3.292837, -0.324183, 0.625424
1645526533.777241, 3.292559, -0.324380, 0.604480
1645526533.897395, 3.292596, -0.324359, 0.576380
1645526533.957125, 3.300162, -0.331253, 0.557410
1645526534.076041, 3.300015, -0.331339, 0.524074
1645526534.176014, 3.300053, -0.331320, 0.493356
1645526534.295898, 3.300014, -0.331337, 0.456006
1645526534.355942, 3.299899, -0.331392, 0.437157
1645526534.474852, 3.300054, -0.331321, 0.388986
1645526534.574815, 3.299260, -0.335837, 0.354283
1645526534.674701, 3.299540, -0.335735, 0.313093
1645526534.773494, 3.299337, -0.335800, 0.274871
1645526534.873510, 3.299543, -0.335744, 0.239266
1645526534.992389, 3.299335, -0.335793, 0.199123
1645526535.092542, 3.299712, -0.335720, 0.165439
1645526535.172383, 3.294895, -0.333546, 0.145078
1645526535.272230, 3.294810, -0.333559, 0.113313
1645526535.372187, 3.294895, -0.333550, 0.081548
1645526535.451144, 3.294682, -0.333566, 0.066538
1645526535.571114, 3.294768, -0.333564, 0.038090
1645526535.671039, 3.295066, -0.333554, 0.016622
1645526535.769896, 3.294895, -0.333554, -0.002053
1645526535.889956, 3.294768, -0.333553, -0.029280
1645526535.989748, 3.295023, -0.333563, -0.054936
1645526536.068892, 3.292356, -0.330948, -0.070180
1645526536.188600, 3.292313, -0.330945, -0.095662
1645526536.288579, 3.292271, -0.330941, -0.094440
1645526536.347705, 3.292271, -0.330941, -0.094789
1645526536.367592, 3.292271, -0.330941, -0.094440
1645526536.507654, 3.292271, -0.330941, -0.094440
1645526536.646396, 3.292271, -0.330941, -0.094440
1645526536.786124, 3.292271, -0.330941, -0.094440
1645526536.886113, 3.292271, -0.330941, -0.094440
1645526536.906279, 3.292271, -0.330941, -0.094440
1645526536.946154, 3.292271, -0.330941, -0.094440
1645526537.125259, 3.292271, -0.330941, -0.094440
1645526537.185084, 3.292271, -0.330941, -0.094440
1645526537.244973, 3.292271, -0.330941, -0.094440
1645526537.484094, 3.292271, -0.330941, -0.094440
1645526537.503917, 3.292271, -0.330941, -0.094440
1645526537.563833, 3.292271, -0.330941, -0.094440
1645526537.763689, 3.292271, -0.330941, -0.094440
1645526537.802806, 3.292271, -0.330941, -0.094440
1645526537.962394, 3.292271, -0.330941, -0.094440
1645526538.062335, 3.292271, -0.330941, -0.094440
1645526538.261134, 3.292271, -0.330941, -0.094440
1645526538.361079, 3.292271, -0.330941, -0.094440
1645526538.420099, 3.292271, -0.330941, -0.094440
1645526538.440072, 3.292271, -0.330941, -0.094440
1645526538.460122, 3.292271, -0.330941, -0.094440
1645526538.500065, 3.292271, -0.330941, -0.094440
1645526538.539979, 3.292271, -0.330941, -0.094440
1645526538.579965, 3.292271, -0.330941, -0.094440
1645526538.619040, 3.292271, -0.330941, -0.094440
1645526538.659916, 3.292271, -0.330941, -0.094440
1645526538.679840, 3.292271, -0.330941, -0.094440
1645526538.700005, 3.292271, -0.330941, -0.094440
1645526538.778854, 3.292271, -0.330941, -0.094440
1645526538.898813, 3.292271, -0.330941, -0.094440
1645526539.177640, 3.292271, -0.330941, -0.094440
1645526540.113973, 3.292271, -0.330941, -0.094440
1645526540.652395, 3.292271, -0.330941, -0.094440
1645526540.772517, 3.292271, -0.330941, -0.094440
1645526540.891519, 3.292271, -0.330941, -0.094440
1645526540.971261, 3.292271, -0.330941, -0.094440
1645526541.071063, 3.292271, -0.330941, -0.094440
1645526541.170132, 3.292398, -0.330953, -0.094265
1645526541.289927, 3.300167, -0.331691, -0.099501
1645526541.389066, 3.306743, -0.332364, -0.105784
1645526541.488850, 3.307719, -0.332469, -0.107530
1645526541.568790, 3.311067, -0.332840, -0.117653
1645526541.687885, 3.319020, -0.333855, -0.140167
1645526541.767778, 3.319822, -0.333970, -0.154479
1645526541.887632, 3.322893, -0.334483, -0.186768
1645526541.987634, 3.323812, -0.334668, -0.204221
1645526542.086512, 3.328692, -0.335707, -0.219754
1645526542.166344, 3.334636, -0.337071, -0.225689
1645526542.286286, 3.346732, -0.339846, -0.225340
1645526542.385308, 3.349310, -0.340434, -0.218707
1645526542.485140, 3.354018, -0.341463, -0.208584
1645526542.564006, 3.360244, -0.342733, -0.191829
1645526542.683904, 3.373564, -0.345279, -0.184848
1645526542.784010, 3.381785, -0.346792, -0.177867
1645526542.883912, 3.383674, -0.347127, -0.168267
1645526542.982861, 3.386831, -0.347642, -0.141738
1645526543.062689, 3.387804, -0.347767, -0.117129
1645526543.182600, 3.387761, -0.347760, -0.098105
1645526543.281614, 3.388229, -0.347804, -0.081524
1645526543.381752, 3.388824, -0.347849, -0.063198
1645526543.481825, 3.389377, -0.347880, -0.045396
1645526543.580586, 3.389590, -0.347889, -0.022009
1645526543.680433, 3.389932, -0.347892, -0.000541
1645526543.780318, 3.390699, -0.347886, 0.019879
1645526543.899176, 3.391168, -0.347875, 0.043965
1645526543.999097, 3.391168, -0.347875, 0.047979
1645526544.059105, 3.391168, -0.347875, 0.048503
1645526544.158913, 3.391168, -0.347875, 0.048328
1645526544.297998, 3.391168, -0.347875, 0.048154
1645526544.397715, 3.391168, -0.347875, 0.048154
1645526544.477734, 3.391168, -0.347875, 0.047979
1645526544.597756, 3.391168, -0.347875, 0.047979
1645526544.697569, 3.391168, -0.347875, 0.048154
1645526544.796491, 3.391168, -0.347875, 0.048328
1645526544.876594, 3.391168, -0.347875, 0.048328
1645526544.955338, 3.391168, -0.347875, 0.048328
1645526545.095174, 3.391168, -0.347875, 0.048328
1645526545.195133, 3.391168, -0.347875, 0.048328
1645526545.254001, 3.391168, -0.347875, 0.048328
1645526545.374093, 3.391168, -0.347875, 0.048328
1645526545.473905, 3.391168, -0.347875, 0.048328
1645526545.572978, 3.391168, -0.347875, 0.048328
1645526545.672829, 3.391168, -0.347875, 0.048328
1645526545.752895, 3.391168, -0.347875, 0.048328
1645526545.851851, 3.391168, -0.347875, 0.048328
1645526545.991603, 3.391168, -0.347875, 0.048328
1645526546.091505, 3.391168, -0.347875, 0.048328
1645526546.170444, 3.391168, -0.347875, 0.048328
1645526546.290419, 3.391168, -0.347875, 0.048328
1645526546.370324, 3.391168, -0.347875, 0.048328
1645526546.490239, 3.391168, -0.347875, 0.048328
1645526546.589122, 3.391168, -0.347875, 0.048328
1645526546.668996, 3.391168, -0.347875, 0.048328
1645526546.749011, 3.391168, -0.347875, 0.048328
1645526546.867754, 3.391168, -0.347875, 0.048328
1645526546.987834, 3.391168, -0.347875, 0.048328
1645526547.027728, 3.391168, -0.347875, 0.048328
1645526547.167747, 3.391168, -0.347875, 0.048328
1645526547.366597, 3.391168, -0.347875, 0.048328
1645526547.466419, 3.391168, -0.347875, 0.048328
1645526547.565495, 3.391168, -0.347875, 0.048328
1645526547.665475, 3.391168, -0.347875, 0.048328
1645526547.765270, 3.391168, -0.347875, 0.048328
1645526547.845209, 3.391168, -0.347875, 0.048328
1645526548.004081, 3.391168, -0.347875, 0.048328
1645526548.102927, 3.391168, -0.347875, 0.048328
1645526548.183086, 3.391168, -0.347875, 0.048328
1645526548.282867, 3.391168, -0.347875, 0.048328
1645526548.381967, 3.391168, -0.347875, 0.048328
1645526548.481888, 3.391168, -0.347875, 0.048328
1645526548.581745, 3.391168, -0.347875, 0.048328
1645526548.680787, 3.391168, -0.347875, 0.048328
1645526548.761740, 3.391168, -0.347875, 0.048328
1645526548.860520, 3.391168, -0.347875, 0.048328
1645526548.980561, 3.391168, -0.347875, 0.048328
1645526549.060339, 3.391168, -0.347875, 0.048328
1645526549.199295, 3.391168, -0.347875, 0.048328
1645526549.279225, 3.391168, -0.347875, 0.048328
1645526549.379231, 3.391168, -0.347875, 0.048328
1645526549.558301, 3.391168, -0.347875, 0.048328
1645526549.697902, 3.391168, -0.347875, 0.048328
1645526549.757155, 3.391168, -0.347875, 0.048328
1645526549.876840, 3.391168, -0.347875, 0.048328
1645526549.976784, 3.391168, -0.347875, 0.048328
1645526550.035734, 3.391168, -0.347875, 0.048328
1645526550.116565, 3.391168, -0.347875, 0.048328
1645526550.295545, 3.391168, -0.347875, 0.048328
1645526550.354354, 3.391168, -0.347875, 0.048328
1645526550.494389, 3.391168, -0.347875, 0.048328
1645526550.594196, 3.391168, -0.347875, 0.048328
1645526550.653506, 3.391168, -0.347875, 0.048328
1645526550.773254, 3.391168, -0.347875, 0.048328
1645526550.874162, 3.391168, -0.347875, 0.048328
1645526550.972072, 3.391168, -0.347875, 0.048328
1645526551.071929, 3.391168, -0.347875, 0.048328
1645526551.191794, 3.391168, -0.347875, 0.048328
1645526551.290679, 3.391168, -0.347875, 0.048328
1645526551.371790, 3.391168, -0.347875, 0.048328
1645526551.490573, 3.391168, -0.347875, 0.048328
1645526551.570550, 3.391168, -0.347875, 0.048328
1645526551.670541, 3.391168, -0.347875, 0.048328
1645526551.749413, 3.391168, -0.347875, 0.048328
1645526551.889323, 3.391168, -0.347875, 0.048328
1645526551.989172, 3.391168, -0.347875, 0.048328
1645526552.069226, 3.391168, -0.347875, 0.048328
1645526552.168203, 3.391168, -0.347875, 0.048328
1645526552.268036, 3.391168, -0.347875, 0.048328
1645526552.386942, 3.391168, -0.347875, 0.048328
1645526552.486857, 3.391168, -0.347875, 0.048328
1645526552.586719, 3.391168, -0.347875, 0.048328
1645526552.645942, 3.391168, -0.347875, 0.048328
1645526552.785650, 3.391168, -0.347875, 0.048328
1645526552.885486, 3.391168, -0.347875, 0.048328
1645526552.944577, 3.391168, -0.347875, 0.048328
1645526553.064675, 3.391168, -0.347875, 0.048328
1645526553.164327, 3.391168, -0.347875, 0.048328
1645526553.263343, 3.391168, -0.347875, 0.048328
1645526553.383286, 3.391168, -0.347875, 0.048328
1645526553.483205, 3.391168, -0.347875, 0.048328
1645526553.562979, 3.391168, -0.347875, 0.048328
1645526553.662038, 3.391168, -0.347875, 0.048328
1645526553.781924, 3.391168, -0.347875, 0.048328
1645526553.862181, 3.391168, -0.347875, 0.048328
1645526553.960856, 3.391168, -0.347875, 0.048328
1645526554.060776, 3.391168, -0.347875, 0.048328
1645526554.181717, 3.391168, -0.347875, 0.048328
1645526554.279642, 3.391168, -0.347875, 0.048328
1645526554.320765, 3.391168, -0.347875, 0.048328
1645526554.359659, 3.391168, -0.347875, 0.048328
1645526554.439543, 3.391168, -0.347875, 0.048328
1645526554.678314, 3.391168, -0.347875, 0.048328
1645526554.718323, 3.391168, -0.347875, 0.048328
1645526554.738211, 3.391168, -0.347875, 0.048328
1645526554.818159, 3.391168, -0.347875, 0.048328
1645526554.858102, 3.391168, -0.347875, 0.048328
1645526554.938044, 3.391168, -0.347875, 0.048328
1645526555.057100, 3.391168, -0.347875, 0.048328
1645526555.157080, 3.391168, -0.347875, 0.048328
1645526555.236865, 3.391168, -0.347875, 0.048328
1645526555.315860, 3.391168, -0.347875, 0.048328
1645526555.355874, 3.391168, -0.347875, 0.048328
1645526555.395851, 3.391168, -0.347875, 0.048328
1645526555.435735, 3.391168, -0.347875, 0.048328
1645526555.475708, 3.391168, -0.347875, 0.048328
1645526555.515657, 3.391168, -0.347875, 0.048328
1645526555.555781, 3.391168, -0.347875, 0.048328
1645526555.575649, 3.391168, -0.347875, 0.048328
1645526555.654624, 3.391168, -0.347875, 0.048328
1645526555.854409, 3.391168, -0.347875, 0.048328
1645526556.550773, 3.391168, -0.347875, 0.048328
1645526557.408209, 3.391168, -0.347875, 0.048328
1645526558.344406, 3.391168, -0.347875, 0.048328
1645526558.544124, 3.391168, -0.347875, 0.048328
1645526558.663229, 3.391168, -0.347875, 0.048328
1645526558.743158, 3.391168, -0.347875, 0.048328
1645526558.862911, 3.391168, -0.347875, 0.048328
1645526558.961859, 3.391168, -0.347875, 0.048328
1645526559.061777, 3.391168, -0.347875, 0.048328
1645526559.201777, 3.391168, -0.347875, 0.048328
1645526559.280777, 3.391168, -0.347875, 0.048328
1645526559.360683, 3.391168, -0.347875, 0.048328
1645526559.460623, 3.391168, -0.347875, 0.048328
1645526559.579602, 3.391168, -0.347875, 0.048328
1645526559.659586, 3.391168, -0.347875, 0.048328
1645526559.779338, 3.391168, -0.347875, 0.048328
1645526559.878349, 3.391168, -0.347875, 0.048328
1645526559.958257, 3.391168, -0.347875, 0.048328
1645526560.078196, 3.391168, -0.347875, 0.048328
1645526560.177076, 3.391168, -0.347875, 0.048328
1645526560.297028, 3.391168, -0.347875, 0.048328
1645526560.376978, 3.391168, -0.347875, 0.048328
1645526560.416951, 3.391168, -0.347875, 0.048328
1645526560.575684, 3.391168, -0.347875, 0.048328
1645526560.695669, 3.391168, -0.347875, 0.048328
1645526560.774753, 3.391168, -0.347875, 0.048328
1645526560.874593, 3.391168, -0.347875, 0.048328
1645526560.994609, 3.391168, -0.347875, 0.048328
1645526561.093515, 3.391168, -0.347875, 0.048328
1645526561.173596, 3.391168, -0.347875, 0.048328
1645526561.273469, 3.391168, -0.347875, 0.048328
1645526561.352361, 3.391168, -0.347875, 0.048328
1645526561.472201, 3.391168, -0.347875, 0.048328
1645526561.573160, 3.391168, -0.347875, 0.048328
1645526561.691118, 3.391168, -0.347875, 0.048328
1645526561.791025, 3.391168, -0.347875, 0.048328
1645526561.850925, 3.391168, -0.347875, 0.048328
1645526561.950843, 3.391168, -0.347875, 0.048328
1645526562.070794, 3.391168, -0.347875, 0.048328
1645526562.149730, 3.391168, -0.347875, 0.048328
1645526562.289614, 3.391168, -0.347875, 0.048328
1645526562.388557, 3.391168, -0.347875, 0.048328
1645526562.488516, 3.391168, -0.347875, 0.048328
1645526562.568362, 3.391168, -0.347875, 0.048328
1645526562.668318, 3.391168, -0.347875, 0.048328
1645526562.787144, 3.391168, -0.347875, 0.048328
1645526562.887134, 3.391168, -0.347875, 0.048328
1645526562.947109, 3.391168, -0.347875, 0.048328
1645526563.066813, 3.391168, -0.347875, 0.048328
1645526563.186106, 3.391168, -0.347875, 0.048328
1645526563.285964, 3.391168, -0.347875, 0.048328
1645526563.384688, 3.391168, -0.347875, 0.048328
1645526563.484689, 3.391168, -0.347875, 0.048328
1645526563.584683, 3.391168, -0.347875, 0.048328
1645526563.684673, 3.391168, -0.347875, 0.048328
1645526563.783737, 3.391168, -0.347875, 0.048328
1645526563.883678, 3.391168, -0.347875, 0.048328
1645526563.983511, 3.391168, -0.347875, 0.048328
1645526564.102232, 3.391168, -0.347875, 0.048328
1645526564.182256, 3.391168, -0.347875, 0.048328
1645526564.282357, 3.391168, -0.347875, 0.048328
1645526564.381206, 3.391168, -0.347875, 0.048328
1645526564.481258, 3.391168, -0.347875, 0.048328
1645526564.601138, 3.391168, -0.347875, 0.048328
1645526564.660002, 3.391168, -0.347875, 0.048328
1645526564.759905, 3.391168, -0.347875, 0.048328
1645526564.859849, 3.391168, -0.347875, 0.048328
1645526564.958793, 3.391168, -0.347875, 0.048328
1645526565.078648, 3.391168, -0.347875, 0.048328
1645526565.198651, 3.391168, -0.347875, 0.048328
1645526565.277512, 3.391168, -0.347875, 0.048328
1645526565.377587, 3.391168, -0.347875, 0.048328
1645526565.477516, 3.391168, -0.347875, 0.048328
1645526565.576329, 3.391168, -0.347875, 0.048328
1645526565.676153, 3.391168, -0.347875, 0.048328
1645526565.777122, 3.391168, -0.347875, 0.048328
1645526565.895083, 3.391168, -0.347875, 0.048328
1645526565.994950, 3.391168, -0.347875, 0.048328
1645526566.054765, 3.391168, -0.347875, 0.048328
1645526566.174028, 3.391168, -0.347875, 0.048328
1645526566.254812, 3.391168, -0.347875, 0.048328
1645526566.394745, 3.391168, -0.347875, 0.048328
1645526566.492681, 3.391168, -0.347875, 0.048328
1645526566.592602, 3.391168, -0.347875, 0.048328
1645526566.672525, 3.391168, -0.347875, 0.048328
1645526566.791391, 3.391168, -0.347875, 0.048328
1645526566.872316, 3.391168, -0.347875, 0.048328
1645526566.971213, 3.391168, -0.347875, 0.048328
1645526567.091139, 3.391168, -0.347875, 0.048328
1645526567.171134, 3.391168, -0.347875, 0.048328
1645526567.250227, 3.391168, -0.347875, 0.048328
1645526567.369829, 3.391168, -0.347875, 0.048328
1645526567.469847, 3.391168, -0.347875, 0.048328
1645526567.589593, 3.391168, -0.347875, 0.048328
1645526567.688550, 3.391168, -0.347875, 0.048328
1645526567.788506, 3.391168, -0.347875, 0.048328
1645526567.888492, 3.391168, -0.347875, 0.048328
1645526568.007589, 3.391168, -0.347875, 0.048328
1645526568.087327, 3.391168, -0.347875, 0.048328
1645526568.186296, 3.391168, -0.347875, 0.048328
1645526568.286266, 3.391168, -0.347875, 0.048328
1645526568.386095, 3.391168, -0.347875, 0.048328
1645526568.484976, 3.391168, -0.347875, 0.048328
1645526568.584946, 3.391168, -0.347875, 0.048328
1645526568.684918, 3.391168, -0.347875, 0.048328
1645526568.764004, 3.391168, -0.347875, 0.048328
1645526568.883890, 3.391168, -0.347875, 0.048328
1645526568.963874, 3.391168, -0.347875, 0.048328
1645526569.082668, 3.391168, -0.347875, 0.048328
1645526569.182431, 3.391168, -0.347875, 0.048328
1645526569.262582, 3.391168, -0.347875, 0.048328
1645526569.381464, 3.391168, -0.347875, 0.048328
1645526569.481371, 3.391168, -0.347875, 0.048328
1645526569.581390, 3.391168, -0.347875, 0.048328
1645526569.660415, 3.391168, -0.347875, 0.048328
1645526569.800232, 3.391168, -0.347875, 0.048328
1645526569.860270, 3.391168, -0.347875, 0.048328
1645526569.979160, 3.391168, -0.347875, 0.048328
1645526570.099044, 3.391168, -0.347875, 0.048328
1645526570.159050, 3.391168, -0.347875, 0.048328
1645526570.258074, 3.391168, -0.347875, 0.048328
1645526570.377874, 3.391168, -0.347875, 0.048328
1645526570.477976, 3.391168, -0.347875, 0.048328
1645526570.556858, 3.391168, -0.347875, 0.048328
1645526570.656747, 3.391168, -0.347875, 0.048328
1645526570.696589, 3.391168, -0.347875, 0.048328
1645526570.855527, 3.391168, -0.347875, 0.048328
1645526570.975371, 3.391168, -0.347875, 0.048328
1645526571.075308, 3.391168, -0.347875, 0.048328
1645526571.174160, 3.391168, -0.347875, 0.048328
1645526571.234201, 3.391168, -0.347875, 0.048328
1645526571.374130, 3.391168, -0.347875, 0.048328
1645526571.394069, 3.391168, -0.347875, 0.048328
1645526571.572854, 3.391168, -0.347875, 0.048328
1645526571.673053, 3.391168, -0.347875, 0.048328
1645526571.771867, 3.391168, -0.347875, 0.048328
1645526571.891647, 3.391168, -0.347875, 0.048328
1645526571.991716, 3.391168, -0.347875, 0.048328
1645526572.070588, 3.391168, -0.347875, 0.048328
1645526572.190562, 3.391168, -0.347875, 0.048328
1645526572.270383, 3.391168, -0.347875, 0.048328
1645526572.349501, 3.391168, -0.347875, 0.048328
1645526572.389260, 3.391168, -0.347875, 0.048328
1645526572.549314, 3.391168, -0.347875, 0.048328
1645526572.609277, 3.391168, -0.347875, 0.048328
1645526572.648122, 3.391168, -0.347875, 0.048328
1645526572.667959, 3.391168, -0.347875, 0.048328
1645526572.707996, 3.391168, -0.347875, 0.048328
1645526572.747955, 3.391168, -0.347875, 0.048328
1645526572.828061, 3.391168, -0.347875, 0.048328
1645526572.867877, 3.391168, -0.347875, 0.048328
1645526572.907902, 3.391168, -0.347875, 0.048328
1645526572.947924, 3.391168, -0.347875, 0.048328
1645526572.986842, 3.391168, -0.347875, 0.048328
1645526573.006955, 3.391168, -0.347875, 0.048328
1645526573.027934, 3.391168, -0.347875, 0.048328
1645526573.166593, 3.391168, -0.347875, 0.048328
1645526573.226693, 3.391168, -0.347875, 0.048328
1645526573.265571, 3.391168, -0.347875, 0.048328
1645526573.345681, 3.391168, -0.347875, 0.048328
1645526573.704498, 3.391168, -0.347875, 0.048328
1645526573.903123, 3.391168, -0.347875, 0.048328
1645526576.354437, 3.391168, -0.347875, 0.048328
1645526576.613439, 3.391168, -0.347875, 0.048328
1645526576.752225, 3.391168, -0.347875, 0.048328
1645526576.852083, 3.391168, -0.347875, 0.048328
1645526576.932115, 3.391168, -0.347875, 0.048328
1645526577.070993, 3.391168, -0.347875, 0.048328
1645526577.150797, 3.391168, -0.347875, 0.048328
1645526577.270472, 3.391168, -0.347875, 0.048328
1645526577.369882, 3.391168, -0.347875, 0.048328
1645526577.489550, 3.391168, -0.347875, 0.048328
1645526577.569589, 3.391168, -0.347875, 0.048328
1645526577.669709, 3.391168, -0.347875, 0.048328
1645526577.769436, 3.391168, -0.347875, 0.048328
1645526577.888345, 3.391168, -0.347875, 0.048328
1645526577.968212, 3.391168, -0.347875, 0.048328
1645526578.087185, 3.391168, -0.347875, 0.048328
1645526578.187141, 3.391168, -0.347875, 0.048328
1645526578.308035, 3.391168, -0.347875, 0.048328
1645526578.366954, 3.391168, -0.347875, 0.048328
1645526578.486145, 3.391168, -0.347875, 0.048328
1645526578.586051, 3.391168, -0.347875, 0.048328
1645526578.685780, 3.391168, -0.347875, 0.048328
1645526578.785695, 3.391168, -0.347875, 0.048328
1645526578.884690, 3.391168, -0.347875, 0.048328
1645526578.964517, 3.391168, -0.347875, 0.048328
1645526579.084451, 3.391168, -0.347875, 0.048328
1645526579.163348, 3.391168, -0.347875, 0.048328
1645526579.283363, 3.391168, -0.347875, 0.048328
1645526579.363533, 3.391168, -0.347875, 0.048328
1645526579.482234, 3.391168, -0.347875, 0.048328
1645526579.601993, 3.391168, -0.347875, 0.048328
1645526579.682036, 3.391168, -0.347875, 0.048328
1645526579.780960, 3.391168, -0.347875, 0.048328
1645526579.880980, 3.391168, -0.347875, 0.048328
1645526579.980954, 3.391168, -0.347875, 0.048328
1645526580.059819, 3.391168, -0.347875, 0.048328
1645526580.179727, 3.391168, -0.347875, 0.048328
1645526580.299587, 3.391168, -0.347875, 0.048328
1645526580.398608, 3.391168, -0.347875, 0.048328
1645526580.478444, 3.391168, -0.347875, 0.048328
1645526580.578444, 3.391168, -0.347875, 0.048328
1645526580.697383, 3.391168, -0.347875, 0.048328
1645526580.797460, 3.391168, -0.347875, 0.048328
1645526580.877398, 3.391168, -0.347875, 0.048328
1645526580.977043, 3.391168, -0.347875, 0.048328
1645526581.096030, 3.391168, -0.347875, 0.048328
1645526581.157084, 3.391168, -0.347875, 0.048328
1645526581.275927, 3.391168, -0.347875, 0.048328
1645526581.375835, 3.391168, -0.347875, 0.048328
1645526581.475850, 3.391168, -0.347875, 0.048328
1645526581.594675, 3.391168, -0.347875, 0.048328
1645526581.654661, 3.391168, -0.347875, 0.048328
1645526581.774580, 3.391168, -0.347875, 0.048328
1645526581.873617, 3.391168, -0.347875, 0.048328
1645526581.933587, 3.391168, -0.347875, 0.048328
1645526582.073429, 3.391168, -0.347875, 0.048328
1645526582.172190, 3.391168, -0.347875, 0.048328
1645526582.272024, 3.391168, -0.347875, 0.048328
1645526582.371910, 3.391168, -0.347875, 0.048328
1645526582.490947, 3.391168, -0.347875, 0.048328
1645526582.590858, 3.391168, -0.347875, 0.048328
1645526582.670747, 3.391168, -0.347875, 0.048328
1645526582.769672, 3.391168, -0.347875, 0.048328
1645526582.869660, 3.391168, -0.347875, 0.048328
1645526582.949440, 3.391168, -0.347875, 0.048328
1645526583.088456, 3.391168, -0.347875, 0.048328
1645526583.168484, 3.391168, -0.347875, 0.048328
1645526583.269620, 3.391168, -0.347875, 0.048328
1645526583.387385, 3.391168, -0.347875, 0.048328
1645526583.487238, 3.391168, -0.347875, 0.048328
1645526583.568208, 3.391168, -0.347875, 0.048328
1645526583.706074, 3.391168, -0.347875, 0.048328
1645526583.766835, 3.391168, -0.347875, 0.048328
1645526583.866958, 3.391168, -0.347875, 0.048328
1645526583.965807, 3.391168, -0.347875, 0.048328
1645526584.065834, 3.391168, -0.347875, 0.048328
1645526584.184731, 3.391168, -0.347875, 0.048328
1645526584.264527, 3.391168, -0.347875, 0.048328
1645526584.364600, 3.391168, -0.347875, 0.048328
1645526584.384600, 3.391168, -0.347875, 0.048328
1645526584.583393, 3.391168, -0.347875, 0.048328
1645526584.643622, 3.391168, -0.347875, 0.048328
1645526584.702267, 3.391168, -0.347875, 0.048328
1645526584.742356, 3.391168, -0.347875, 0.048328
1645526584.783350, 3.391168, -0.347875, 0.048328
1645526584.862285, 3.391168, -0.347875, 0.048328
1645526584.902270, 3.391168, -0.347875, 0.048328
1645526585.021181, 3.391168, -0.347875, 0.048328
1645526585.221925, 3.391168, -0.347875, 0.048328
1645526585.420798, 3.391168, -0.347875, 0.048328
1645526585.499849, 3.391168, -0.347875, 0.048328
1645526585.778724, 3.391168, -0.347875, 0.048328
1645526585.878538, 3.391168, -0.347875, 0.048328
1645526586.018215, 3.391168, -0.347875, 0.048328
1645526586.117448, 3.391168, -0.347875, 0.048328
1645526586.138202, 3.391168, -0.347875, 0.048328
1645526586.336956, 3.391168, -0.347875, 0.048328
1645526586.476932, 3.391168, -0.347875, 0.048328
1645526586.495924, 3.391168, -0.347875, 0.048328
1645526586.515980, 3.391168, -0.347875, 0.048328
1645526586.535916, 3.391168, -0.347875, 0.048328
1645526586.576980, 3.391168, -0.347875, 0.048328
1645526586.615859, 3.391168, -0.347875, 0.048328
1645526586.655704, 3.391168, -0.347875, 0.048328
1645526586.735901, 3.391168, -0.347875, 0.048328
1645526586.775798, 3.391168, -0.347875, 0.048328
1645526586.814692, 3.391168, -0.347875, 0.048328
1645526586.914726, 3.391168, -0.347875, 0.048328
1645526587.153567, 3.391168, -0.347875, 0.048328
1645526587.572126, 3.391168, -0.347875, 0.048328
1645526588.309805, 3.391168, -0.347875, 0.048328
1645526589.086985, 3.391168, -0.347875, 0.048328
1645526589.166847, 3.391168, -0.347875, 0.048328
1645526589.265924, 3.391168, -0.347875, 0.048328
1645526589.385813, 3.391168, -0.347875, 0.048328
1645526589.465499, 3.391168, -0.347875, 0.048328
1645526589.585653, 3.391168, -0.347875, 0.048328
1645526589.644547, 3.391168, -0.347875, 0.048328
1645526589.784462, 3.391168, -0.347875, 0.048328
1645526589.863265, 3.391168, -0.347875, 0.048328
1645526589.963300, 3.391168, -0.347875, 0.048328
1645526590.083164, 3.391168, -0.347875, 0.048328
1645526590.163069, 3.391168, -0.347875, 0.048328
1645526590.262083, 3.391168, -0.347875, 0.048328
1645526590.381947, 3.391168, -0.347875, 0.048328
1645526590.501913, 3.391168, -0.347875, 0.048328
1645526590.581051, 3.391168, -0.347875, 0.048328
1645526590.680927, 3.391168, -0.347875, 0.048328
1645526590.781891, 3.391168, -0.347875, 0.048328
1645526590.879742, 3.391168, -0.347875, 0.048328
1645526590.979740, 3.391168, -0.347875, 0.048328
1645526591.099631, 3.391168, -0.347875, 0.048328
1645526591.179882, 3.391168, -0.347875, 0.048328
1645526591.279401, 3.391168, -0.347875, 0.048328
1645526591.378288, 3.391168, -0.347875, 0.048328
1645526591.498295, 3.391168, -0.347875, 0.048328
1645526591.518293, 3.391168, -0.347875, 0.048328
1645526591.677144, 3.391168, -0.347875, 0.048328
1645526591.797036, 3.391168, -0.347875, 0.048328
1645526591.876944, 3.391168, -0.347875, 0.048328
1645526591.955921, 3.391168, -0.347875, 0.048328
1645526592.075832, 3.391168, -0.347875, 0.048328
1645526592.175781, 3.391168, -0.347875, 0.048328
1645526592.274652, 3.391168, -0.347875, 0.048328
1645526592.374580, 3.391168, -0.347875, 0.048328
1645526592.435629, 3.391168, -0.347875, 0.048328
1645526592.574440, 3.391168, -0.347875, 0.048328
1645526592.673514, 3.391168, -0.347875, 0.048328
1645526592.753250, 3.391168, -0.347875, 0.048328
1645526592.873265, 3.391168, -0.347875, 0.048328
1645526592.992038, 3.391168, -0.347875, 0.048328
1645526593.071996, 3.391168, -0.347875, 0.048328
1645526593.193066, 3.391168, -0.347875, 0.048328
1645526593.290979, 3.391168, -0.347875, 0.048328
1645526593.390866, 3.391168, -0.347875, 0.048328
1645526593.491885, 3.391168, -0.347875, 0.048328
1645526593.590714, 3.391168, -0.347875, 0.048328
1645526593.670626, 3.391168, -0.347875, 0.048328
1645526593.749526, 3.391168, -0.347875, 0.048328
1645526593.889460, 3.391168, -0.347875, 0.048328
1645526593.969631, 3.391168, -0.347875, 0.048328
1645526594.068387, 3.391168, -0.347875, 0.048328
1645526594.188203, 3.391168, -0.347875, 0.048328
1645526594.268051, 3.391168, -0.347875, 0.048328
1645526594.387077, 3.391168, -0.347875, 0.048328
1645526594.487026, 3.391168, -0.347875, 0.048328
1645526594.586924, 3.391168, -0.347875, 0.048328
1645526594.665904, 3.391168, -0.347875, 0.048328
1645526594.765968, 3.391168, -0.347875, 0.048328
1645526594.905777, 3.391168, -0.347875, 0.048328
1645526594.984616, 3.391168, -0.347875, 0.048328
1645526595.084524, 3.391168, -0.347875, 0.048328
1645526595.184568, 3.391168, -0.347875, 0.048328
1645526595.283334, 3.391168, -0.347875, 0.048328
1645526595.383676, 3.391168, -0.347875, 0.048328
1645526595.463322, 3.391168, -0.347875, 0.048328
1645526595.582156, 3.391168, -0.347875, 0.048328
1645526595.662153, 3.391168, -0.347875, 0.048328
1645526595.763112, 3.391168, -0.347875, 0.048328
1645526595.881013, 3.391168, -0.347875, 0.048328
1645526595.980966, 3.391168, -0.347875, 0.048328
1645526596.081070, 3.391168, -0.347875, 0.048328
1645526596.200870, 3.391168, -0.347875, 0.048328
1645526596.279673, 3.391168, -0.347875, 0.048328
1645526596.379719, 3.391168, -0.347875, 0.048328
1645526596.458584, 3.391168, -0.347875, 0.048328
1645526596.578595, 3.391168, -0.347875, 0.048328
1645526596.659506, 3.391168, -0.347875, 0.048328
1645526596.797425, 3.391168, -0.347875, 0.048328
1645526596.877485, 3.391168, -0.347875, 0.048328
1645526596.977431, 3.391168, -0.347875, 0.048328
1645526597.077053, 3.391168, -0.347875, 0.048328
1645526597.177119, 3.391168, -0.347875, 0.048328
1645526597.275975, 3.391168, -0.347875, 0.048328
1645526597.375942, 3.391168, -0.347875, 0.048328
1645526597.475938, 3.391168, -0.347875, 0.048328
1645526597.575904, 3.391168, -0.347875, 0.048328
1645526597.674786, 3.391168, -0.347875, 0.048328
1645526597.793736, 3.391168, -0.347875, 0.048328
1645526597.893464, 3.391168, -0.347875, 0.048328
1645526597.993631, 3.391168, -0.347875, 0.048328
1645526598.073419, 3.391168, -0.347875, 0.048328
1645526598.173694, 3.391168, -0.347875, 0.048328
1645526598.292240, 3.391168, -0.347875, 0.048328
1645526598.391257, 3.391168, -0.347875, 0.048328
1645526598.491256, 3.391168, -0.347875, 0.048328
1645526598.571070, 3.391168, -0.347875, 0.048328
1645526598.690918, 3.391168, -0.347875, 0.048328
1645526598.770955, 3.391168, -0.347875, 0.048328
1645526598.869894, 3.391168, -0.347875, 0.048328
1645526598.969968, 3.391168, -0.347875, 0.048328
1645526599.069722, 3.391168, -0.347875, 0.048328
1645526599.188678, 3.391168, -0.347875, 0.048328
1645526599.288590, 3.391168, -0.347875, 0.048328
1645526599.387893, 3.391168, -0.347875, 0.048328
1645526599.487510, 3.391168, -0.347875, 0.048328
1645526599.587458, 3.391168, -0.347875, 0.048328
1645526599.687170, 3.391168, -0.347875, 0.048328
1645526599.786165, 3.391168, -0.347875, 0.048328
1645526599.886195, 3.391168, -0.347875, 0.048328
1645526599.986101, 3.391168, -0.347875, 0.048328
1645526600.065228, 3.391168, -0.347875, 0.048328
1645526600.165195, 3.391168, -0.347875, 0.048328
1645526600.264089, 3.391168, -0.347875, 0.048328
1645526600.383898, 3.391168, -0.347875, 0.048328
1645526600.483826, 3.391168, -0.347875, 0.048328
1645526600.562677, 3.391168, -0.347875, 0.048328
1645526600.682607, 3.391168, -0.347875, 0.048328
1645526600.782744, 3.391168, -0.347875, 0.048328
1645526600.882542, 3.391168, -0.347875, 0.048328
1645526600.981600, 3.391168, -0.347875, 0.048328
1645526601.081481, 3.391168, -0.347875, 0.048328
1645526601.181444, 3.391168, -0.347875, 0.048328
1645526601.280241, 3.391168, -0.347875, 0.048328
1645526601.380205, 3.391168, -0.347875, 0.048328
1645526601.480010, 3.391168, -0.347875, 0.048328
1645526601.579002, 3.391168, -0.347875, 0.048328
1645526601.698936, 3.391168, -0.347875, 0.048328
1645526601.798921, 3.391168, -0.347875, 0.048328
1645526601.898060, 3.391168, -0.347875, 0.048328
1645526601.977770, 3.391168, -0.347875, 0.048328
1645526602.057826, 3.391168, -0.347875, 0.048328
1645526602.157577, 3.391168, -0.347875, 0.048328
1645526602.296552, 3.391168, -0.347875, 0.048328
1645526602.356539, 3.391168, -0.347875, 0.048328
1645526602.475361, 3.391168, -0.347875, 0.048328
1645526602.655257, 3.391168, -0.347875, 0.048328
1645526602.675232, 3.391168, -0.347875, 0.048328
1645526602.695185, 3.391168, -0.347875, 0.048328
1645526602.755240, 3.391168, -0.347875, 0.048328
1645526602.794334, 3.391168, -0.347875, 0.048328
1645526602.835161, 3.391168, -0.347875, 0.048328
1645526602.914285, 3.391168, -0.347875, 0.048328
1645526602.995008, 3.391168, -0.347875, 0.048328
1645526603.192869, 3.391168, -0.347875, 0.048328
1645526603.232819, 3.391168, -0.347875, 0.048328
1645526603.332802, 3.391168, -0.347875, 0.048328
1645526603.690634, 3.391168, -0.347875, 0.048328
1645526603.970244, 3.391168, -0.347875, 0.048328
1645526604.229238, 3.391168, -0.347875, 0.048328
1645526606.380560, 3.391168, -0.347875, 0.048328
1645526606.579257, 3.391168, -0.347875, 0.048328
1645526606.699260, 3.391168, -0.347875, 0.048328
1645526606.799199, 3.391168, -0.347875, 0.048328
1645526606.878116, 3.391168, -0.347875, 0.048328
1645526606.978158, 3.391168, -0.347875, 0.048328
1645526607.078078, 3.391168, -0.347875, 0.048328
1645526607.176983, 3.391168, -0.347875, 0.048328
1645526607.276726, 3.391168, -0.347875, 0.048328
1645526607.377963, 3.391168, -0.347875, 0.048328
1645526607.475731, 3.391168, -0.347875, 0.048328
1645526607.575792, 3.391168, -0.347875, 0.048328
1645526607.695601, 3.391168, -0.347875, 0.048328
1645526607.794557, 3.391168, -0.347875, 0.048328
1645526607.855317, 3.391168, -0.347875, 0.048328
1645526607.975383, 3.391168, -0.347875, 0.048328
1645526608.074183, 3.391168, -0.347875, 0.048328
1645526608.174244, 3.391168, -0.347875, 0.048328
1645526608.253111, 3.391168, -0.347875, 0.048328
1645526608.393106, 3.391168, -0.347875, 0.048328
1645526608.453019, 3.391168, -0.347875, 0.048328
1645526608.572854, 3.391168, -0.347875, 0.048328
1645526608.671864, 3.391168, -0.347875, 0.048328
1645526608.771876, 3.391168, -0.347875, 0.048328
1645526608.871791, 3.391168, -0.347875, 0.048328
1645526608.970550, 3.391168, -0.347875, 0.048328
1645526609.070537, 3.391168, -0.347875, 0.048328
1645526609.170513, 3.391168, -0.347875, 0.048328
1645526609.269725, 3.391168, -0.347875, 0.048328
1645526609.389302, 3.391168, -0.347875, 0.048328
1645526609.468254, 3.391168, -0.347875, 0.048328
1645526609.568175, 3.391168, -0.347875, 0.048328
1645526609.667974, 3.391168, -0.347875, 0.048328
1645526609.767031, 3.391168, -0.347875, 0.048328
1645526609.867007, 3.391168, -0.347875, 0.048328
1645526609.966768, 3.391168, -0.347875, 0.048328
1645526610.086831, 3.391168, -0.347875, 0.048328
1645526610.165920, 3.391168, -0.347875, 0.048328
1645526610.265724, 3.391168, -0.347875, 0.048328
1645526610.385919, 3.391168, -0.347875, 0.048328
1645526610.484610, 3.391168, -0.347875, 0.048328
1645526610.584742, 3.391168, -0.347875, 0.048328
1645526610.684494, 3.391168, -0.347875, 0.048328
1645526610.783289, 3.391168, -0.347875, 0.048328
1645526610.883372, 3.391168, -0.347875, 0.048328
1645526610.983295, 3.391168, -0.347875, 0.048328
1645526611.082080, 3.391168, -0.347875, 0.048328
1645526611.182168, 3.391168, -0.347875, 0.048328
1645526611.281136, 3.391168, -0.347875, 0.048328
1645526611.381175, 3.391168, -0.347875, 0.048328
1645526611.480877, 3.391168, -0.347875, 0.048328
1645526611.579961, 3.391168, -0.347875, 0.048328
1645526611.699902, 3.391168, -0.347875, 0.048328
1645526611.779830, 3.391168, -0.347875, 0.048328
1645526611.878584, 3.391168, -0.347875, 0.048328
1645526611.978480, 3.391168, -0.347875, 0.048328
1645526612.059398, 3.391168, -0.347875, 0.048328
1645526612.177254, 3.391168, -0.347875, 0.048328
1645526612.277400, 3.391168, -0.347875, 0.048328
1645526612.377293, 3.391168, -0.347875, 0.048328
1645526612.497288, 3.391168, -0.347875, 0.048328
1645526612.575886, 3.391168, -0.347875, 0.048328
1645526612.675903, 3.391168, -0.347875, 0.048328
1645526612.795715, 3.391168, -0.347875, 0.048328
1645526612.854822, 3.391168, -0.347875, 0.048328
1645526612.974664, 3.391168, -0.347875, 0.048328
1645526613.073598, 3.391168, -0.347875, 0.048328
1645526613.173780, 3.391168, -0.347875, 0.048328
1645526613.273625, 3.391168, -0.347875, 0.048328
1645526613.372596, 3.391168, -0.347875, 0.048328
1645526613.492419, 3.391168, -0.347875, 0.048328
1645526613.572311, 3.391168, -0.347875, 0.048328
1645526613.691179, 3.391168, -0.347875, 0.048328
1645526613.771293, 3.391168, -0.347875, 0.048328
1645526613.872068, 3.391168, -0.347875, 0.048328
1645526613.989985, 3.391168, -0.347875, 0.048328
1645526614.090117, 3.391168, -0.347875, 0.048328
1645526614.190154, 3.391168, -0.347875, 0.048328
1645526614.309997, 3.391168, -0.347875, 0.048328
1645526614.388800, 3.391168, -0.347875, 0.048328
1645526614.488677, 3.391168, -0.347875, 0.048328
1645526614.608772, 3.391168, -0.347875, 0.048328
1645526614.687734, 3.391168, -0.347875, 0.048328
1645526614.787320, 3.391168, -0.347875, 0.048328
1645526614.906360, 3.391168, -0.347875, 0.048328
1645526614.986328, 3.391168, -0.347875, 0.048328
1645526615.067263, 3.391168, -0.347875, 0.048328
1645526615.186285, 3.391168, -0.347875, 0.048328
1645526615.286075, 3.391168, -0.347875, 0.048328
1645526615.385008, 3.391168, -0.347875, 0.048328
1645526615.484929, 3.391168, -0.347875, 0.048328
1645526615.583877, 3.391168, -0.347875, 0.048328
1645526615.683798, 3.391168, -0.347875, 0.048328
1645526615.802653, 3.391168, -0.347875, 0.048328
1645526615.883712, 3.391168, -0.347875, 0.048328
1645526615.983786, 3.391168, -0.347875, 0.048328
1645526616.082585, 3.391168, -0.347875, 0.048328
1645526616.182568, 3.391168, -0.347875, 0.048328
1645526616.301407, 3.391168, -0.347875, 0.048328
1645526616.381177, 3.391168, -0.347875, 0.048328
1645526616.481175, 3.391168, -0.347875, 0.048328
1645526616.599956, 3.391168, -0.347875, 0.048328
1645526616.700047, 3.391168, -0.347875, 0.048328
1645526616.779992, 3.391168, -0.347875, 0.048328
1645526616.898827, 3.391168, -0.347875, 0.048328
1645526616.978878, 3.391168, -0.347875, 0.048328
1645526617.058624, 3.391168, -0.347875, 0.048328
1645526617.178714, 3.391168, -0.347875, 0.048328
1645526617.277664, 3.391168, -0.347875, 0.048328
1645526617.377784, 3.391168, -0.347875, 0.048328
1645526617.477614, 3.391168, -0.347875, 0.048328
1645526617.576426, 3.391168, -0.347875, 0.048328
1645526617.696257, 3.391168, -0.347875, 0.048328
1645526617.796058, 3.391168, -0.347875, 0.048328
1645526617.895054, 3.391168, -0.347875, 0.048328
1645526617.955127, 3.391168, -0.347875, 0.048328
1645526618.074018, 3.391168, -0.347875, 0.048328
1645526618.174079, 3.391168, -0.347875, 0.048328
1645526618.273710, 3.391168, -0.347875, 0.048328
1645526618.373011, 3.391168, -0.347875, 0.048328
1645526618.492599, 3.391168, -0.347875, 0.048328
1645526618.572862, 3.391168, -0.347875, 0.048328
1645526618.671543, 3.391168, -0.347875, 0.048328
1645526618.791578, 3.391168, -0.347875, 0.048328
1645526618.891251, 3.391168, -0.347875, 0.048328
1645526618.991071, 3.391168, -0.347875, 0.048328
1645526619.070132, 3.391168, -0.347875, 0.048328
1645526619.190087, 3.391168, -0.347875, 0.048328
1645526619.290057, 3.391168, -0.347875, 0.048328
1645526619.389054, 3.391168, -0.347875, 0.048328
1645526619.468913, 3.391168, -0.347875, 0.048328
1645526619.588867, 3.391168, -0.347875, 0.048328
1645526619.687727, 3.391168, -0.347875, 0.048328
1645526619.787623, 3.391168, -0.347875, 0.048328
1645526619.886472, 3.391168, -0.347875, 0.048328
1645526619.967631, 3.391168, -0.347875, 0.048328
