1645526426.722431, 3.209083, -2.787354, 1.563990
1645526426.822351, 3.209083, -2.787354, 1.563990
1645526426.921240, 3.209083, -2.787354, 1.563990
1645526427.021169, 3.209083, -2.787354, 1.563990
1645526427.122040, 3.209083, -2.787354, 1.563990
1645526427.219823, 3.209083, -2.787354, 1.563990
1645526427.339826, 3.209083, -2.787354, 1.563990
1645526427.439676, 3.209083, -2.787354, 1.563990
1645526427.539772, 3.209083, -2.787354, 1.563990
1645526427.638562, 3.209083, -2.787354, 1.563990
1645526427.738454, 3.209083, -2.787354, 1.563990
1645526427.838338, 3.209083, -2.787354, 1.563990
1645526427.917255, 3.209083, -2.787354, 1.563990
1645526428.018155, 3.209083, -2.787354, 1.563990
1645526428.117090, 3.209083, -2.787354, 1.563990
1645526428.217074, 3.209083, -2.787354, 1.563990
1645526428.315936, 3.209083, -2.787354, 1.563990
1645526428.415739, 3.209083, -2.787354, 1.563990
1645526428.536631, 3.209083, -2.787354, 1.563990
1645526428.635458, 3.209083, -2.787354, 1.563990
1645526428.715393, 3.209083, -2.787354, 1.563990
1645526428.814321, 3.209083, -2.787354, 1.563990
1645526428.914223, 3.209083, -2.787354, 1.563990
1645526429.013124, 3.209083, -2.787354, 1.563990
1645526429.133937, 3.209083, -2.787354, 1.563990
1645526429.233908, 3.209083, -2.787354, 1.563990
1645526429.332756, 3.209083, -2.787354, 1.563990
1645526429.412585, 3.209083, -2.787354, 1.563990
1645526429.511713, 3.209083, -2.787354, 1.563990
1645526429.631575, 3.209083, -2.787354, 1.563990
1645526429.691408, 3.209083, -2.787354, 1.563990
1645526429.811271, 3.209083, -2.787354, 1.563990
1645526429.910166, 3.209083, -2.787354, 1.563990
1645526430.050088, 3.209083, -2.787354, 1.563990
1645526430.149872, 3.209083, -2.787354, 1.563990
1645526430.208745, 3.209083, -2.787354, 1.563990
1645526430.328664, 3.209083, -2.787354, 1.563990
1645526430.408572, 3.209083, -2.787354, 1.563990
1645526430.547561, 3.209083, -2.787354, 1.563990
1645526430.647479, 3.209083, -2.787354, 1.563990
1645526430.727261, 3.209083, -2.787354, 1.563990
1645526430.808264, 3.209083, -2.787354, 1.563990
1645526430.906058, 3.209083, -2.787354, 1.563990
1645526431.026038, 3.209083, -2.787354, 1.563990
1645526431.125918, 3.209083, -2.787354, 1.563990
1645526431.225818, 3.209083, -2.787354, 1.563990
1645526431.304921, 3.209083, -2.787354, 1.563990
1645526431.424621, 3.209083, -2.787354, 1.563990
1645526431.524451, 3.209083, -2.787354, 1.563990
1645526431.623442, 3.209083, -2.787354, 1.563990
1645526431.743400, 3.209083, -2.787354, 1.563990
1645526431.843356, 3.209083, -2.787354, 1.563990
1645526431.923089, 3.209083, -2.787354, 1.563990
1645526432.022029, 3.209083, -2.787354, 1.563990
1645526432.141819, 3.209083, -2.787354, 1.563990
1645526432.241854, 3.209083, -2.787354, 1.563990
1645526432.341600, 3.209083, -2.787354, 1.563990
1645526432.441528, 3.209083, -2.787354, 1.563990
1645526432.540670, 3.209083, -2.787354, 1.563990
1645526432.640346, 3.209083, -2.787354, 1.563990
1645526432.740368, 3.209083, -2.787354, 1.563990
1645526432.839088, 3.209083, -2.787354, 1.563990
1645526432.938989, 3.209083, -2.787354, 1.563990
1645526433.038885, 3.209083, -2.787354, 1.563990
1645526433.138777, 3.209083, -2.787354, 1.563990
1645526433.237577, 3.209083, -2.787354, 1.563990
1645526433.337499, 3.209083, -2.787354, 1.563990
1645526433.437397, 3.209083, -2.787354, 1.563990
1645526433.536606, 3.209083, -2.787354, 1.563990
1645526433.636262, 3.209083, -2.787354, 1.563990
1645526433.736262, 3.209083, -2.787354, 1.563990
1645526433.836217, 3.209083, -2.787354, 1.563990
1645526433.914970, 3.209083, -2.787354, 1.563990
1645526434.014813, 3.209083, -2.787354, 1.563990
1645526434.115078, 3.209083, -2.787354, 1.563990
1645526434.214604, 3.209083, -2.787354, 1.563990
1645526434.314607, 3.209083, -2.787354, 1.563990
1645526434.433870, 3.209083, -2.787354, 1.563990
1645526434.533386, 3.209083, -2.787354, 1.563990
1645526434.612593, 3.209083, -2.787354, 1.563990
1645526434.713157, 3.209083, -2.787354, 1.563990
1645526434.812124, 3.209083, -2.787354, 1.563990
1645526434.912139, 3.209083, -2.787354, 1.563990
1645526435.031870, 3.209083, -2.787354, 1.563990
1645526435.150875, 3.209083, -2.787354, 1.563990
1645526435.230624, 3.209083, -2.787354, 1.563990
1645526435.310488, 3.209083, -2.787354, 1.563990
1645526435.430370, 3.209083, -2.787354, 1.563990
1645526435.530274, 3.209083, -2.787354, 1.563990
1645526435.629299, 3.209083, -2.787354, 1.563990
1645526435.729143, 3.209083, -2.787354, 1.563990
1645526435.828001, 3.209083, -2.787354, 1.563990
1645526435.927965, 3.209083, -2.787354, 1.563990
1645526436.028120, 3.209083, -2.787354, 1.563990
1645526436.127707, 3.209083, -2.787354, 1.563990
1645526436.226585, 3.209083, -2.787354, 1.563990
1645526436.326392, 3.209083, -2.787354, 1.563990
1645526436.426384, 3.209083, -2.787354, 1.563990
1645526436.525138, 3.209083, -2.787354, 1.563990
1645526436.626083, 3.209083, -2.787354, 1.563990
1645526436.744997, 3.209083, -2.787354, 1.563990
1645526436.824984, 3.209083, -2.787354, 1.563990
1645526436.924000, 3.209083, -2.787354, 1.563990
1645526437.023712, 3.209083, -2.787354, 1.563990
1645526437.124588, 3.209083, -2.787354, 1.563990
1645526437.243575, 3.209083, -2.787354, 1.563990
1645526437.323302, 3.209083, -2.787354, 1.563990
1645526437.442508, 3.209083, -2.787354, 1.563990
1645526437.502241, 3.209083, -2.787354, 1.563990
1645526437.642071, 3.209083, -2.787354, 1.563990
1645526437.722004, 3.209083, -2.787354, 1.563990
1645526437.840954, 3.209083, -2.787354, 1.563990
1645526437.920818, 3.209083, -2.787354, 1.563990
1645526438.040727, 3.209083, -2.787354, 1.563990
1645526438.119619, 3.209083, -2.787354, 1.563990
1645526438.219456, 3.209083, -2.787354, 1.563990
1645526438.319215, 3.209083, -2.787354, 1.563990
1645526438.419261, 3.209083, -2.787354, 1.563990
1645526438.519131, 3.209083, -2.787354, 1.563990
1645526438.618031, 3.209083, -2.787354, 1.563990
1645526438.717879, 3.209083, -2.787354, 1.563990
1645526438.777830, 3.209083, -2.787354, 1.563990
1645526438.917700, 3.209083, -2.787354, 1.563990
1645526439.016534, 3.209083, -2.787354, 1.563990
1645526439.116427, 3.209083, -2.787354, 1.563990
1645526439.216307, 3.209083, -2.787354, 1.563990
1645526439.315216, 3.209083, -2.787354, 1.563990
1645526439.415022, 3.209083, -2.787354, 1.563990
1645526439.534967, 3.209083, -2.787354, 1.563990
1645526439.614769, 3.209083, -2.787354, 1.563990
1645526439.735026, 3.209083, -2.787354, 1.563990
1645526439.833685, 3.209083, -2.787354, 1.563990
1645526439.933593, 3.209083, -2.787354, 1.563990
1645526440.012544, 3.209083, -2.787354, 1.563990
1645526440.112531, 3.209083, -2.787354, 1.563990
1645526440.212333, 3.209083, -2.787354, 1.563990
1645526440.312196, 3.209083, -2.787354, 1.563990
1645526440.332091, 3.209083, -2.787354, 1.563990
1645526440.511033, 3.209083, -2.787354, 1.563990
1645526440.570945, 3.209083, -2.787354, 1.563990
1645526440.611880, 3.209083, -2.787354, 1.563990
1645526440.631086, 3.209083, -2.787354, 1.563990
1645526440.670819, 3.209083, -2.787354, 1.563990
1645526440.709758, 3.209083, -2.787354, 1.563990
1645526440.749825, 3.209083, -2.787354, 1.563990
1645526440.790696, 3.209083, -2.787354, 1.563990
1645526440.829652, 3.209083, -2.787354, 1.563990
1645526440.869581, 3.209083, -2.787354, 1.563990
1645526440.929497, 3.209083, -2.787354, 1.563990
1645526440.949535, 3.209083, -2.787354, 1.563990
1645526440.989617, 3.209083, -2.787354, 1.563990
1645526441.069419, 3.209083, -2.787354, 1.563990
1645526441.149386, 3.209083, -2.787354, 1.563990
1645526441.228245, 3.209083, -2.787354, 1.563990
1645526441.388094, 3.209083, -2.787354, 1.563990
1645526441.467004, 3.209083, -2.787354, 1.563990
1645526441.487945, 3.209083, -2.787354, 1.563990
1645526441.587036, 3.209083, -2.787354, 1.563990
1645526441.866704, 3.209083, -2.787354, 1.563990
1645526442.544022, 3.209083, -2.787354, 1.563990
1645526443.998389, 3.209083, -2.787354, 1.563990
1645526445.672508, 3.209083, -2.787354, 1.563990
1645526445.811257, 3.209083, -2.787354, 1.563990
1645526445.931273, 3.209083, -2.787354, 1.563990
1645526446.051932, 3.209083, -2.787354, 1.563990
1645526446.131041, 3.209083, -2.787354, 1.563990
1645526446.230943, 3.209083, -2.787354, 1.563990
1645526446.329880, 3.209083, -2.787354, 1.563990
1645526446.429625, 3.209083, -2.787354, 1.563990
1645526446.528657, 3.209083, -2.787354, 1.563990
1645526446.628585, 3.209083, -2.787354, 1.563990
1645526446.749533, 3.209083, -2.787354, 1.563990
1645526446.788350, 3.209083, -2.787354, 1.563990
1645526446.928112, 3.209083, -2.787354, 1.563990
1645526447.027032, 3.209083, -2.787354, 1.563990
1645526447.126782, 3.209083, -2.787354, 1.563990
1645526447.226812, 3.209083, -2.787354, 1.563990
1645526447.345723, 3.209083, -2.787354, 1.563990
1645526447.425544, 3.209083, -2.787354, 1.563990
1645526447.525489, 3.209083, -2.787354, 1.563990
1645526447.625377, 3.209083, -2.787354, 1.563990
1645526447.744353, 3.209083, -2.787354, 1.563990
1645526447.824168, 3.209083, -2.787354, 1.563990
1645526447.944110, 3.209126, -2.780701, 1.573414
1645526448.044255, 3.208915, -2.770170, 1.605179
1645526448.143981, 3.208319, -2.757177, 1.627345
1645526448.242765, 3.207392, -2.742323, 1.650907
1645526448.322581, 3.206380, -2.730939, 1.674643
1645526448.441551, 3.204257, -2.713585, 1.719324
1645526448.541500, 3.201851, -2.699071, 1.758070
1645526448.581352, 3.226679, -2.684338, 1.771325
1645526448.741180, 3.221386, -2.661360, 1.830841
1645526448.840196, 3.217375, -2.646984, 1.861210
1645526448.899984, 3.214715, -2.638343, 1.882852
1645526448.960146, 3.211839, -2.629637, 1.905541
1645526449.238787, 3.208331, -2.602957, 1.993996
1645526449.318641, 3.203182, -2.591760, 2.013544
1645526449.418475, 3.197472, -2.580026, 2.039724
1645526449.537650, 3.189355, -2.564541, 2.072362
1645526449.597333, 3.184713, -2.556191, 2.085452
1645526449.717145, 3.175259, -2.539737, 2.106221
1645526449.797172, 3.168749, -2.528922, 2.118264
1645526449.916906, 3.158824, -2.512747, 2.122627
1645526450.035995, 3.149952, -2.498427, 2.130830
1645526450.076937, 3.146773, -2.493374, 2.138684
1645526450.235612, 3.133320, -2.472975, 2.166260
1645526450.314498, 3.149665, -2.459682, 2.176805
1645526450.414374, 3.140926, -2.447111, 2.176980
1645526450.514265, 3.132428, -2.434893, 2.181343
1645526450.634125, 3.123824, -2.422696, 2.192688
1645526450.733056, 3.117566, -2.414118, 2.217297
1645526450.812909, 3.111043, -2.405470, 2.216250
1645526450.952901, 3.100241, -2.391506, 2.246444
1645526451.032719, 3.093067, -2.382609, 2.256218
1645526451.132779, 3.085874, -2.373948, 2.278209
1645526451.211491, 3.079431, -2.366439, 2.283794
1645526451.311432, 3.071235, -2.357121, 2.311545
1645526451.430424, 3.061406, -2.346404, 2.315733
1645526451.530297, 3.054361, -2.338861, 2.327951
1645526451.610188, 3.050148, -2.334394, 2.328125
1645526451.730128, 3.041078, -2.325072, 2.363730
1645526451.829828, 3.032450, -2.316633, 2.368966
1645526451.948889, 3.026371, -2.318531, 2.375762
1645526452.028672, 3.026124, -2.318296, 2.390074
1645526452.147632, 3.024736, -2.317033, 2.422886
1645526452.228428, 3.024123, -2.316504, 2.442783
1645526452.327442, 3.022994, -2.315594, 2.488859
1645526452.427205, 3.021870, -2.314747, 2.512072
1645526452.527090, 3.033323, -2.325127, 2.569380
1645526452.646060, 3.032089, -2.324366, 2.619994
1645526452.725944, 3.031271, -2.323905, 2.655425
1645526452.825933, 3.030357, -2.323445, 2.702199
1645526452.925885, 3.029384, -2.323010, 2.749672
1645526453.024640, 3.031875, -2.341249, 2.796113
1645526453.124726, 3.030744, -2.340867, 2.840270
1645526453.224608, 3.027382, -2.339906, 2.886521
1645526453.343396, 3.025020, -2.339333, 2.926315
1645526453.423226, 3.022058, -2.338704, 2.944117
1645526453.523104, 3.018747, -2.338081, 2.971344
1645526453.622947, 3.012003, -2.333854, 2.987116
1645526453.721866, 3.010272, -2.333611, 3.018532
1645526453.821828, 3.009128, -2.333482, 3.044712
1645526453.941696, 3.007598, -2.333354, 3.079095
1645526454.040616, 3.006533, -2.333300, 3.105449
1645526454.140571, 3.005084, -2.333261, 3.129186
1645526454.220361, 3.004103, -2.333256, -3.133754
1645526454.320194, 3.002909, -2.333277, -3.110541
1645526454.419135, 3.011370, -2.332927, -3.076795
1645526454.539212, 3.010138, -2.333028, -3.043634
1645526454.640135, 3.009713, -2.333073, -3.022515
1645526454.758875, 3.009713, -2.333073, -3.023912
1645526454.778255, 3.009713, -2.333073, -3.023912
1645526454.937621, 3.009713, -2.333073, -3.023737
1645526455.037505, 3.009713, -2.333073, -3.023737
1645526455.117403, 3.009713, -2.333073, -3.023737
1645526455.217182, 3.009713, -2.333073, -3.023737
1645526455.296085, 3.009713, -2.333073, -3.023737
1645526455.415979, 3.009713, -2.333073, -3.023737
1645526455.515923, 3.009713, -2.333073, -3.023737
1645526455.614858, 3.009713, -2.333073, -3.023737
1645526455.714745, 3.009713, -2.333073, -3.023737
1645526455.774716, 3.009713, -2.333073, -3.023737
1645526455.914540, 3.009713, -2.333073, -3.023737
1645526456.013395, 3.009713, -2.333073, -3.023737
1645526456.133424, 3.009713, -2.333073, -3.023737
1645526456.432006, 3.009713, -2.333073, -3.023737
1645526456.690689, 3.009713, -2.333073, -3.023737
1645526456.830568, 3.009713, -2.333073, -3.023737
1645526456.930475, 3.009713, -2.333073, -3.023737
1645526457.029387, 3.009713, -2.333073, -3.023737
1645526457.110328, 3.009713, -2.333073, -3.023737
1645526457.209203, 3.009713, -2.333073, -3.023737
1645526457.329095, 3.009713, -2.333073, -3.023737
1645526457.427926, 3.009713, -2.333073, -3.023737
1645526457.507912, 3.009713, -2.333073, -3.023737
1645526457.628946, 3.009713, -2.333073, -3.023737
1645526457.727557, 3.009713, -2.333073, -3.023737
1645526457.827482, 3.009713, -2.333073, -3.023737
1645526457.926422, 3.009713, -2.333073, -3.023737
1645526458.006267, 3.009713, -2.333073, -3.023737
1645526458.146180, 3.009713, -2.333073, -3.023737
1645526458.206031, 3.009713, -2.333073, -3.023737
1645526458.325948, 3.009713, -2.333073, -3.023737
1645526458.404932, 3.009713, -2.333073, -3.023737
1645526458.504871, 3.009713, -2.333073, -3.023737
1645526458.583726, 3.009713, -2.333073, -3.023737
1645526458.603871, 3.009713, -2.333073, -3.023737
1645526458.683650, 3.009713, -2.333073, -3.023737
1645526459.900196, 3.009713, -2.333073, -3.023737
1645526459.939204, 3.009713, -2.333073, -3.023737
1645526459.979128, 3.009713, -2.333073, -3.023737
1645526460.058012, 3.009713, -2.333073, -3.023737
1645526460.099118, 3.009713, -2.333073, -3.023737
1645526460.218126, 3.009713, -2.333073, -3.023737
1645526460.417581, 3.009713, -2.333073, -3.023737
1645526461.253784, 3.009713, -2.333073, -3.023737
1645526462.609250, 3.009713, -2.333073, -3.023737
1645526462.828215, 3.009713, -2.333073, -3.023737
1645526462.947980, 3.009713, -2.333073, -3.023737
1645526463.007934, 3.009713, -2.333073, -3.023737
1645526463.146689, 3.009713, -2.333073, -3.023737
1645526463.246624, 3.009713, -2.333073, -3.023737
1645526463.346312, 3.009713, -2.333073, -3.023737
1645526463.406389, 3.009713, -2.333073, -3.023737
1645526463.545217, 3.009713, -2.333073, -3.023737
1645526463.645104, 3.009713, -2.333073, -3.023737
1645526463.724954, 3.009713, -2.333073, -3.023737
1645526463.824916, 3.009713, -2.333073, -3.023737
1645526463.924759, 3.009713, -2.333073, -3.023737
1645526464.023628, 3.009713, -2.333073, -3.023737
1645526464.143674, 3.009713, -2.333073, -3.023737
1645526464.202517, 3.009713, -2.333073, -3.023737
1645526464.322302, 3.009713, -2.333073, -3.023737
1645526464.402266, 3.009713, -2.333073, -3.023737
1645526464.521976, 3.009713, -2.333073, -3.023737
1645526464.641997, 3.009713, -2.333073, -3.023737
1645526464.720894, 3.009713, -2.333073, -3.023737
1645526464.820713, 3.009713, -2.333073, -3.023737
1645526464.920600, 3.009713, -2.333073, -3.023737
1645526465.040498, 3.009713, -2.333073, -3.023737
1645526465.119567, 3.009713, -2.333073, -3.023737
1645526465.219474, 3.009713, -2.333073, -3.023737
1645526465.319160, 3.009713, -2.333073, -3.023737
1645526465.438113, 3.009713, -2.333073, -3.023737
1645526465.518915, 3.009713, -2.333073, -3.023737
1645526465.637803, 3.009713, -2.333073, -3.023737
1645526465.717683, 3.009713, -2.333073, -3.023737
1645526465.757644, 3.009713, -2.333073, -3.023737
1645526465.936661, 3.009713, -2.333073, -3.023737
1645526466.037410, 3.009713, -2.333073, -3.023737
1645526466.136263, 3.009713, -2.333073, -3.023737
1645526466.216125, 3.009713, -2.333073, -3.023737
1645526466.335171, 3.009713, -2.333073, -3.023737
1645526466.434968, 3.009713, -2.333073, -3.023737
1645526466.533784, 3.009713, -2.333073, -3.023737
1645526466.614621, 3.009713, -2.333073, -3.023737
1645526466.734588, 3.009713, -2.333073, -3.023737
1645526466.813496, 3.009713, -2.333073, -3.023737
1645526466.933337, 3.009713, -2.333073, -3.023737
1645526467.032222, 3.009713, -2.333073, -3.023737
1645526467.132150, 3.009713, -2.333073, -3.023737
1645526467.252105, 3.009713, -2.333073, -3.023737
1645526467.331963, 3.009713, -2.333073, -3.023737
1645526467.431913, 3.009713, -2.333073, -3.023737
1645526467.550786, 3.009713, -2.333073, -3.023737
1645526467.630744, 3.009713, -2.333073, -3.023737
1645526467.729676, 3.009713, -2.333073, -3.023737
1645526467.809578, 3.009713, -2.333073, -3.023737
1645526467.909458, 3.009713, -2.333073, -3.023737
1645526468.009262, 3.009713, -2.333073, -3.023737
1645526468.129114, 3.009713, -2.333073, -3.023737
1645526468.248052, 3.009713, -2.333073, -3.023737
1645526468.348008, 3.009713, -2.333073, -3.023737
1645526468.446808, 3.009713, -2.333073, -3.023737
1645526468.507915, 3.009713, -2.333073, -3.023737
1645526468.626714, 3.009713, -2.333073, -3.023563
1645526468.726657, 3.007765, -2.333304, -3.023563
1645526468.785510, 3.003869, -2.333766, -3.024261
1645526468.925334, 2.990175, -2.335255, -3.041714
1645526469.025212, 2.986737, -2.335587, -3.048172
1645526469.125145, 2.980238, -2.336168, -3.062134
1645526469.224966, 2.972708, -2.336686, -3.088838
1645526469.323823, 2.971515, -2.336746, -3.096692
1645526469.423787, 2.971089, -2.336760, -3.110131
1645526469.523582, 2.967678, -2.336829, -3.135438
1645526469.642920, 2.965674, -2.336834, 3.133784
1645526469.723317, 2.962561, -2.336786, 3.107430
1645526469.822331, 2.961411, -2.336741, 3.095213
1645526469.922243, 2.961879, -2.336762, 3.067287
1645526470.021094, 2.961072, -2.336687, 3.040584
1645526470.041152, 2.962221, -2.333298, 3.039178
1645526470.221198, 2.959560, -2.332933, 2.983327
1645526470.339855, 2.958802, -2.332810, 2.954180
1645526470.420617, 2.958259, -2.332700, 2.932363
1645526470.539571, 2.957967, -2.332636, 2.894315
1645526470.619428, 2.957926, -2.332625, 2.870404
1645526470.738358, 2.957106, -2.332389, 2.831833
1645526470.759388, 2.957147, -2.332402, 2.821535
1645526470.858526, 2.958498, -2.338648, 2.800445
1645526470.958439, 2.957698, -2.338351, 2.755765
1645526471.096993, 2.957265, -2.338172, 2.734996
1645526471.236771, 2.957147, -2.338121, 2.694329
1645526471.297792, 2.957147, -2.338121, 2.693980
1645526471.377091, 2.957147, -2.338121, 2.688744
1645526471.595355, 2.948203, -2.333696, 2.662564
1645526471.636452, 2.947221, -2.333182, 2.651220
1645526471.795324, 2.944489, -2.336061, 2.619982
1645526471.914040, 2.944089, -2.335816, 2.586647
1645526472.013979, 2.943552, -2.335469, 2.558547
1645526472.073911, 2.941853, -2.334328, 2.537254
1645526472.213789, 2.940247, -2.333200, 2.490828
1645526472.272696, 2.940147, -2.333121, 2.473026
1645526472.412635, 2.939848, -2.332881, 2.433058
1645526472.472448, 2.927734, -2.336433, 2.415421
1645526472.631346, 2.927387, -2.336117, 2.363933
1645526472.692276, 2.927327, -2.336056, 2.341942
1645526472.831156, 2.926949, -2.335652, 2.297785
1645526472.911138, 2.926894, -2.335586, 2.271431
1645526473.009985, 2.926464, -2.335057, 2.237572
1645526473.149881, 2.918655, -2.326462, 2.190982
1645526473.229797, 2.918705, -2.326531, 2.168991
1645526473.348618, 2.918568, -2.326315, 2.126231
1645526473.428544, 2.918369, -2.325987, 2.098480
1645526473.508437, 2.918348, -2.325950, 2.065319
1645526473.628304, 2.918093, -2.325457, 2.016798
1645526473.767217, 2.913859, -2.324314, 1.957935
1645526473.947005, 2.911899, -2.318857, 1.873287
1645526474.026901, 2.910854, -2.315341, 1.840649
1645526474.085757, 2.903624, -2.308017, 1.821900
1645526474.225666, 2.903088, -2.305691, 1.753832
1645526474.325568, 2.902268, -2.300769, 1.706359
1645526474.424533, 2.901651, -2.295303, 1.660806
1645526474.524383, 2.901059, -2.286966, 1.605130
1645526474.584503, 2.901154, -2.284617, 1.562728
1645526474.704260, 2.901483, -2.273577, 1.511416
1645526474.824286, 2.902278, -2.265130, 1.446315
1645526474.923116, 2.903899, -2.253817, 1.394828
1645526475.023329, 2.905305, -2.240537, 1.340882
1645526475.122697, 2.909017, -2.225729, 1.293234
1645526475.222609, 2.913634, -2.210999, 1.236860
1645526475.301568, 2.914329, -2.199506, 1.195263
1645526475.441397, 2.922828, -2.180096, 1.113058
1645526475.521248, 2.928513, -2.169017, 1.066283
1645526475.620322, 2.936248, -2.155708, 1.011829
1645526475.739987, 2.945725, -2.142567, 0.948236
1645526475.840023, 2.955079, -2.130019, 0.901985
1645526475.900309, 2.960934, -2.122799, 0.870220
1645526476.019778, 2.973387, -2.108651, 0.813846
1645526476.138786, 2.986579, -2.095249, 0.764802
1645526476.238684, 2.993768, -2.084673, 0.725626
1645526476.298440, 3.001019, -2.078325, 0.706776
1645526476.397516, 3.013323, -2.068109, 0.671346
1645526476.577326, 3.036518, -2.050639, 0.616019
1645526476.617112, 3.041853, -2.046883, 0.606245
1645526476.637121, 3.044657, -2.044939, 0.601533
1645526476.676035, 3.050043, -2.041257, 0.593330
1645526476.716213, 3.055391, -2.037669, 0.583730
1645526476.737079, 3.058202, -2.035813, 0.576749
1645526476.756011, 3.060955, -2.034022, 0.572037
1645526476.795940, 3.066271, -2.030619, 0.561739
1645526476.835858, 3.071946, -2.027067, 0.551267
1645526476.876018, 3.077476, -2.023684, 0.542715
1645526477.772913, 3.191459, -1.963335, 0.408197
1645526479.446559, 3.191146, -1.963471, 0.409942
1645526480.323710, 3.191146, -1.963471, 0.409942
1645526480.621973, 3.191146, -1.963471, 0.409942
1645526480.720895, 3.191146, -1.963471, 0.409942
1645526480.802134, 3.191146, -1.963471, 0.409942
1645526480.920648, 3.191146, -1.963471, 0.409942
1645526481.020488, 3.191146, -1.963471, 0.409942
1645526481.040452, 3.191146, -1.963471, 0.409942
1645526481.219273, 3.191146, -1.963471, 0.409942
1645526481.319119, 3.191146, -1.963471, 0.409942
1645526481.419037, 3.191146, -1.963471, 0.409942
1645526481.538984, 3.191146, -1.963471, 0.409942
1645526481.617819, 3.191146, -1.963471, 0.409942
1645526481.717747, 3.191146, -1.963471, 0.409942
1645526481.817614, 3.191146, -1.963471, 0.409942
1645526481.936520, 3.194001, -1.962230, 0.409942
1645526482.036411, 3.199842, -1.959729, 0.390569
1645526482.136300, 3.211280, -1.955139, 0.375036
1645526482.216234, 3.221918, -1.950959, 0.373814
1645526482.336119, 3.238451, -1.944526, 0.363342
1645526482.435077, 3.252335, -1.939284, 0.359851
1645526482.534863, 3.266466, -1.933970, 0.359851
1645526482.633751, 3.279599, -1.929032, 0.359851
1645526482.753715, 3.287866, -1.923531, 0.350042
1645526482.833670, 3.292278, -1.921937, 0.334508
1645526482.933512, 3.293326, -1.921573, 0.308328
1645526483.033524, 3.293285, -1.921587, 0.283195
1645526483.092358, 3.293818, -1.921434, 0.272898
1645526483.232262, 3.294642, -1.921212, 0.241308
1645526483.351433, 3.294600, -1.921222, 0.217920
1645526483.431032, 3.294934, -1.921151, 0.199071
1645526483.530926, 3.295604, -1.921022, 0.178127
1645526483.729699, 3.298061, -1.923039, 0.145079
1645526483.829573, 3.298526, -1.922976, 0.121517
1645526483.889511, 3.298780, -1.922946, 0.107380
1645526484.009400, 3.299120, -1.922914, 0.077360
1645526484.448142, 3.300950, -1.921168, -0.067376
1645526484.526818, 3.301546, -1.921215, -0.097046
1645526484.646943, 3.301630, -1.921227, -0.146439
1645526484.726705, 3.302051, -1.921292, -0.178902
1645526484.786635, 3.302010, -1.921282, -0.204559
1645526485.025521, 3.304943, -1.925466, -0.302598
1645526485.085364, 3.305064, -1.925507, -0.329650
1645526485.125346, 3.305105, -1.925519, -0.343438
1645526485.185200, 3.305184, -1.925550, -0.367698
1645526485.403973, 3.308469, -1.926421, -0.466114
1645526485.523902, 3.308617, -1.926506, -0.523361
1645526485.602895, 3.308543, -1.926464, -0.556871
1645526485.722649, 3.308790, -1.926630, -0.608707
1645526485.822579, 3.311192, -1.926981, -0.653207
1645526485.922436, 3.311559, -1.927273, -0.699807
1645526486.022324, 3.311557, -1.927276, -0.746757
1645526486.141178, 3.311714, -1.927420, -0.799466
1645526486.201529, 3.316937, -1.924500, -0.826907
1645526486.340006, 3.317080, -1.924658, -0.887470
1645526486.439937, 3.317214, -1.924824, -0.937386
1645526486.559828, 3.317335, -1.925000, -0.992190
1645526486.719665, 3.317111, -1.924637, -1.072998
1645526486.738574, 3.317111, -1.924637, -1.082947
1645526486.899320, 3.319296, -1.929217, -1.159741
1645526487.017253, 3.319874, -1.931149, -1.220048
1645526487.117181, 3.324411, -1.933449, -1.277619
1645526487.197047, 3.325458, -1.937141, -1.318808
1645526487.317089, 3.328050, -1.948489, -1.381989
1645526487.415829, 3.330307, -1.962291, -1.446566
1645526487.495912, 3.328387, -1.972883, -1.498488
1645526487.635547, 3.329054, -1.991331, -1.579820
1645526487.695611, 3.328888, -2.000114, -1.612632
1645526487.834573, 3.327619, -2.016983, -1.699420
1645526487.874315, 3.326785, -2.023196, -1.720538
1645526488.034097, 3.322861, -2.042929, -1.815135
1645526488.134040, 3.320213, -2.055774, -1.882718
1645526488.212879, 3.317232, -2.064534, -1.919719
1645526488.313802, 3.312566, -2.076674, -1.981329
1645526488.412708, 3.308296, -2.085786, -2.043987
1645526488.512613, 3.300566, -2.093896, -2.099402
1645526488.631488, 3.293162, -2.105760, -2.166423
1645526488.711469, 3.285939, -2.115903, -2.218957
1645526488.811337, 3.276282, -2.128054, -2.275157
1645526488.891332, 3.267107, -2.135770, -2.322622
1645526489.011241, 3.253675, -2.149412, -2.395403
1645526489.090054, 3.243916, -2.158138, -2.436767
1645526489.210013, 3.229545, -2.169247, -2.501699
1645526489.308863, 3.216946, -2.178315, -2.543412
1645526489.408735, 3.206399, -2.185250, -2.578144
1645526489.548625, 3.190373, -2.194924, -2.630504
1645526489.627541, 3.180238, -2.200387, -2.672915
1645526489.708485, 3.170149, -2.205750, -2.697160
1645526489.827323, 3.158066, -2.211217, -2.739571
1645526489.947195, 3.146708, -2.215888, -2.771860
1645526490.126454, 3.130177, -2.221835, -2.825965
1645526490.185956, 3.122052, -2.224429, -2.846211
1645526490.326046, 3.105028, -2.229100, -2.900840
1645526490.425634, 3.091525, -2.229652, -2.923920
1645526490.524519, 3.083592, -2.231302, -2.957430
1645526490.585456, 3.078973, -2.232123, -2.986577
1645526490.724269, 3.068361, -2.233515, -3.041555
1645526490.824276, 3.061819, -2.234084, -3.083094
1645526490.903181, 3.061479, -2.234105, -3.111543
1645526491.003212, 3.061564, -2.234102, -3.110670
1645526491.123003, 3.061564, -2.234102, -3.109972
1645526491.241836, 3.061479, -2.234104, -3.107005
1645526491.301762, 3.061521, -2.234103, -3.100896
1645526491.401627, 3.061521, -2.234102, -3.091646
1645526491.521574, 3.061734, -2.234090, -3.074716
1645526491.560547, 3.061819, -2.234084, -3.068084
1645526491.700321, 3.061607, -2.234103, -3.044347
1645526491.780326, 3.061564, -2.234107, -3.033003
1645526491.880442, 3.061480, -2.234117, -3.021135
1645526491.919133, 3.061564, -2.234107, -3.017818
1645526492.078969, 3.061733, -2.234082, -2.990591
1645526492.159876, 3.061607, -2.234103, -2.973836
1645526492.258824, 3.061523, -2.234118, -2.951496
1645526492.417691, 3.061773, -2.234066, -2.921825
1645526492.518517, 3.061691, -2.234087, -2.896518
1645526492.637386, 3.061567, -2.234118, -2.875574
1645526492.737285, 3.061649, -2.234096, -2.858644
1645526492.836418, 3.061894, -2.234022, -2.838224
1645526492.936220, 3.061773, -2.234064, -2.814139
1645526493.016137, 3.061692, -2.234091, -2.799827
1645526493.134870, 3.061812, -2.234047, -2.779930
1645526493.194862, 3.061971, -2.233985, -2.768411
1645526493.314761, 3.062122, -2.234624, -2.738362
1645526493.414449, 3.062200, -2.234588, -2.710960
1645526493.493562, 3.062355, -2.234516, -2.686874
1645526493.613482, 3.062164, -2.234612, -2.640274
1645526493.733226, 3.062314, -2.234530, -2.591230
1645526493.832130, 3.062385, -2.234483, -2.550739
1645526493.872100, 3.058706, -2.234319, -2.537260
1645526493.992054, 3.058672, -2.234345, -2.481410
1645526494.131806, 3.058842, -2.234216, -2.426606
1645526494.230762, 3.058999, -2.234071, -2.394143
1645526494.310714, 3.059092, -2.233984, -2.364124
1645526494.390728, 3.058684, -2.232259, -2.336609
1645526494.530423, 3.059119, -2.231790, -2.291754
1645526494.569417, 3.059035, -2.231886, -2.278489
1645526494.589333, 3.058980, -2.231951, -2.272555
1645526494.629248, 3.058925, -2.232016, -2.258243
1645526494.669167, 3.059005, -2.231917, -2.247248
1645526495.666289, 3.059647, -2.230964, -2.056832
1645526496.462431, 3.059647, -2.230964, -2.056832
1645526497.080765, 3.059647, -2.230964, -2.056832
1645526497.718107, 3.059647, -2.230964, -2.056832
1645526498.395414, 3.059647, -2.230964, -2.056832
1645526499.013929, 3.059118, -2.230529, -2.058053
1645526499.092657, 3.059118, -2.230529, -2.058053
1645526499.212625, 3.059118, -2.230529, -2.058053
1645526499.332442, 3.059118, -2.230529, -2.057879
1645526499.431402, 3.057621, -2.233355, -2.057879
1645526499.531576, 3.054959, -2.238460, -2.028732
1645526499.631096, 3.052292, -2.243945, -2.019132
1645526499.731225, 3.051029, -2.246602, -2.000457
1645526499.830176, 3.049503, -2.250031, -1.964154
1645526499.890017, 3.049243, -2.250661, -1.948446
1645526500.029965, 3.049538, -2.249907, -1.922616
1645526500.129771, 3.049595, -2.249746, -1.910398
1645526500.229560, 3.049694, -2.249465, -1.907082
1645526500.328499, 3.049709, -2.249424, -1.902195
1645526500.428291, 3.049709, -2.249424, -1.902719
1645526500.528211, 3.049709, -2.249424, -1.902719
1645526500.627186, 3.049709, -2.249424, -1.902719
1645526500.727113, 3.049709, -2.249424, -1.902719
1645526500.826972, 3.049709, -2.249424, -1.902719
1645526500.926968, 3.049709, -2.249424, -1.902719
1645526501.025733, 3.049709, -2.249424, -1.902719
1645526501.105602, 3.049709, -2.249424, -1.902719
1645526501.225492, 3.049709, -2.249424, -1.902719
1645526501.345743, 3.049709, -2.249424, -1.902544
1645526501.424321, 3.049125, -2.251118, -1.902544
1645526501.504301, 3.047558, -2.255675, -1.894516
1645526501.624195, 3.043255, -2.268939, -1.873746
1645526501.723219, 3.034401, -2.280976, -1.863560
1645526501.822890, 3.033724, -2.283311, -1.839474
1645526501.882997, 3.033005, -2.285988, -1.825686
1645526502.022814, 3.032335, -2.288677, -1.793572
1645526502.101642, 3.032458, -2.288137, -1.779958
1645526502.201873, 3.032518, -2.287845, -1.746273
1645526502.321439, 3.032503, -2.287929, -1.745750
1645526502.420249, 3.032007, -2.290829, -1.730740
1645526502.520157, 3.031934, -2.291292, -1.718697
1645526502.600056, 3.031985, -2.290955, -1.705433
1645526502.699975, 3.031527, -2.294637, -1.680649
1645526502.818853, 3.031520, -2.294679, -1.650629
1645526502.898839, 3.028081, -2.293318, -1.629192
1645526502.998814, 3.028084, -2.293361, -1.590446
1645526503.118500, 3.028082, -2.293361, -1.564964
1645526503.198548, 3.028075, -2.293020, -1.538261
1645526503.297349, 3.028087, -2.293275, -1.515746
1645526503.337372, 3.028094, -2.293403, -1.500387
1645526503.497119, 3.024055, -2.292308, -1.463055
1645526503.616922, 3.024041, -2.292181, -1.423436
1645526503.717010, 3.024103, -2.292603, -1.424658
1645526503.815595, 3.024421, -2.294711, -1.406506
1645526503.915638, 3.024509, -2.295216, -1.386086
1645526504.034447, 3.024437, -2.294839, -1.363222
1645526504.134330, 3.024437, -2.294839, -1.353798
1645526504.234191, 3.024419, -2.294755, -1.352750
1645526504.333082, 3.024541, -2.295296, -1.350132
1645526504.413050, 3.025396, -2.299082, -1.346467
1645526504.532851, 3.027782, -2.308858, -1.312782
1645526504.552909, 3.028370, -2.311085, -1.309641
1645526504.731730, 3.030959, -2.320457, -1.272116
1645526504.811579, 3.029651, -2.320873, -1.257833
1645526504.951494, 3.029560, -2.320589, -1.213676
1645526505.011560, 3.029589, -2.320669, -1.197619
1645526505.150373, 3.029428, -2.320274, -1.168821
1645526505.230585, 3.029531, -2.320509, -1.142467
1645526505.350126, 3.029730, -2.320933, -1.116636
1645526505.428990, 3.029673, -2.320818, -1.089234
1645526505.528845, 3.029633, -2.320743, -1.065847
1645526505.628829, 3.029613, -2.320706, -1.065323
1645526505.728701, 3.029926, -2.321263, -1.060087
1645526505.788597, 3.031030, -2.323236, -1.057469
1645526505.907507, 3.034396, -2.326177, -1.029636
1645526506.008446, 3.035847, -2.328589, -1.019513
1645526506.107402, 3.038534, -2.332844, -0.988097
1645526506.227093, 3.038900, -2.333368, -0.945686
1645526506.326023, 3.038624, -2.332989, -0.915840
1645526506.365962, 3.038678, -2.333055, -0.890882
1645526506.485902, 3.038813, -2.333220, -0.879887
1645526506.684836, 3.041022, -2.336612, -0.800527
1645526506.824583, 3.040810, -2.336403, -0.760384
1645526506.924590, 3.040807, -2.336406, -0.731237
1645526507.023398, 3.041158, -2.336717, -0.699822
1645526507.103202, 3.041323, -2.336852, -0.675038
1645526507.203334, 3.044378, -2.336637, -0.654891
1645526507.321877, 3.044723, -2.336887, -0.614050
1645526507.441804, 3.044898, -2.337009, -0.578620
1645526507.621597, 3.045299, -2.337253, -0.529402
1645526507.720521, 3.045411, -2.337314, -0.497288
1645526507.820406, 3.045525, -2.337372, -0.463079
1645526507.920378, 3.044919, -2.338537, -0.434481
1645526508.020135, 3.044880, -2.338520, -0.404636
1645526508.120054, 3.045079, -2.338597, -0.364144
1645526508.239160, 3.045277, -2.338675, -0.331856
1645526508.318822, 3.045317, -2.338689, -0.306025
1645526508.437803, 3.045765, -2.338828, -0.267802
1645526508.537698, 3.044065, -2.336225, -0.233170
1645526508.617580, 3.044440, -2.336311, -0.202801
1645526508.717752, 3.044565, -2.336335, -0.164579
1645526508.796514, 3.044860, -2.336381, -0.133861
1645526508.936268, 3.048208, -2.336754, -0.070505
1645526509.016312, 3.049989, -2.337326, -0.034190
1645526509.136018, 3.051652, -2.337329, 0.014155
1645526509.235908, 3.056552, -2.337131, 0.066864
1645526509.335711, 3.066658, -2.336201, 0.126729
1645526509.414711, 3.076598, -2.335207, 0.174337
1645526509.534518, 3.094726, -2.331495, 0.243975
1645526509.613430, 3.106142, -2.328463, 0.284991
1645526509.713237, 3.120772, -2.323815, 0.344157
1645526509.793377, 3.130676, -2.317305, 0.387629
1645526509.913142, 3.146818, -2.310161, 0.452555
1645526510.011984, 3.161339, -2.302779, 0.491651
1645526510.111732, 3.174920, -2.295263, 0.524812
1645526510.211639, 3.188348, -2.287223, 0.560242
1645526510.271586, 3.196419, -2.282114, 0.574205
1645526510.310634, 3.200510, -2.279157, 0.588110
1645526510.510859, 3.226018, -2.261095, 0.645008
1645526510.610823, 3.236829, -2.252768, 0.670664
1645526510.730300, 3.251784, -2.240607, 0.704698
1645526510.809216, 3.261593, -2.232196, 0.713076
1645526511.028856, 3.288417, -2.208519, 0.736987
1645526511.127732, 3.300476, -2.197439, 0.750950
1645526511.227665, 3.312024, -2.186561, 0.764563
1645526511.327528, 3.322543, -2.176275, 0.787252
1645526511.407475, 3.330449, -2.168319, 0.786031
1645526511.506458, 3.338769, -2.159993, 0.785856
1645526511.626294, 3.351623, -2.147155, 0.782366
1645526511.726045, 3.359186, -2.139641, 0.785333
1645526511.826056, 3.366271, -2.132553, 0.784809
1645526511.924962, 3.376203, -2.122582, 0.786729
1645526512.004810, 3.383122, -2.115691, 0.783238
1645526512.124714, 3.394971, -2.103897, 0.778351
1645526512.224396, 3.403186, -2.095891, 0.769101
1645526512.324356, 3.409532, -2.086963, 0.760464
1645526512.423162, 3.417905, -2.079060, 0.755926
1645526512.523108, 3.426251, -2.071189, 0.753483
1645526512.622135, 3.433694, -2.064226, 0.751737
1645526512.721786, 3.443172, -2.055381, 0.744756
1645526512.842734, 3.450321, -2.048916, 0.734633
1645526512.921535, 3.451241, -2.048089, 0.728350
1645526513.021544, 3.455910, -2.043971, 0.706010
1645526513.120385, 3.463200, -2.037931, 0.687684
1645526513.220279, 3.469894, -2.032441, 0.681924
1645526513.319186, 3.479031, -2.025090, 0.664645
1645526513.439090, 3.487887, -2.018347, 0.648065
1645526513.519112, 3.495245, -2.012806, 0.633753
1645526513.638924, 3.505025, -2.005880, 0.606700
1645526513.738756, 3.514203, -1.999584, 0.577553
1645526513.837674, 3.523300, -1.995134, 0.568954
1645526513.917485, 3.532882, -1.989063, 0.552548
1645526514.017523, 3.546102, -1.981090, 0.529684
1645526514.116380, 3.557224, -1.974681, 0.510486
1645526514.236393, 3.567470, -1.969064, 0.489891
1645526514.316136, 3.572560, -1.966375, 0.483433
1645526514.436156, 3.576645, -1.964247, 0.463013
1645526514.514910, 3.580285, -1.962468, 0.438578
1645526514.634913, 3.582302, -1.961547, 0.407162
1645526514.753675, 3.582324, -1.959405, 0.370443
1645526514.813605, 3.583240, -1.959055, 0.356655
1645526514.933815, 3.584965, -1.958432, 0.325239
1645526515.013894, 3.585856, -1.958139, 0.307437
1645526515.112257, 3.587201, -1.957725, 0.281083
1645526515.232479, 3.588230, -1.957445, 0.252110
1645526515.332007, 3.589514, -1.957131, 0.216331
1645526515.432029, 3.590599, -1.956903, 0.193642
1645526515.491874, 3.590455, -1.955041, 0.171049
1645526515.630755, 3.591509, -1.954877, 0.134921
1645526515.710799, 3.592567, -1.954745, 0.106996
1645526515.830551, 3.593585, -1.954647, 0.079943
1645526515.929482, 3.594692, -1.954572, 0.038579
1645526515.989272, 3.595118, -1.954558, 0.017984
1645526516.129222, 3.597174, -1.955913, -0.042202
1645526516.209150, 3.597856, -1.955950, -0.078854
1645526516.328015, 3.598789, -1.956045, -0.131039
1645526516.407907, 3.599800, -1.956202, -0.176418
1645526516.528052, 3.600514, -1.955081, -0.231333
1645526516.606761, 3.600555, -1.955091, -0.259782
1645526516.726559, 3.600555, -1.955091, -0.255768
1645526516.826729, 3.600555, -1.955091, -0.255593
1645526516.946175, 3.600555, -1.955091, -0.255069
1645526517.025246, 3.600555, -1.955091, -0.255069
1645526517.125094, 3.600555, -1.955091, -0.255069
1645526517.225045, 3.600555, -1.955091, -0.255069
1645526517.323949, 3.602247, -1.955532, -0.255069
1645526517.404853, 3.607612, -1.956929, -0.249659
1645526517.523649, 3.620073, -1.960012, -0.235173
1645526517.643547, 3.622936, -1.960691, -0.229239
1645526517.742496, 3.626224, -1.961427, -0.208295
1645526517.842572, 3.631364, -1.962469, -0.187351
1645526517.922320, 3.631783, -1.962549, -0.182638
1645526518.021256, 3.631616, -1.962518, -0.165883
1645526518.122095, 3.631363, -1.962477, -0.146685
1645526518.221031, 3.631659, -1.962518, -0.129406
1645526518.320871, 3.632209, -1.962587, -0.113872
1645526518.340940, 3.632294, -1.962596, -0.110731
1645526518.479822, 3.632421, -1.962609, -0.089263
1645526518.519904, 3.632421, -1.962609, -0.082805
1645526518.559723, 3.632421, -1.962609, -0.078442
1645526518.599670, 3.632421, -1.962610, -0.073206
1645526518.619699, 3.632378, -1.962606, -0.069192
1645526518.659735, 3.632336, -1.962603, -0.057149
1645526518.699518, 3.632506, -1.962613, -0.047899
1645526518.778509, 3.633391, -1.963070, -0.033935
1645526518.819542, 3.633348, -1.963068, -0.020845
1645526518.838506, 3.633263, -1.963067, -0.016133
1645526518.858633, 3.633220, -1.963066, -0.011770
1645526518.898374, 3.633263, -1.963066, -0.002170
1645526518.938682, 3.633220, -1.963066, 0.009000
1645526519.058601, 3.633604, -1.963056, 0.045652
1645526519.217504, 3.633859, -1.963038, 0.101328
1645526519.337915, 3.634071, -1.963011, 0.141121
1645526519.416921, 3.634197, -1.962993, 0.171665
1645526520.551674, 3.634406, -1.962949, 0.218788
1645526521.210008, 3.634406, -1.962949, 0.218788
1645526521.488729, 3.634406, -1.962949, 0.218788
1645526522.126086, 3.634406, -1.962949, 0.218788
1645526523.241713, 3.634406, -1.962949, 0.218788
1645526523.321693, 3.634406, -1.962949, 0.218788
1645526523.421803, 3.632822, -1.959607, 0.221673
1645526523.520645, 3.632822, -1.959607, 0.221673
1645526523.640338, 3.632822, -1.959607, 0.221673
1645526523.721198, 3.632822, -1.959607, 0.221673
1645526523.820314, 3.634736, -1.959176, 0.221673
1645526523.899981, 3.639686, -1.958057, 0.234938
1645526524.038765, 3.653519, -1.954488, 0.269321
1645526524.118835, 3.655119, -1.954035, 0.283284
1645526524.237818, 3.655773, -1.953841, 0.305449
1645526524.297672, 3.656382, -1.953645, 0.319412
1645526524.438637, 3.656422, -1.953630, 0.346814
1645526524.537507, 3.656343, -1.953662, 0.363743
1645526524.617375, 3.656462, -1.953615, 0.389574
1645526524.716251, 3.657012, -1.953382, 0.411042
1645526524.816075, 3.656691, -1.954516, 0.442556
1645526524.915979, 3.657034, -1.954344, 0.472052
1645526524.995974, 3.657261, -1.954226, 0.487935
1645526525.114757, 3.660692, -1.952324, 0.533662
1645526525.214569, 3.661315, -1.951952, 0.568220
1645526525.334557, 3.661809, -1.951618, 0.615169
1645526525.433464, 3.662052, -1.951445, 0.635066
1645526525.513463, 3.662848, -1.950429, 0.672035
1645526525.613235, 3.663210, -1.950131, 0.695946
1645526525.733152, 3.664564, -1.948958, 0.732423
1645526525.832942, 3.666816, -1.946872, 0.773439
1645526525.931869, 3.667395, -1.946305, 0.804855
1645526526.031723, 3.669131, -1.946430, 0.840370
1645526526.130616, 3.669299, -1.946237, 0.870389
1645526526.230719, 3.669755, -1.945673, 0.913150
1645526526.350424, 3.671255, -1.943654, 0.943344
1645526526.430262, 3.672573, -1.941818, 0.986803
1645526526.530263, 3.672697, -1.940489, 1.020557
1645526526.629154, 3.674369, -1.937713, 1.061922
1645526526.729174, 3.675314, -1.935945, 1.091592
1645526526.828026, 3.678501, -1.929577, 1.129989
1645526526.927840, 3.682181, -1.921366, 1.168038
1645526527.027565, 3.687602, -1.913197, 1.214048
1645526527.127546, 3.690442, -1.904976, 1.266233
1645526527.226423, 3.693177, -1.895646, 1.315801
1645526527.346329, 3.696483, -1.881268, 1.385090
1645526527.426263, 3.696974, -1.878367, 1.420171
1645526527.526038, 3.696418, -1.875022, 1.458631
1645526527.605997, 3.696526, -1.873962, 1.493887
1645526527.724753, 3.696587, -1.873068, 1.512736
1645526527.824700, 3.696649, -1.871790, 1.532633
1645526527.923621, 3.696677, -1.870938, 1.551832
1645526528.023561, 3.696684, -1.870298, 1.572950
1645526528.124429, 3.696672, -1.869488, 1.602970
1645526528.223316, 3.696610, -1.868125, 1.624612
1645526528.323154, 3.695237, -1.862441, 1.655081
1645526528.422114, 3.694127, -1.851495, 1.690685
1645526528.502068, 3.692537, -1.839403, 1.715295
1645526528.621923, 3.689598, -1.820482, 1.736413
1645526528.720839, 3.686906, -1.805151, 1.757881
1645526528.840715, 3.683178, -1.786587, 1.782664
1645526528.900631, 3.681174, -1.777422, 1.791216
1645526529.040466, 3.676200, -1.755724, 1.802387
1645526529.099548, 3.674002, -1.746471, 1.806750
1645526529.239344, 3.668684, -1.724855, 1.819665
1645526529.319231, 3.665520, -1.712546, 1.828043
1645526529.419065, 3.661378, -1.697100, 1.834675
1645526529.498059, 3.658082, -1.684958, 1.837468
1645526529.617825, 3.653003, -1.666408, 1.840435
1645526529.717743, 3.648316, -1.650899, 1.842735
1645526529.816639, 3.643957, -1.635335, 1.844480
1645526529.856595, 3.642217, -1.629135, 1.844480
1645526530.036485, 3.634381, -1.601170, 1.842735
1645526530.096399, 3.631754, -1.591764, 1.843607
1645526530.235235, 3.625562, -1.569583, 1.843084
1645526530.335147, 3.621171, -1.553807, 1.840989
1645526530.414978, 3.617742, -1.541393, 1.838197
1645526530.533904, 3.612523, -1.522261, 1.833833
1645526530.553965, 3.611625, -1.518926, 1.832088
1645526530.713747, 3.604869, -1.493231, 1.823711
1645526530.833609, 3.599905, -1.473767, 1.817427
1645526530.872511, 3.597160, -1.468082, 1.813663
1645526531.032361, 3.590852, -1.441923, 1.800748
1645526531.112424, 3.587776, -1.428671, 1.796035
1645526531.251088, 3.582570, -1.405713, 1.790450
1645526531.331109, 3.579615, -1.392303, 1.783818
1645526531.431054, 3.576069, -1.375704, 1.777011
1645526531.510841, 3.573305, -1.362297, 1.770030
1645526531.630784, 3.569268, -1.342098, 1.766365
1645526531.729597, 3.565989, -1.325358, 1.760256
1645526531.829516, 3.562784, -1.308386, 1.751879
1645526531.949373, 3.559186, -1.288278, 1.741581
1645526531.989215, 3.558014, -1.281427, 1.736869
1645526532.128213, 3.554151, -1.257514, 1.718194
1645526532.188050, 3.553727, -1.245969, 1.707657
1645526532.287974, 3.551360, -1.228602, 1.703468
1645526532.426800, 3.548622, -1.207026, 1.688982
1645526532.526699, 3.548013, -1.201816, 1.684444
1645526532.626591, 3.548018, -1.201858, 1.685316
1645526532.706568, 3.548018, -1.201858, 1.682873
1645526532.845439, 3.548018, -1.201858, 1.684444
1645526532.925270, 3.548018, -1.201858, 1.684095
1645526533.025165, 3.548018, -1.201858, 1.684444
1645526533.124198, 3.548018, -1.201858, 1.684444
1645526533.204940, 3.548018, -1.201858, 1.684444
1645526533.303862, 3.548018, -1.201858, 1.684444
1645526533.423705, 3.547345, -1.195969, 1.682873
1645526533.522630, 3.546281, -1.186089, 1.670830
1645526533.622519, 3.545098, -1.173693, 1.662802
1645526533.722444, 3.544319, -1.164986, 1.652155
1645526533.841288, 3.543307, -1.152018, 1.640112
1645526533.921152, 3.542569, -1.140100, 1.623357
1645526534.041039, 3.541831, -1.125619, 1.616027
1645526534.120989, 3.541568, -1.118801, 1.600144
1645526534.180842, 3.541468, -1.115135, 1.594210
1645526534.319629, 3.541361, -1.103536, 1.558780
1645526534.440578, 3.541463, -1.097695, 1.544643
1645526534.539637, 3.541570, -1.094071, 1.534520
1645526534.619365, 3.544680, -1.087109, 1.501531
1645526534.718249, 3.545071, -1.081792, 1.492280
1645526534.818236, 3.545067, -1.081835, 1.472384
1645526534.938099, 3.545487, -1.077934, 1.450742
1645526535.037994, 3.545657, -1.076752, 1.415486
1645526535.096950, 3.545584, -1.077215, 1.409901
1645526535.216859, 3.545661, -1.076753, 1.375343
1645526535.316681, 3.545644, -1.076836, 1.376216
1645526535.395589, 3.545694, -1.076585, 1.372202
1645526535.515433, 3.546312, -1.073534, 1.371504
1645526535.615438, 3.548007, -1.065131, 1.373423
1645526535.735258, 3.550991, -1.050072, 1.374994
1645526535.835161, 3.552903, -1.040582, 1.370631
1645526535.894044, 3.553325, -1.038492, 1.374994
1645526536.013934, 3.554283, -1.033725, 1.365395
1645526536.132967, 3.556333, -1.024003, 1.366442
1645526536.193700, 3.557734, -1.017194, 1.368886
1645526536.292612, 3.560186, -1.005159, 1.370107
1645526536.452601, 3.563491, -0.988989, 1.368711
1645526536.591353, 3.565477, -0.979297, 1.368537
1645526536.731246, 3.565501, -0.979171, 1.354923
1645526536.830157, 3.565558, -0.978922, 1.336597
1645526536.870053, 3.565587, -0.978797, 1.331361
1645526536.891049, 3.567631, -0.979116, 1.324359
1645526537.089719, 3.567872, -0.978209, 1.290325
1645526537.149746, 3.567932, -0.978005, 1.281598
1645526537.428535, 3.568190, -0.977192, 1.226271
1645526537.528353, 3.568278, -0.976952, 1.210738
1645526537.687218, 3.568603, -0.976117, 1.180020
1645526537.768100, 3.568653, -0.975999, 1.161519
1645526537.925922, 3.568653, -0.975999, 1.152793
1645526538.006784, 3.568653, -0.975999, 1.152967
1645526538.225682, 3.568653, -0.975999, 1.152967
1645526538.345374, 3.568653, -0.975999, 1.152967
1645526538.365456, 3.568653, -0.975999, 1.152967
1645526538.384660, 3.568653, -0.975999, 1.152967
1645526538.424530, 3.568653, -0.975999, 1.152967
1645526538.465623, 3.568653, -0.975999, 1.152967
1645526538.504274, 3.568653, -0.975999, 1.152967
1645526538.544329, 3.568653, -0.975999, 1.152967
1645526538.564420, 3.568653, -0.975999, 1.152967
1645526538.604128, 3.568653, -0.975999, 1.152967
1645526538.645188, 3.568653, -0.975999, 1.152967
1645526538.684272, 3.568653, -0.975999, 1.152967
1645526538.763100, 3.568653, -0.975999, 1.152967
1645526538.842949, 3.568653, -0.975999, 1.152967
1645526539.121721, 3.568653, -0.975999, 1.152967
1645526539.700922, 3.568653, -0.975999, 1.152967
1645526540.597011, 3.568653, -0.975999, 1.152967
1645526540.715908, 3.568653, -0.975999, 1.152967
1645526540.835792, 3.568653, -0.975999, 1.152967
1645526540.935931, 3.568653, -0.975999, 1.152967
1645526541.014556, 3.568653, -0.975999, 1.152793
1645526541.114518, 3.570592, -0.971634, 1.152967
1645526541.234400, 3.575154, -0.960924, 1.179147
1645526541.354282, 3.578960, -0.951745, 1.178973
1645526541.433272, 3.581479, -0.945587, 1.191016
1645526541.533137, 3.585952, -0.934057, 1.209691
1645526541.652875, 3.590124, -0.923006, 1.208818
1645526541.731915, 3.592609, -0.916422, 1.211436
1645526541.831682, 3.596899, -0.904914, 1.217195
1645526541.931527, 3.600414, -0.895393, 1.217370
1645526542.011516, 3.602565, -0.889549, 1.219290
1645526542.130445, 3.607104, -0.877133, 1.225399
1645526542.210369, 3.609538, -0.870349, 1.228191
1645526542.310642, 3.611017, -0.866213, 1.220861
1645526542.429111, 3.611901, -0.863812, 1.216323
1645526542.529056, 3.614140, -0.857774, 1.215799
1645526542.628917, 3.617711, -0.848137, 1.216497
1645526542.729231, 3.620692, -0.840009, 1.220861
1645526542.827777, 3.624749, -0.828915, 1.219639
1645526542.927604, 3.629331, -0.816332, 1.220861
1645526543.027640, 3.632910, -0.806652, 1.214228
1645526543.087421, 3.633714, -0.804494, 1.211436
1645526543.226258, 3.634980, -0.801234, 1.182289
1645526543.326183, 3.637973, -0.794166, 1.157505
1645526543.425988, 3.640443, -0.788543, 1.157331
1645526543.525009, 3.642735, -0.783449, 1.136038
1645526543.644776, 3.648765, -0.771857, 1.106711
1645526543.725747, 3.652311, -0.764761, 1.109503
1645526543.824627, 3.653590, -0.762207, 1.095890
1645526543.924494, 3.654488, -0.760462, 1.094319
1645526544.023399, 3.657788, -0.754055, 1.097635
1645526544.123268, 3.662769, -0.744340, 1.099206
1645526544.163260, 3.664757, -0.740423, 1.108281
1645526544.342171, 3.673863, -0.721805, 1.122942
1645526544.442333, 3.677726, -0.713772, 1.119975
1645526544.521876, 3.681529, -0.705900, 1.121895
1645526544.601764, 3.685350, -0.697990, 1.115263
1645526544.720678, 3.690750, -0.686959, 1.121022
1645526544.900463, 3.696342, -0.675357, 1.123989
1645526544.980553, 3.696489, -0.675049, 1.124164
1645526545.119370, 3.699996, -0.667792, 1.113692
1645526545.140251, 3.700617, -0.666529, 1.107409
1645526545.339060, 3.701017, -0.665728, 1.072328
1645526545.417833, 3.701141, -0.665504, 1.061158
1645526545.537804, 3.701163, -0.665468, 1.043355
1645526545.617734, 3.701185, -0.665431, 1.035152
1645526545.697804, 3.701273, -0.665285, 1.018921
1645526545.796542, 3.701385, -0.665103, 0.998151
1645526545.936410, 3.701433, -0.665033, 0.969353
1645526546.036322, 3.701556, -0.664858, 0.941952
1645526546.136271, 3.705481, -0.665477, 0.912266
1645526546.254969, 3.708041, -0.662283, 0.881897
1645526546.335049, 3.711639, -0.657953, 0.871251
1645526546.454749, 3.719333, -0.648766, 0.874043
1645526546.535146, 3.724089, -0.643070, 0.876487
1645526546.554673, 3.725317, -0.641595, 0.877534
1645526546.673607, 3.731555, -0.634081, 0.879454
1645526546.793400, 3.739875, -0.623863, 0.907204
1645526546.932325, 3.744459, -0.617919, 0.926578
1645526546.972213, 3.744995, -0.617202, 0.932861
1645526547.112148, 3.751282, -0.608382, 0.973876
1645526547.212015, 3.758146, -0.598197, 0.980857
1645526547.310836, 3.764422, -0.588646, 1.005292
1645526547.450731, 3.770519, -0.579029, 1.007037
1645526547.530814, 3.773705, -0.573980, 1.010353
1645526547.630391, 3.779671, -0.564282, 1.030250
1645526547.729361, 3.782415, -0.559662, 1.049623
1645526547.809302, 3.782481, -0.559552, 1.057826
1645526547.929104, 3.784835, -0.555320, 1.087023
1645526548.028080, 3.785709, -0.553612, 1.120010
1645526548.147975, 3.785854, -0.553303, 1.137987
1645526548.247947, 3.785871, -0.553264, 1.150553
1645526548.327923, 3.785871, -0.553264, 1.148110
1645526548.446627, 3.785871, -0.553264, 1.148808
1645526548.526545, 3.785871, -0.553264, 1.148982
1645526548.626424, 3.785871, -0.553264, 1.148982
1645526548.686224, 3.785871, -0.553264, 1.148633
1645526548.826195, 3.785871, -0.553264, 1.148459
1645526548.924950, 3.785871, -0.553264, 1.148459
1645526548.965009, 3.785871, -0.553264, 1.148459
1645526549.123741, 3.785871, -0.553264, 1.148459
1645526549.223753, 3.785871, -0.553264, 1.148459
1645526549.323550, 3.785871, -0.553264, 1.148633
1645526549.383688, 3.785871, -0.553264, 1.148633
1645526549.542364, 3.789607, -0.544844, 1.179526
1645526549.703233, 3.791577, -0.539983, 1.203437
1645526549.802126, 3.791377, -0.540500, 1.220541
1645526549.941057, 3.791736, -0.539451, 1.240787
1645526549.961004, 3.791998, -0.538685, 1.242707
1645526550.140753, 3.795672, -0.526832, 1.285991
1645526550.220858, 3.799187, -0.515609, 1.309226
1645526550.339545, 3.802170, -0.503959, 1.327203
1645526550.379726, 3.802273, -0.503545, 1.330345
1645526550.519373, 3.803985, -0.496325, 1.354430
1645526550.619278, 3.805458, -0.489226, 1.388813
1645526550.739126, 3.805511, -0.488976, 1.410106
1645526550.798095, 3.805523, -0.488891, 1.421625
1645526550.938214, 3.805643, -0.488004, 1.446584
1645526551.036772, 3.805743, -0.487114, 1.464561
1645526551.136900, 3.806291, -0.481511, 1.482363
1645526551.236742, 3.807034, -0.472972, 1.486203
1645526551.336462, 3.807879, -0.462857, 1.493009
1645526551.415388, 3.808403, -0.456054, 1.490391
1645526551.515286, 3.809021, -0.448574, 1.488297
1645526551.635159, 3.810014, -0.436974, 1.487424
1645526551.715055, 3.810589, -0.429619, 1.494580
1645526551.795095, 3.811135, -0.422390, 1.497198
1645526551.893941, 3.810629, -0.408989, 1.503017
1645526552.033820, 3.811713, -0.390940, 1.520645
1645526552.132660, 3.811931, -0.385955, 1.541065
1645526552.212761, 3.812014, -0.381649, 1.570911
1645526552.333467, 3.811870, -0.375339, 1.615591
1645526552.432224, 3.811588, -0.370273, 1.644563
1645526552.531241, 3.811112, -0.364835, 1.678597
1645526552.611218, 3.809180, -0.359481, 1.708253
1645526552.731036, 3.808160, -0.353080, 1.760612
1645526552.810906, 3.807312, -0.348901, 1.786269
1645526552.929771, 3.805830, -0.342679, 1.830949
1645526553.009662, 3.804779, -0.338899, 1.860969
1645526553.149530, 3.800747, -0.330717, 1.918751
1645526553.209496, 3.799482, -0.327319, 1.943011
1645526553.328339, 3.794247, -0.314765, 1.996767
1645526553.428171, 3.789050, -0.303778, 2.025041
1645526553.508068, 3.785785, -0.297115, 2.030975
1645526553.627953, 3.780696, -0.287121, 2.062217
1645526553.727878, 3.776736, -0.279808, 2.075132
1645526553.807024, 3.773526, -0.274079, 2.088222
1645526553.926738, 3.768228, -0.264827, 2.100788
1645526554.025662, 3.760808, -0.249749, 2.132633
1645526554.145884, 3.752995, -0.237637, 2.154100
1645526554.205846, 3.751460, -0.235328, 2.163350
1645526554.305341, 3.746921, -0.228720, 2.188658
1645526554.644014, 3.741473, -0.221561, 2.267547
1645526554.663991, 3.740734, -0.220678, 2.272957
1645526554.704139, 3.739102, -0.218763, 2.287269
1645526554.742877, 3.737078, -0.216454, 2.299486
1645526554.822923, 3.732704, -0.211613, 2.309609
1645526554.902731, 3.730697, -0.209403, 2.310831
1645526554.942674, 3.730726, -0.209434, 2.319557
1645526555.101571, 3.731302, -0.204921, 2.364027
1645526555.181524, 3.730264, -0.203908, 2.374325
1645526555.858742, 3.722434, -0.197201, 2.532626
1645526555.978643, 3.721375, -0.196483, 2.560552
1645526556.457106, 3.717843, -0.194332, 2.653403
1645526557.254388, 3.717843, -0.194332, 2.654101
1645526558.628884, 3.719080, -0.191712, 2.653373
1645526558.727745, 3.719080, -0.191712, 2.653373
1645526558.827706, 3.719080, -0.191712, 2.653373
1645526558.927578, 3.719080, -0.191712, 2.653373
1645526559.027471, 3.719080, -0.191712, 2.653373
1645526559.086444, 3.719080, -0.191712, 2.653373
1645526559.226264, 3.719080, -0.191712, 2.653373
1645526559.326028, 3.719080, -0.191712, 2.653373
1645526559.406060, 3.719080, -0.191712, 2.653373
1645526559.544846, 3.719080, -0.191712, 2.653373
1645526559.604724, 3.719080, -0.191712, 2.653373
1645526559.724754, 3.719080, -0.191712, 2.653373
1645526559.823925, 3.719080, -0.191712, 2.653373
1645526559.903681, 3.719080, -0.191712, 2.653373
1645526560.023465, 3.719080, -0.191712, 2.653373
1645526560.123239, 3.719080, -0.191712, 2.653373
1645526560.223041, 3.719080, -0.191712, 2.653373
1645526560.321964, 3.719080, -0.191712, 2.653373
1645526560.361979, 3.719080, -0.191712, 2.653373
1645526560.520801, 3.719080, -0.191712, 2.653373
1645526560.640675, 3.719080, -0.191712, 2.653373
1645526560.741573, 3.719080, -0.191712, 2.653373
1645526560.840449, 3.719080, -0.191712, 2.653373
1645526560.940689, 3.719080, -0.191712, 2.653373
1645526561.039159, 3.719080, -0.191712, 2.653373
1645526561.100218, 3.719080, -0.191712, 2.653373
1645526561.218104, 3.719080, -0.191712, 2.653373
1645526561.318023, 3.719080, -0.191712, 2.653373
1645526561.417845, 3.719080, -0.191712, 2.653373
1645526561.556810, 3.719080, -0.191712, 2.653373
1645526561.637778, 3.719080, -0.191712, 2.653373
1645526561.716679, 3.719080, -0.191712, 2.653373
1645526561.836617, 3.719080, -0.191712, 2.653373
1645526561.915596, 3.719080, -0.191712, 2.653373
1645526561.995362, 3.719080, -0.191712, 2.653373
1645526562.115340, 3.719080, -0.191712, 2.653373
1645526562.215186, 3.719080, -0.191712, 2.653373
1645526562.314113, 3.719080, -0.191712, 2.653373
1645526562.433885, 3.719080, -0.191712, 2.653373
1645526562.513958, 3.719080, -0.191712, 2.653373
1645526562.612781, 3.719080, -0.191712, 2.653373
1645526562.732703, 3.719080, -0.191712, 2.653373
1645526562.852588, 3.719080, -0.191712, 2.653373
1645526562.912493, 3.719080, -0.191712, 2.653373
1645526563.011425, 3.719080, -0.191712, 2.653373
1645526563.131256, 3.719080, -0.191712, 2.653373
1645526563.231145, 3.719080, -0.191712, 2.653373
1645526563.330010, 3.719080, -0.191712, 2.653373
1645526563.410152, 3.719080, -0.191712, 2.653373
1645526563.510082, 3.719080, -0.191712, 2.653373
1645526563.609787, 3.719080, -0.191712, 2.653373
1645526563.749605, 3.719080, -0.191712, 2.653373
1645526563.808617, 3.719080, -0.191712, 2.653373
1645526563.948425, 3.719080, -0.191712, 2.653373
1645526564.027295, 3.719080, -0.191712, 2.653373
1645526564.127253, 3.719080, -0.191712, 2.653373
1645526564.227045, 3.719080, -0.191712, 2.653373
1645526564.327120, 3.719080, -0.191712, 2.653373
1645526564.426036, 3.719080, -0.191712, 2.653373
1645526564.525900, 3.719080, -0.191712, 2.653373
1645526564.625978, 3.719080, -0.191712, 2.653373
1645526564.724810, 3.719080, -0.191712, 2.653373
1645526564.824580, 3.719080, -0.191712, 2.653373
1645526564.884564, 3.719080, -0.191712, 2.653373
1645526565.243102, 3.719080, -0.191712, 2.653373
1645526565.342947, 3.719080, -0.191712, 2.653373
1645526565.441950, 3.719080, -0.191712, 2.653373
1645526565.521744, 3.719080, -0.191712, 2.653373
1645526565.621641, 3.719080, -0.191712, 2.653373
1645526565.721637, 3.719080, -0.191712, 2.653373
1645526565.820491, 3.719080, -0.191712, 2.653373
1645526565.900556, 3.719080, -0.191712, 2.653373
1645526566.021513, 3.719080, -0.191712, 2.653373
1645526566.139096, 3.719080, -0.191712, 2.653373
1645526566.219201, 3.719080, -0.191712, 2.653373
1645526566.318912, 3.719080, -0.191712, 2.653373
1645526566.419068, 3.719080, -0.191712, 2.653373
1645526566.538640, 3.719080, -0.191712, 2.653373
1645526566.637550, 3.719080, -0.191712, 2.653373
1645526566.737414, 3.719080, -0.191712, 2.653373
1645526566.837274, 3.719080, -0.191712, 2.653373
1645526566.917213, 3.719080, -0.191712, 2.653373
1645526567.036166, 3.719080, -0.191712, 2.653373
1645526567.135999, 3.719080, -0.191712, 2.653373
1645526567.214950, 3.719080, -0.191712, 2.653373
1645526567.334766, 3.719080, -0.191712, 2.653373
1645526567.435601, 3.719080, -0.191712, 2.653373
1645526567.534541, 3.719080, -0.191712, 2.653373
1645526567.634490, 3.719080, -0.191712, 2.653373
1645526567.733437, 3.719080, -0.191712, 2.653373
1645526567.833225, 3.719080, -0.191712, 2.653373
1645526567.913217, 3.719080, -0.191712, 2.653373
1645526568.033058, 3.719080, -0.191712, 2.653373
1645526568.132922, 3.719080, -0.191712, 2.653373
1645526568.231729, 3.719080, -0.191712, 2.653373
1645526568.331641, 3.719080, -0.191712, 2.653373
1645526568.430604, 3.719080, -0.191712, 2.653373
1645526568.530406, 3.719080, -0.191712, 2.653373
1645526568.610322, 3.719080, -0.191712, 2.653373
1645526568.710361, 3.719080, -0.191712, 2.653373
1645526568.830078, 3.719080, -0.191712, 2.653373
1645526568.909173, 3.719080, -0.191712, 2.653373
1645526569.028803, 3.719080, -0.191712, 2.653373
1645526569.127825, 3.719080, -0.191712, 2.653373
1645526569.247719, 3.719080, -0.191712, 2.653373
1645526569.327583, 3.719080, -0.191712, 2.653373
1645526569.407483, 3.719080, -0.191712, 2.653373
1645526569.547263, 3.719080, -0.191712, 2.653373
1645526569.606260, 3.719080, -0.191712, 2.653373
1645526569.726111, 3.719080, -0.191712, 2.653373
1645526569.826040, 3.719080, -0.191712, 2.653373
1645526569.945838, 3.719080, -0.191712, 2.653373
1645526570.044674, 3.719080, -0.191712, 2.653373
1645526570.124712, 3.719080, -0.191712, 2.653373
1645526570.224574, 3.719080, -0.191712, 2.653373
1645526570.304437, 3.719080, -0.191712, 2.653373
1645526570.423406, 3.719080, -0.191712, 2.653373
1645526570.503273, 3.719080, -0.191712, 2.653373
1645526570.623085, 3.719080, -0.191712, 2.653373
1645526570.722031, 3.719080, -0.191712, 2.653373
1645526570.821871, 3.719080, -0.191712, 2.653373
1645526570.901832, 3.719080, -0.191712, 2.653373
1645526571.220461, 3.719080, -0.191712, 2.653373
1645526571.340229, 3.719080, -0.191712, 2.653373
1645526571.399248, 3.719080, -0.191712, 2.653373
1645526571.539077, 3.719080, -0.191712, 2.653373
1645526571.618989, 3.719080, -0.191712, 2.653373
1645526571.719088, 3.719080, -0.191712, 2.653373
1645526571.837767, 3.719080, -0.191712, 2.653373
1645526571.917768, 3.719080, -0.191712, 2.653373
1645526572.037476, 3.719080, -0.191712, 2.653373
1645526572.116485, 3.719080, -0.191712, 2.653373
1645526572.216348, 3.719080, -0.191712, 2.653373
1645526572.316206, 3.719080, -0.191712, 2.653373
1645526572.337177, 3.719080, -0.191712, 2.653373
1645526572.495069, 3.719080, -0.191712, 2.653373
1645526572.556000, 3.719080, -0.191712, 2.653373
1645526572.595060, 3.719080, -0.191712, 2.653373
1645526572.615020, 3.719080, -0.191712, 2.653373
1645526573.213435, 3.719080, -0.191712, 2.653373
1645526573.650906, 3.719080, -0.191712, 2.653373
1645526573.990579, 3.719080, -0.191712, 2.653373
1645526574.209508, 3.719080, -0.191712, 2.653373
1645526574.547837, 3.719080, -0.191712, 2.653373
1645526575.205343, 3.719080, -0.191712, 2.653373
1645526575.843524, 3.719080, -0.191712, 2.653373
1645526576.679474, 3.719080, -0.191712, 2.653373
1645526577.218161, 3.719080, -0.191712, 2.653373
1645526577.317738, 3.719080, -0.191712, 2.653373
1645526577.437629, 3.719080, -0.191712, 2.653373
1645526577.516420, 3.719080, -0.191712, 2.653373
1645526577.616403, 3.719080, -0.191712, 2.653373
1645526577.735173, 3.719080, -0.191712, 2.653373
1645526577.795145, 3.719042, -0.191692, 2.653373
1645526577.915105, 3.719156, -0.191752, 2.667685
1645526578.034945, 3.718889, -0.191618, 2.709748
1645526578.134809, 3.719161, -0.191741, 2.742734
1645526578.213799, 3.719043, -0.191693, 2.772056
1645526578.333608, 3.719003, -0.191677, 2.775197
1645526578.393438, 3.719003, -0.191677, 2.776070
1645526578.552493, 3.719003, -0.191677, 2.775547
1645526578.632189, 3.719003, -0.191677, 2.775721
1645526578.752291, 3.719003, -0.191677, 2.775721
1645526578.811084, 3.719003, -0.191677, 2.775547
1645526578.930891, 3.719003, -0.191677, 2.775372
1645526579.012163, 3.719003, -0.191677, 2.775372
1645526579.110788, 3.719003, -0.191677, 2.775372
1645526579.230783, 3.719003, -0.191677, 2.775372
1645526579.329570, 3.719003, -0.191677, 2.775372
1645526579.429437, 3.719003, -0.191677, 2.775372
1645526579.529610, 3.719003, -0.191677, 2.775372
1645526579.628228, 3.719003, -0.191677, 2.775372
1645526579.728130, 3.719003, -0.191677, 2.775372
1645526579.808004, 3.719003, -0.191677, 2.775372
1645526579.927891, 3.719003, -0.191677, 2.775372
1645526580.126684, 3.719003, -0.191677, 2.775372
1645526580.226651, 3.719003, -0.191677, 2.775372
1645526580.325353, 3.719003, -0.191677, 2.775372
1645526580.445460, 3.719003, -0.191677, 2.775372
1645526580.525325, 3.719003, -0.191677, 2.775372
1645526580.605118, 3.719003, -0.191677, 2.775372
1645526580.724329, 3.719003, -0.191677, 2.775372
1645526580.765296, 3.719003, -0.191677, 2.775372
1645526580.904150, 3.719003, -0.191677, 2.775372
1645526581.022728, 3.719003, -0.191677, 2.775372
1645526581.123674, 3.719003, -0.191677, 2.775372
1645526581.242516, 3.719003, -0.191677, 2.775372
1645526581.322597, 3.719003, -0.191677, 2.775372
1645526581.421517, 3.719003, -0.191677, 2.775372
1645526581.521100, 3.719003, -0.191677, 2.775372
1645526581.621103, 3.719003, -0.191677, 2.775372
1645526581.740009, 3.719003, -0.191677, 2.775372
1645526581.839773, 3.719003, -0.191677, 2.775372
1645526581.919818, 3.719003, -0.191677, 2.775372
1645526582.019644, 3.719003, -0.191677, 2.775372
1645526582.118558, 3.719003, -0.191677, 2.775372
1645526582.238440, 3.719003, -0.191677, 2.775372
1645526582.278322, 3.719003, -0.191677, 2.775372
1645526582.398279, 3.719003, -0.191677, 2.775372
1645526582.518146, 3.719003, -0.191677, 2.775372
1645526582.637405, 3.719003, -0.191677, 2.775372
1645526582.736965, 3.719003, -0.191677, 2.775372
1645526582.815783, 3.719003, -0.191677, 2.775372
1645526582.935692, 3.719003, -0.191677, 2.775372
1645526582.975612, 3.719003, -0.191677, 2.775372
1645526583.115470, 3.719003, -0.191677, 2.775372
1645526583.235368, 3.719003, -0.191677, 2.775372
1645526583.314311, 3.719003, -0.191677, 2.775372
1645526583.434139, 3.719003, -0.191677, 2.775372
1645526583.513089, 3.719003, -0.191677, 2.775372
1645526583.632875, 3.719003, -0.191677, 2.775372
1645526583.712952, 3.719003, -0.191677, 2.775372
1645526583.832925, 3.719003, -0.191677, 2.775372
1645526583.852051, 3.719003, -0.191677, 2.775372
1645526584.011501, 3.719003, -0.191677, 2.775372
1645526584.112432, 3.719003, -0.191677, 2.775372
1645526584.230303, 3.719003, -0.191677, 2.775372
1645526584.310193, 3.719003, -0.191677, 2.775372
1645526584.330199, 3.719003, -0.191677, 2.775372
1645526584.530146, 3.719003, -0.191677, 2.775372
1645526584.609210, 3.719003, -0.191677, 2.775372
1645526584.648832, 3.719003, -0.191677, 2.775372
1645526584.688777, 3.719003, -0.191677, 2.775372
1645526584.769094, 3.719003, -0.191677, 2.775372
1645526584.809703, 3.719003, -0.191677, 2.775372
1645526584.848567, 3.719003, -0.191677, 2.775372
1645526584.927422, 3.719003, -0.191677, 2.775372
1645526585.127325, 3.719003, -0.191677, 2.775372
1645526585.366143, 3.719003, -0.191677, 2.775372
1645526585.465956, 3.719003, -0.191677, 2.775372
1645526585.724806, 3.719003, -0.191677, 2.775372
1645526585.844653, 3.719003, -0.191677, 2.775372
1645526585.904557, 3.719003, -0.191677, 2.775372
1645526586.044425, 3.719003, -0.191677, 2.775372
1645526586.083387, 3.719003, -0.191677, 2.775372
1645526586.302207, 3.719003, -0.191677, 2.775372
1645526586.422029, 3.719003, -0.191677, 2.775372
1645526586.441986, 3.719003, -0.191677, 2.775372
1645526586.481890, 3.719003, -0.191677, 2.775372
1645526586.501942, 3.719003, -0.191677, 2.775372
1645526586.541926, 3.719003, -0.191677, 2.775372
1645526586.581889, 3.719003, -0.191677, 2.775372
1645526586.621883, 3.719003, -0.191677, 2.775372
1645526586.660855, 3.719003, -0.191677, 2.775372
1645526586.700678, 3.719003, -0.191677, 2.775372
1645526586.780663, 3.719003, -0.191677, 2.775372
1645526586.860580, 3.719003, -0.191677, 2.775372
1645526587.119326, 3.719003, -0.191677, 2.775372
1645526587.418171, 3.719003, -0.191677, 2.775372
1645526587.736759, 3.719003, -0.191677, 2.775372
1645526588.893497, 3.719003, -0.191677, 2.775372
1645526589.132968, 3.719003, -0.191677, 2.775372
1645526589.192186, 3.719003, -0.191677, 2.775372
1645526589.351129, 3.719003, -0.191677, 2.775372
1645526589.411411, 3.719003, -0.191677, 2.775372
1645526589.530667, 3.719003, -0.191677, 2.775372
1645526589.610595, 3.719003, -0.191677, 2.775372
1645526589.709560, 3.719003, -0.191677, 2.775372
1645526589.809530, 3.719003, -0.191677, 2.775372
1645526589.909306, 3.719003, -0.191677, 2.775372
1645526590.028098, 3.719003, -0.191677, 2.775372
1645526590.108157, 3.719003, -0.191677, 2.775372
1645526590.207934, 3.719003, -0.191677, 2.775372
1645526590.327775, 3.719003, -0.191677, 2.775372
1645526590.427583, 3.719003, -0.191677, 2.775372
1645526590.526649, 3.719003, -0.191677, 2.775372
1645526590.626426, 3.719003, -0.191677, 2.775372
1645526590.726314, 3.719003, -0.191677, 2.775372
1645526590.826587, 3.719003, -0.191677, 2.775372
1645526590.905081, 3.719003, -0.191677, 2.775372
1645526591.044965, 3.719003, -0.191677, 2.775372
1645526591.124803, 3.719003, -0.191677, 2.775372
1645526591.223739, 3.719003, -0.191677, 2.775372
1645526591.304597, 3.719003, -0.191677, 2.775372
1645526591.403620, 3.719003, -0.191677, 2.775372
1645526591.523422, 3.719003, -0.191677, 2.775372
1645526591.642257, 3.719003, -0.191677, 2.775372
1645526591.742200, 3.719003, -0.191677, 2.775372
1645526591.802183, 3.719003, -0.191677, 2.775372
1645526591.921026, 3.719003, -0.191677, 2.775372
1645526592.021128, 3.719003, -0.191677, 2.775372
1645526592.140819, 3.719003, -0.191677, 2.775372
1645526592.220579, 3.719003, -0.191677, 2.775372
1645526592.319641, 3.719003, -0.191677, 2.775372
1645526592.419732, 3.719003, -0.191677, 2.775372
1645526592.519340, 3.719003, -0.191677, 2.775372
1645526592.618210, 3.719003, -0.191677, 2.775372
1645526592.738077, 3.719003, -0.191677, 2.775372
1645526592.818128, 3.719003, -0.191677, 2.775372
1645526592.858129, 3.719003, -0.191677, 2.775372
1645526593.036863, 3.719003, -0.191677, 2.775372
1645526593.136831, 3.719003, -0.191677, 2.775372
1645526593.237496, 3.719003, -0.191677, 2.775372
1645526593.316494, 3.719003, -0.191677, 2.775372
1645526593.416570, 3.719003, -0.191677, 2.775372
1645526593.475367, 3.719003, -0.191677, 2.775372
1645526593.495309, 3.719003, -0.191677, 2.775372
1645526593.734120, 3.719003, -0.191677, 2.775372
1645526593.834107, 3.719003, -0.191677, 2.775372
1645526593.934990, 3.719003, -0.191677, 2.775372
1645526594.033808, 3.719003, -0.191677, 2.775372
1645526594.113688, 3.719003, -0.191677, 2.775372
1645526594.212633, 3.719003, -0.191677, 2.775372
1645526594.332504, 3.719003, -0.191677, 2.775372
1645526594.412332, 3.719003, -0.191677, 2.775372
1645526594.512608, 3.719003, -0.191677, 2.775372
1645526594.632168, 3.719003, -0.191677, 2.775372
1645526594.711241, 3.719003, -0.191677, 2.775372
1645526594.811385, 3.719003, -0.191677, 2.775372
1645526594.949977, 3.719003, -0.191677, 2.775372
1645526595.009769, 3.719003, -0.191677, 2.775372
1645526595.109666, 3.719003, -0.191677, 2.775372
1645526595.229472, 3.719003, -0.191677, 2.775372
1645526595.268488, 3.719003, -0.191677, 2.775372
1645526595.428472, 3.719003, -0.191677, 2.775372
1645526595.528253, 3.719003, -0.191677, 2.775372
1645526595.627267, 3.719003, -0.191677, 2.775372
1645526595.746925, 3.719003, -0.191677, 2.775372
1645526595.826791, 3.719003, -0.191677, 2.775372
1645526595.946643, 3.719003, -0.191677, 2.775372
1645526596.025596, 3.719003, -0.191677, 2.775372
1645526596.145419, 3.719003, -0.191677, 2.775372
1645526596.245320, 3.719003, -0.191677, 2.775372
1645526596.285364, 3.719003, -0.191677, 2.775372
1645526596.425185, 3.719003, -0.191677, 2.775372
1645526596.524046, 3.719003, -0.191677, 2.775372
1645526596.604002, 3.719003, -0.191677, 2.775372
1645526596.722815, 3.719003, -0.191677, 2.775372
1645526596.822812, 3.719003, -0.191677, 2.775372
1645526596.923675, 3.719003, -0.191677, 2.775372
1645526597.022523, 3.719003, -0.191677, 2.775372
1645526597.221707, 3.719003, -0.191677, 2.775372
1645526597.321877, 3.719003, -0.191677, 2.775372
1645526597.421283, 3.719003, -0.191677, 2.775372
1645526597.540021, 3.719003, -0.191677, 2.775372
1645526597.639893, 3.719003, -0.191677, 2.775372
1645526597.719763, 3.719003, -0.191677, 2.775372
1645526597.839533, 3.719003, -0.191677, 2.775372
1645526597.918530, 3.719003, -0.191677, 2.775372
1645526598.018390, 3.719003, -0.191677, 2.775372
1645526598.098312, 3.719003, -0.191677, 2.775372
1645526598.237442, 3.719003, -0.191677, 2.775372
1645526598.318295, 3.719003, -0.191677, 2.775372
1645526598.437047, 3.719003, -0.191677, 2.775372
1645526598.456989, 3.719003, -0.191677, 2.775372
1645526598.635854, 3.719003, -0.191677, 2.775372
1645526598.716765, 3.719003, -0.191677, 2.775372
1645526598.836782, 3.719003, -0.191677, 2.775372
1645526598.915552, 3.719003, -0.191677, 2.775372
1645526598.995480, 3.719003, -0.191677, 2.775372
1645526599.134916, 3.719003, -0.191677, 2.775372
1645526599.234626, 3.719003, -0.191677, 2.775372
1645526599.314170, 3.719003, -0.191677, 2.775372
1645526599.414458, 3.719003, -0.191677, 2.775372
1645526599.533863, 3.719003, -0.191677, 2.775372
1645526599.632830, 3.719003, -0.191677, 2.775372
1645526599.732698, 3.719003, -0.191677, 2.775372
1645526599.811677, 3.719003, -0.191677, 2.775372
1645526599.931488, 3.719003, -0.191677, 2.775372
1645526600.031337, 3.719003, -0.191677, 2.775372
1645526600.131419, 3.719003, -0.191677, 2.775372
1645526600.230178, 3.719003, -0.191677, 2.775372
1645526600.330248, 3.719003, -0.191677, 2.775372
1645526600.429874, 3.719003, -0.191677, 2.775372
1645526600.489963, 3.719003, -0.191677, 2.775372
1645526600.629742, 3.719003, -0.191677, 2.775372
1645526600.729044, 3.719003, -0.191677, 2.775372
1645526600.828471, 3.719003, -0.191677, 2.775372
1645526600.927366, 3.719003, -0.191677, 2.775372
1645526601.027269, 3.719003, -0.191677, 2.775372
1645526601.128495, 3.719003, -0.191677, 2.775372
1645526601.287025, 3.719003, -0.191677, 2.775372
1645526601.445868, 3.719003, -0.191677, 2.775372
1645526601.466761, 3.719003, -0.191677, 2.775372
1645526601.725496, 3.719003, -0.191677, 2.775372
1645526601.844385, 3.719003, -0.191677, 2.775372
1645526601.944356, 3.719003, -0.191677, 2.775372
1645526602.005199, 3.719003, -0.191677, 2.775372
1645526602.123685, 3.719003, -0.191677, 2.775372
1645526602.242873, 3.719003, -0.191677, 2.775372
1645526602.302834, 3.719003, -0.191677, 2.775372
1645526602.422714, 3.719003, -0.191677, 2.775372
1645526602.501571, 3.719003, -0.191677, 2.775372
1645526602.542569, 3.719003, -0.191677, 2.775372
1645526602.741715, 3.719003, -0.191677, 2.775372
1645526602.901125, 3.719003, -0.191677, 2.775372
1645526602.941132, 3.719003, -0.191677, 2.775372
1645526603.060014, 3.719003, -0.191677, 2.775372
1645526603.119975, 3.719003, -0.191677, 2.775372
1645526603.159961, 3.719003, -0.191677, 2.775372
1645526603.199863, 3.719003, -0.191677, 2.775372
1645526603.279766, 3.719003, -0.191677, 2.775372
1645526603.598490, 3.719003, -0.191677, 2.775372
1645526603.877514, 3.719003, -0.191677, 2.775372
1645526604.175755, 3.719003, -0.191677, 2.775372
1645526605.271527, 3.719003, -0.191677, 2.775372
1645526606.527183, 3.719003, -0.191677, 2.775372
1645526606.647202, 3.719003, -0.191677, 2.775372
1645526606.726934, 3.719003, -0.191677, 2.775372
1645526606.825787, 3.719003, -0.191677, 2.775372
1645526606.885979, 3.719003, -0.191677, 2.775372
1645526607.025622, 3.719003, -0.191677, 2.775372
1645526607.125543, 3.719003, -0.191677, 2.775372
1645526607.184444, 3.719003, -0.191677, 2.775372
1645526607.444282, 3.719003, -0.191677, 2.775372
1645526607.543145, 3.719003, -0.191677, 2.775372
1645526607.623046, 3.719003, -0.191677, 2.775372
1645526607.722903, 3.719003, -0.191677, 2.775372
1645526607.822860, 3.719003, -0.191677, 2.775372
1645526607.921764, 3.719003, -0.191677, 2.775372
1645526608.021658, 3.719003, -0.191677, 2.775372
1645526608.122457, 3.719003, -0.191677, 2.775372
1645526608.240580, 3.719003, -0.191677, 2.775372
1645526608.321275, 3.719003, -0.191677, 2.775372
1645526608.420186, 3.719003, -0.191677, 2.775372
1645526608.481085, 3.719003, -0.191677, 2.775372
1645526608.579068, 3.719003, -0.191677, 2.775372
1645526608.700053, 3.719003, -0.191677, 2.775372
1645526608.838724, 3.719003, -0.191677, 2.775372
1645526608.918678, 3.719003, -0.191677, 2.775372
1645526609.038600, 3.719003, -0.191677, 2.775372
1645526609.117624, 3.719003, -0.191677, 2.775372
1645526609.217586, 3.719003, -0.191677, 2.775372
1645526609.317315, 3.719003, -0.191677, 2.775372
1645526609.417181, 3.719003, -0.191677, 2.775372
1645526609.516101, 3.719003, -0.191677, 2.775372
1645526609.616010, 3.719003, -0.191677, 2.775372
1645526609.716047, 3.719003, -0.191677, 2.775372
1645526609.814770, 3.719003, -0.191677, 2.775372
1645526609.914623, 3.719003, -0.191677, 2.775372
1645526610.034424, 3.719003, -0.191677, 2.775372
1645526610.134484, 3.719003, -0.191677, 2.775372
1645526610.213434, 3.719003, -0.191677, 2.775372
1645526610.333400, 3.719003, -0.191677, 2.775372
1645526610.373096, 3.719003, -0.191677, 2.775372
1645526610.531981, 3.719003, -0.191677, 2.775372
1645526610.631866, 3.719003, -0.191677, 2.775372
1645526610.691762, 3.719003, -0.191677, 2.775372
1645526610.831590, 3.719003, -0.191677, 2.775372
1645526610.931571, 3.719003, -0.191677, 2.775372
1645526611.050361, 3.719003, -0.191677, 2.775372
1645526611.130350, 3.719003, -0.191677, 2.775372
1645526611.229274, 3.719003, -0.191677, 2.775372
1645526611.310086, 3.719003, -0.191677, 2.775372
1645526611.428972, 3.719003, -0.191677, 2.775372
1645526611.488848, 3.719003, -0.191677, 2.775372
1645526611.568914, 3.719003, -0.191677, 2.775372
1645526611.827404, 3.719003, -0.191677, 2.775372
1645526611.907473, 3.719003, -0.191677, 2.775372
1645526612.007357, 3.719003, -0.191677, 2.775372
1645526612.126292, 3.719003, -0.191677, 2.775372
1645526612.246057, 3.719003, -0.191677, 2.775372
1645526612.345861, 3.719003, -0.191677, 2.775372
1645526612.444898, 3.719003, -0.191677, 2.775372
1645526612.544788, 3.719003, -0.191677, 2.775372
1645526612.604715, 3.719003, -0.191677, 2.775372
1645526612.724599, 3.719003, -0.191677, 2.775372
1645526612.843527, 3.719003, -0.191677, 2.775372
1645526612.923599, 3.719003, -0.191677, 2.775372
1645526613.023285, 3.719003, -0.191677, 2.775372
1645526613.122147, 3.719003, -0.191677, 2.775372
1645526613.203214, 3.719003, -0.191677, 2.775372
1645526613.322003, 3.719003, -0.191677, 2.775372
1645526613.421905, 3.719003, -0.191677, 2.775372
1645526613.520789, 3.719003, -0.191677, 2.775372
1645526613.620677, 3.719003, -0.191677, 2.775372
1645526613.720494, 3.719003, -0.191677, 2.775372
1645526613.820472, 3.719003, -0.191677, 2.775372
1645526613.920376, 3.719003, -0.191677, 2.775372
1645526614.019251, 3.719003, -0.191677, 2.775372
1645526614.119269, 3.719003, -0.191677, 2.775372
1645526614.238060, 3.719003, -0.191677, 2.775372
1645526614.318883, 3.719003, -0.191677, 2.775372
1645526614.397834, 3.719003, -0.191677, 2.775372
1645526614.537792, 3.719003, -0.191677, 2.775372
1645526614.637643, 3.719003, -0.191677, 2.775372
1645526614.736726, 3.719003, -0.191677, 2.775372
1645526614.856362, 3.719003, -0.191677, 2.775372
1645526614.936262, 3.719003, -0.191677, 2.775372
1645526615.036278, 3.719003, -0.191677, 2.775372
1645526615.136316, 3.719003, -0.191677, 2.775372
1645526615.215208, 3.719003, -0.191677, 2.775372
1645526615.334908, 3.719003, -0.191677, 2.775372
1645526615.413805, 3.719003, -0.191677, 2.775372
1645526615.533656, 3.719003, -0.191677, 2.775372
1645526615.633499, 3.719003, -0.191677, 2.775372
1645526615.733440, 3.719003, -0.191677, 2.775372
1645526615.812674, 3.719003, -0.191677, 2.775372
1645526615.932536, 3.719003, -0.191677, 2.775372
1645526616.032197, 3.719003, -0.191677, 2.775372
1645526616.131026, 3.719003, -0.191677, 2.775372
1645526616.171041, 3.719003, -0.191677, 2.775372
1645526616.330811, 3.719003, -0.191677, 2.775372
1645526616.430713, 3.719003, -0.191677, 2.775372
1645526616.469685, 3.719003, -0.191677, 2.775372
1645526616.629472, 3.719003, -0.191677, 2.775372
1645526616.729345, 3.719003, -0.191677, 2.775372
1645526616.828241, 3.719003, -0.191677, 2.775372
1645526616.929155, 3.719003, -0.191677, 2.775372
1645526616.988182, 3.719003, -0.191677, 2.775372
1645526617.107915, 3.719003, -0.191677, 2.775372
1645526617.226879, 3.719003, -0.191677, 2.775372
1645526617.327598, 3.719003, -0.191677, 2.775372
1645526617.427594, 3.719003, -0.191677, 2.775372
1645526617.526439, 3.719003, -0.191677, 2.775372
1645526617.626701, 3.719003, -0.191677, 2.775372
1645526617.745147, 3.719003, -0.191677, 2.775372
1645526617.845051, 3.719003, -0.191677, 2.775372
1645526617.924972, 3.719003, -0.191677, 2.775372
1645526618.004825, 3.719003, -0.191677, 2.775372
1645526618.124745, 3.719003, -0.191677, 2.775372
1645526618.243690, 3.719003, -0.191677, 2.775372
1645526618.343471, 3.719003, -0.191677, 2.775372
1645526618.422374, 3.719003, -0.191677, 2.775372
1645526618.542262, 3.719003, -0.191677, 2.775372
1645526618.643080, 3.719003, -0.191677, 2.775372
1645526618.722321, 3.719003, -0.191677, 2.775372
1645526618.821934, 3.719003, -0.191677, 2.775372
1645526618.940784, 3.719003, -0.191677, 2.775372
1645526619.040755, 3.719003, -0.191677, 2.775372
1645526619.139655, 3.719003, -0.191677, 2.775372
1645526619.240572, 3.719003, -0.191677, 2.775372
1645526619.340401, 3.719003, -0.191677, 2.775372
1645526619.439284, 3.719003, -0.191677, 2.775372
1645526619.519275, 3.719003, -0.191677, 2.775372
1645526619.638363, 3.719003, -0.191677, 2.775372
1645526619.718018, 3.719003, -0.191677, 2.775372
1645526619.837847, 3.719003, -0.191677, 2.775372
1645526619.937733, 3.719003, -0.191677, 2.775372
