1645526426.683209, -nan, -nan, -nan
1645526426.783088, 2.407934, 0.072356, -1.578654
1645526426.882759, 2.407934, 0.072356, -1.578654
1645526426.962961, 2.407934, 0.072356, -1.578654
1645526427.062726, 2.407934, 0.072356, -1.578654
1645526427.163847, 2.407934, 0.072356, -1.578654
1645526427.282727, 2.407934, 0.072356, -1.578654
1645526427.382730, 2.407934, 0.072356, -1.578654
1645526427.483491, 2.407934, 0.072356, -1.578654
1645526427.602457, 2.407934, 0.072356, -1.578654
1645526427.683329, 2.407934, 0.072356, -1.578654
1645526427.783379, 2.407934, 0.072356, -1.578654
1645526427.883391, 2.407934, 0.072356, -1.578654
1645526427.983266, 2.407934, 0.072356, -1.578654
1645526428.104137, 2.407934, 0.072356, -1.578654
1645526428.203184, 2.407934, 0.072356, -1.578654
1645526428.303019, 2.407934, 0.072356, -1.578654
1645526428.382982, 2.407934, 0.072356, -1.578654
1645526428.482876, 2.407934, 0.072356, -1.578654
1645526428.583699, 2.407934, 0.072356, -1.578654
1645526428.682614, 2.407934, 0.072356, -1.578654
1645526428.782526, 2.407934, 0.072356, -1.578654
1645526428.882441, 2.407934, 0.072356, -1.578654
1645526428.982409, 2.407934, 0.072356, -1.578654
1645526429.083377, 2.407934, 0.072356, -1.578654
1645526429.182275, 2.407934, 0.072356, -1.578654
1645526429.283139, 2.407934, 0.072356, -1.578654
1645526429.383111, 2.407934, 0.072356, -1.578654
1645526429.482043, 2.407934, 0.072356, -1.578654
1645526429.583089, 2.407934, 0.072356, -1.578654
1645526429.702975, 2.407934, 0.072356, -1.578654
1645526429.782782, 2.407934, 0.072356, -1.578654
1645526429.882824, 2.407934, 0.072356, -1.578654
1645526430.003729, 2.407934, 0.072356, -1.578654
1645526430.082592, 2.407934, 0.072356, -1.578654
1645526430.182560, 2.407934, 0.072356, -1.578654
1645526430.282539, 2.407934, 0.072356, -1.578654
1645526430.483414, 2.407934, 0.072356, -1.578654
1645526430.582318, 2.407934, 0.072356, -1.578654
1645526430.702241, 2.407934, 0.072356, -1.578654
1645526430.803127, 2.407934, 0.072356, -1.578654
1645526430.862279, 2.407934, 0.072356, -1.578654
1645526430.962987, 2.407934, 0.072356, -1.578654
1645526431.081867, 2.407934, 0.072356, -1.578654
1645526431.201894, 2.407934, 0.072356, -1.578654
1645526431.282748, 2.407934, 0.072356, -1.578654
1645526431.381719, 2.407934, 0.072356, -1.578654
1645526431.482579, 2.407934, 0.072356, -1.578654
1645526431.602493, 2.407934, 0.072356, -1.578654
1645526431.681409, 2.407934, 0.072356, -1.578654
1645526431.782369, 2.407934, 0.072356, -1.578654
1645526431.881247, 2.407934, 0.072356, -1.578654
1645526431.922275, 2.407934, 0.072356, -1.578654
1645526432.082132, 2.407934, 0.072356, -1.578654
1645526432.181165, 2.407934, 0.072356, -1.578654
1645526432.282078, 2.407934, 0.072356, -1.578654
1645526432.402094, 2.407934, 0.072356, -1.578654
1645526432.481845, 2.407934, 0.072356, -1.578654
1645526432.581821, 2.407934, 0.072356, -1.578654
1645526432.701819, 2.407934, 0.072356, -1.578654
1645526432.801692, 2.407934, 0.072356, -1.578654
1645526432.901632, 2.407934, 0.072356, -1.578654
1645526432.981471, 2.407934, 0.072356, -1.578654
1645526433.081348, 2.407934, 0.072356, -1.578654
1645526433.202550, 2.407934, 0.072356, -1.578654
1645526433.281261, 2.407934, 0.072356, -1.578654
1645526433.381099, 2.407934, 0.072356, -1.578654
1645526433.501359, 2.407934, 0.072356, -1.578654
1645526433.601012, 2.407934, 0.072356, -1.578654
1645526433.681875, 2.407934, 0.072356, -1.578654
1645526433.780802, 2.407934, 0.072356, -1.578654
1645526433.900735, 2.407934, 0.072356, -1.578654
1645526433.980620, 2.407934, 0.072356, -1.578654
1645526434.080503, 2.407934, 0.072356, -1.578654
1645526434.201595, 2.407934, 0.072356, -1.578654
1645526434.280600, 2.407934, 0.072356, -1.578654
1645526434.381285, 2.407934, 0.072356, -1.578654
1645526434.460323, 2.407934, 0.072356, -1.578654
1645526434.560235, 2.407934, 0.072356, -1.578654
1645526434.701211, 2.407934, 0.072356, -1.578654
1645526434.801127, 2.407934, 0.072356, -1.578654
1645526434.861031, 2.407934, 0.072356, -1.578654
1645526434.980912, 2.407934, 0.072356, -1.578654
1645526435.060928, 2.407934, 0.072356, -1.578654
1645526435.180726, 2.407934, 0.072356, -1.578654
1645526435.261723, 2.407934, 0.072356, -1.578654
1645526435.300700, 2.407934, 0.072356, -1.578654
1645526435.480613, 2.407934, 0.072356, -1.578654
1645526435.581545, 2.407934, 0.072356, -1.578654
1645526435.680438, 2.407934, 0.072356, -1.578654
1645526435.780492, 2.407934, 0.072356, -1.578654
1645526435.880377, 2.407934, 0.072356, -1.578654
1645526435.980238, 2.407934, 0.072356, -1.578654
1645526436.080130, 2.407934, 0.072356, -1.578654
1645526436.179922, 2.407934, 0.072356, -1.578654
1645526436.299887, 2.407934, 0.072356, -1.578654
1645526436.359851, 2.407934, 0.072356, -1.578654
1645526436.499782, 2.407934, 0.072356, -1.578654
1645526436.600739, 2.407934, 0.072356, -1.578654
1645526436.659744, 2.407934, 0.072356, -1.578654
1645526436.799692, 2.407934, 0.072356, -1.578654
1645526436.840608, 2.407934, 0.072356, -1.578654
1645526436.980405, 2.407934, 0.072356, -1.578654
1645526437.080204, 2.407934, 0.072356, -1.578654
1645526437.200284, 2.407934, 0.072356, -1.578654
1645526437.300355, 2.407934, 0.072356, -1.578654
1645526437.400300, 2.407934, 0.072356, -1.578654
1645526437.480048, 2.407934, 0.072356, -1.578654
1645526437.580044, 2.407934, 0.072356, -1.578654
1645526437.699965, 2.407934, 0.072356, -1.578654
1645526437.779781, 2.407934, 0.072356, -1.578654
1645526437.899762, 2.407934, 0.072356, -1.578654
1645526437.980570, 2.407934, 0.072356, -1.578654
1645526438.079804, 2.407934, 0.072356, -1.578654
1645526438.179620, 2.407934, 0.072356, -1.578654
1645526438.279557, 2.407934, 0.072356, -1.578654
1645526438.379418, 2.407934, 0.072356, -1.578654
1645526438.479588, 2.407934, 0.072356, -1.578654
1645526438.599194, 2.407934, 0.072356, -1.578654
1645526438.699305, 2.407934, 0.072356, -1.578654
1645526438.780071, 2.407934, 0.072356, -1.578654
1645526438.840103, 2.407934, 0.072356, -1.578654
1645526439.000197, 2.407934, 0.072356, -1.578654
1645526439.079025, 2.407934, 0.072356, -1.578654
1645526439.178986, 2.407934, 0.072356, -1.578654
1645526439.299754, 2.407934, 0.072356, -1.578654
1645526439.378802, 2.407934, 0.072356, -1.578654
1645526439.479601, 2.407934, 0.072356, -1.578654
1645526439.599778, 2.407934, 0.072356, -1.578654
1645526439.679554, 2.407934, 0.072356, -1.578654
1645526439.779315, 2.407934, 0.072356, -1.578654
1645526439.880415, 2.407934, 0.072356, -1.578654
1645526439.979231, 2.407934, 0.072356, -1.578654
1645526440.079188, 2.407934, 0.072356, -1.578654
1645526440.200140, 2.407934, 0.072356, -1.578654
1645526440.278996, 2.407934, 0.072356, -1.578654
1645526440.378963, 2.407934, 0.072356, -1.578654
1645526440.578752, 2.407934, 0.072356, -1.578654
1645526440.638813, 2.407934, 0.072356, -1.578654
1645526440.658744, 2.407934, 0.072356, -1.578654
1645526440.679704, 2.407934, 0.072356, -1.578654
1645526440.718704, 2.407934, 0.072356, -1.578654
1645526440.778663, 2.407934, 0.072356, -1.578654
1645526440.798842, 2.407934, 0.072356, -1.578654
1645526440.839625, 2.407934, 0.072356, -1.578654
1645526440.878591, 2.407934, 0.072356, -1.578654
1645526440.918583, 2.407934, 0.072356, -1.578654
1645526440.978506, 2.407934, 0.072356, -1.578654
1645526441.018464, 2.407934, 0.072356, -1.578654
1645526441.058498, 2.407934, 0.072356, -1.578654
1645526441.098505, 2.407934, 0.072356, -1.578654
1645526441.138433, 2.407934, 0.072356, -1.578654
1645526441.179414, 2.407934, 0.072356, -1.578654
1645526441.219187, 2.407934, 0.072356, -1.578654
1645526441.298341, 2.407934, 0.072356, -1.578654
1645526441.379118, 2.407934, 0.072356, -1.578654
1645526441.539012, 2.407934, 0.072356, -1.578654
1645526441.617949, 2.407934, 0.072356, -1.578654
1645526441.777887, 2.407934, 0.072356, -1.578654
1645526441.858880, 2.407934, 0.072356, -1.578654
1645526441.998702, 2.407934, 0.072356, -1.578654
1645526442.538461, 2.407934, 0.072356, -1.578654
1645526444.177175, 2.407934, 0.072356, -1.578654
1645526445.777769, 2.407934, 0.072356, -1.578654
1645526445.896698, 2.407934, 0.072356, -1.578654
1645526445.997537, 2.407934, 0.072356, -1.578654
1645526446.076387, 2.407934, 0.072356, -1.578654
1645526446.196567, 2.407934, 0.072356, -1.578654
1645526446.277426, 2.407934, 0.072356, -1.578654
1645526446.396427, 2.407934, 0.072356, -1.578654
1645526446.457300, 2.407934, 0.072356, -1.578654
1645526446.597243, 2.407934, 0.072356, -1.578654
1645526446.677130, 2.407934, 0.072356, -1.578654
1645526446.797137, 2.407934, 0.072356, -1.578654
1645526446.876961, 2.407934, 0.072356, -1.578654
1645526446.996862, 2.407934, 0.072356, -1.578654
1645526447.076794, 2.407934, 0.072356, -1.578654
1645526447.176732, 2.407934, 0.072356, -1.578654
1645526447.296719, 2.407934, 0.072356, -1.578654
1645526447.396656, 2.407934, 0.072356, -1.578654
1645526447.476612, 2.407934, 0.072356, -1.578654
1645526447.576510, 2.407934, 0.072356, -1.578654
1645526447.697457, 2.407934, 0.072356, -1.578654
1645526447.776368, 2.407934, 0.072356, -1.578654
1645526447.896296, 2.407934, 0.072356, -1.578654
1645526447.996137, 2.407934, 0.072356, -1.578654
1645526448.096181, 2.407934, 0.072356, -1.578654
1645526448.196073, 2.407934, 0.072356, -1.578654
1645526448.296140, 2.407934, 0.072356, -1.578654
1645526448.395931, 2.407934, 0.072356, -1.578654
1645526448.476055, 2.407934, 0.072356, -1.578654
1645526448.595729, 2.407934, 0.072356, -1.578654
1645526448.675746, 2.407934, 0.072356, -1.578654
1645526448.775650, 2.407920, 0.070565, -1.578654
1645526448.875572, 2.407864, 0.062505, -1.574117
1645526448.976573, 2.407853, 0.051545, -1.564343
1645526449.075262, 2.407872, 0.049199, -1.559281
1645526449.196445, 2.407900, 0.046939, -1.553696
1645526449.275361, 2.407974, 0.043102, -1.543922
1645526449.376191, 2.407989, 0.042633, -1.518964
1645526449.476164, 2.408025, 0.042122, -1.501162
1645526449.595986, 2.408250, 0.039060, -1.462066
1645526449.675945, 2.408454, 0.037452, -1.431174
1645526449.795947, 2.416055, 0.079903, -1.378226
1645526449.895678, 2.416479, 0.077900, -1.350824
1645526449.975649, 2.417430, 0.073787, -1.320106
1645526450.095748, 2.419217, 0.067512, -1.276996
1645526450.195580, 2.422407, 0.057474, -1.229698
1645526450.295485, 2.429467, 0.069297, -1.167393
1645526450.396521, 2.435638, 0.055614, -1.107877
1645526450.455283, 2.439915, 0.047313, -1.070004
1645526450.556325, 2.447259, 0.034665, -1.001238
1645526450.675230, 2.435675, 0.049826, -0.930257
1645526450.775051, 2.445389, 0.037449, -0.870916
1645526450.876166, 2.455636, 0.025791, -0.811051
1645526450.995059, 2.462348, 0.045797, -0.740703
1645526451.074727, 2.471885, 0.037399, -0.692183
1645526451.174866, 2.484299, 0.027524, -0.643139
1645526451.274786, 2.497205, 0.018301, -0.593747
1645526451.375724, 2.510602, 0.009570, -0.551859
1645526451.474657, 2.501342, 0.028520, -0.503668
1645526451.575417, 2.515670, 0.020952, -0.461605
1645526451.675568, 2.530320, 0.013927, -0.423732
1645526451.795366, 2.548168, 0.006208, -0.390396
1645526451.875312, 2.560432, 0.001272, -0.370150
1645526451.995176, 2.578927, -0.005642, -0.339956
1645526452.075145, 2.590366, -0.011589, -0.324906
1645526452.194862, 2.609474, -0.017778, -0.296981
1645526452.275069, 2.622139, -0.021570, -0.281622
1645526452.374856, 2.638236, -0.026078, -0.261725
1645526452.494729, 2.657805, -0.031144, -0.240607
1645526452.594718, 2.674273, -0.035076, -0.225073
1645526452.714653, 2.694054, -0.039438, -0.207969
1645526452.774499, 2.703990, -0.041507, -0.199417
1645526452.894405, 2.724004, -0.045381, -0.181615
1645526452.994362, 2.740837, -0.048395, -0.170619
1645526453.094337, 2.757620, -0.051201, -0.158576
1645526453.194298, 2.774603, -0.053836, -0.148453
1645526453.295110, 2.795906, -0.055764, -0.140735
1645526453.394037, 2.812973, -0.058127, -0.134277
1645526453.494963, 2.830178, -0.060413, -0.128692
1645526453.594846, 2.847313, -0.062581, -0.122060
1645526453.674900, 2.861031, -0.064241, -0.118045
1645526453.794669, 2.881957, -0.066675, -0.113508
1645526453.874644, 2.895771, -0.068242, -0.111588
1645526453.994582, 2.916585, -0.070523, -0.105654
1645526454.074628, 2.930582, -0.071989, -0.101814
1645526454.174469, 2.947938, -0.073717, -0.095531
1645526454.274664, 2.965560, -0.075364, -0.090469
1645526454.394233, 2.986672, -0.077235, -0.084884
1645526454.494156, 2.992927, -0.080106, -0.082447
1645526454.594088, 3.010652, -0.081548, -0.078782
1645526454.695107, 3.028467, -0.082935, -0.076687
1645526454.793994, 3.046199, -0.084281, -0.074593
1645526454.854993, 3.056874, -0.085072, -0.071975
1645526454.993890, 3.081845, -0.086835, -0.068659
1645526455.093851, 3.099673, -0.088041, -0.066564
1645526455.193797, 3.117461, -0.089211, -0.063597
1645526455.273657, 3.132017, -0.090127, -0.061154
1645526455.374787, 3.149896, -0.091199, -0.058187
1645526455.473626, 3.167864, -0.092220, -0.054173
1645526455.573491, 3.189024, -0.091841, -0.050920
1645526455.674417, 3.207211, -0.092752, -0.047953
1645526455.754447, 3.221738, -0.093438, -0.046033
1645526455.854378, 3.239802, -0.094240, -0.042542
1645526455.954370, 3.257867, -0.095005, -0.042193
1645526456.074193, 3.279682, -0.095940, -0.042193
1645526456.154346, 3.294042, -0.096536, -0.040797
1645526456.193976, 3.301456, -0.096840, -0.041321
1645526456.373891, 3.334096, -0.098165, -0.041670
1645526456.474025, 3.352459, -0.098955, -0.044637
1645526456.573797, 3.370566, -0.099766, -0.044986
1645526456.653759, 3.385264, -0.100428, -0.045509
1645526456.774580, 3.388005, -0.104543, -0.047847
1645526456.893444, 3.409985, -0.105604, -0.050640
1645526456.913423, 3.413733, -0.105794, -0.051338
1645526457.094258, 3.446780, -0.107547, -0.056051
1645526457.173309, 3.461384, -0.108377, -0.056923
1645526457.274195, 3.479819, -0.109439, -0.060065
1645526457.373109, 3.498080, -0.110555, -0.062334
1645526457.474130, 3.516466, -0.111720, -0.064603
1645526457.593934, 3.538594, -0.113188, -0.068093
1645526457.693880, 3.557100, -0.114470, -0.070188
1645526457.773916, 3.571735, -0.115497, -0.070188
1645526457.893656, 3.597628, -0.119489, -0.068633
1645526457.953692, 3.608647, -0.120247, -0.069331
1645526458.073641, 3.630938, -0.121820, -0.071251
1645526458.153517, 3.645656, -0.122876, -0.072473
1645526458.273383, 3.668071, -0.124504, -0.072123
1645526458.373349, 3.686616, -0.125848, -0.072473
1645526458.493312, 3.708904, -0.127471, -0.072473
1645526458.593268, 3.727491, -0.128823, -0.072123
1645526458.633270, 3.734935, -0.129359, -0.071425
1645526458.653304, 3.738678, -0.129627, -0.071076
1645526458.674183, 3.742507, -0.129899, -0.071076
1645526458.713166, 3.749993, -0.130432, -0.070553
1645526458.753172, 3.757480, -0.130961, -0.070553
1645526458.834100, 3.772540, -0.132021, -0.070553
1645526458.872940, 3.779984, -0.132547, -0.071076
1645526458.913009, 3.787301, -0.133070, -0.071774
1645526459.132876, 3.800266, -0.140501, -0.077550
1645526459.412630, 3.852928, -0.144807, -0.081041
1645526459.493587, 3.868103, -0.146037, -0.082088
1645526459.733354, 3.913232, -0.149860, -0.087847
1645526459.913234, 3.947089, -0.152847, -0.088371
1645526460.013222, 3.966076, -0.154543, -0.090640
1645526460.033136, 3.969771, -0.154879, -0.090989
1645526460.073142, 3.977246, -0.155562, -0.091164
1645526460.113081, 3.984890, -0.156261, -0.091513
1645526460.153076, 3.992364, -0.156948, -0.092560
1645526460.392946, 4.037789, -0.161280, -0.099018
1645526461.073477, 4.076817, -0.165305, -0.100937
1645526461.892838, 4.076817, -0.165305, -0.100763
1645526462.772235, 4.076817, -0.165305, -0.100763
1645526462.872136, 4.076817, -0.165305, -0.100763
1645526462.973105, 4.048316, -0.154916, -0.096344
1645526463.011921, 4.048316, -0.154916, -0.096344
1645526463.171865, 4.048316, -0.154916, -0.096344
1645526463.292719, 4.048316, -0.154916, -0.096344
1645526463.391732, 4.048316, -0.154916, -0.096344
1645526463.491817, 4.048316, -0.154916, -0.096344
1645526463.531655, 4.048316, -0.154916, -0.096344
1645526463.691591, 4.048316, -0.154916, -0.096344
1645526463.792543, 4.048316, -0.154916, -0.096344
1645526463.832497, 4.048316, -0.154916, -0.096344
1645526464.092250, 4.048316, -0.154916, -0.096344
1645526464.191151, 4.048316, -0.154916, -0.096344
1645526464.272030, 4.048316, -0.154916, -0.096518
1645526464.371041, 4.053579, -0.155425, -0.096867
1645526464.491892, 4.061937, -0.156280, -0.107514
1645526464.591863, 4.073426, -0.157538, -0.114146
1645526464.691756, 4.088338, -0.159260, -0.115542
1645526464.791869, 4.103589, -0.161025, -0.115891
1645526464.871724, 4.116040, -0.162491, -0.119207
1645526464.991679, 4.134327, -0.164730, -0.125491
1645526465.071628, 4.126919, -0.167598, -0.128400
1645526465.191471, 4.145526, -0.170017, -0.130669
1645526465.291428, 4.161044, -0.172057, -0.131716
1645526465.391345, 4.176811, -0.174166, -0.135207
1645526465.471224, 4.189361, -0.175875, -0.135731
1645526465.591261, 4.208414, -0.178499, -0.138349
1645526465.692117, 4.224337, -0.180723, -0.139047
1645526465.791036, 4.240342, -0.182977, -0.142014
1645526465.891278, 4.256339, -0.185289, -0.144981
1645526465.991883, 4.272457, -0.187651, -0.146377
1645526466.070889, 4.285239, -0.189551, -0.149693
1645526466.170723, 4.301430, -0.192002, -0.149868
1645526466.270672, 4.306432, -0.190711, -0.147668
1645526466.370620, 4.322584, -0.193134, -0.150111
1645526466.491630, 4.342058, -0.196130, -0.155871
1645526466.590565, 4.358444, -0.198717, -0.157791
1645526466.691452, 4.374822, -0.201358, -0.163027
1645526466.791521, 4.391308, -0.204126, -0.171055
1645526466.910296, 4.410926, -0.207557, -0.175942
1645526467.011285, 4.427422, -0.210521, -0.179433
1645526467.030192, 4.430695, -0.211115, -0.179433
1645526467.191037, 4.457161, -0.215979, -0.185891
1645526467.290985, 4.473713, -0.219111, -0.188334
1645526467.410924, 4.493613, -0.222893, -0.188683
1645526467.490919, 4.506975, -0.225448, -0.188858
1645526467.590855, 4.512923, -0.226254, -0.188360
1645526467.670785, 4.526156, -0.228802, -0.193771
1645526467.770740, 4.542886, -0.232130, -0.200578
1645526467.890682, 4.562902, -0.236211, -0.202672
1645526467.990655, 4.579686, -0.239702, -0.207908
1645526468.071462, 4.593161, -0.242562, -0.212097
1645526468.130434, 4.603330, -0.244768, -0.217158
1645526468.270375, 4.627086, -0.250117, -0.224489
1645526468.391225, 4.647291, -0.254736, -0.230597
1645526468.490209, 4.663723, -0.258632, -0.232343
1645526468.570152, 4.676040, -0.261583, -0.244560
1645526468.670015, 4.692168, -0.265647, -0.246131
1645526468.769908, 4.719638, -0.270879, -0.242130
1645526468.849962, 4.733422, -0.274298, -0.245446
1645526468.969817, 4.752864, -0.279172, -0.246319
1645526469.069798, 4.769435, -0.283394, -0.254173
1645526469.169634, 4.786118, -0.287698, -0.248588
1645526469.269543, 4.803385, -0.292129, -0.256267
1645526469.390306, 4.823009, -0.297321, -0.262376
1645526469.510430, 4.841762, -0.302305, -0.255046
1645526469.570195, 4.850057, -0.304464, -0.254522
1645526469.710119, 4.873502, -0.310555, -0.250159
1645526469.790000, 4.884335, -0.313292, -0.243701
1645526469.890150, 4.896744, -0.316407, -0.249461
1645526469.990974, 4.910749, -0.319990, -0.249461
1645526470.090037, 4.933799, -0.319978, -0.241472
1645526470.209879, 4.946636, -0.323140, -0.241472
1645526470.269869, 4.953427, -0.324813, -0.241472
1645526470.389770, 4.965974, -0.327900, -0.240774
1645526470.469728, 4.974213, -0.329939, -0.247231
1645526470.509695, 4.978182, -0.330942, -0.249151
1645526470.689584, 4.995269, -0.335385, -0.266954
1645526470.789608, 5.004012, -0.337849, -0.288945
1645526470.869482, 5.010692, -0.339917, -0.322281
1645526470.930333, 5.015813, -0.341680, -0.352475
1645526471.029282, 5.024174, -0.344889, -0.384065
1645526471.169287, 5.035719, -0.349882, -0.442185
1645526471.270303, 5.050048, -0.351964, -0.473009
1645526471.369111, 5.057995, -0.356183, -0.511755
1645526471.450105, 5.064127, -0.359721, -0.539506
1645526471.570020, 5.073037, -0.365259, -0.583663
1645526471.629765, 5.085272, -0.372329, -0.603701
1645526471.809767, 5.098068, -0.381843, -0.681193
1645526471.869673, 5.102127, -0.385164, -0.695680
1645526471.969588, 5.105407, -0.387956, -0.736346
1645526472.069516, 5.107948, -0.390358, -0.774743
1645526472.129368, 5.110940, -0.393337, -0.800399
1645526472.289350, 5.117846, -0.400715, -0.855726
1645526472.349269, 5.119431, -0.402558, -0.870911
1645526472.549227, 5.141900, -0.414531, -0.938192
1645526472.689976, 5.142049, -0.414739, -0.959659
1645526472.728970, 5.142049, -0.414739, -0.959659
1645526472.888995, 5.142146, -0.414879, -0.961230
1645526472.968964, 5.142097, -0.414809, -0.957739
1645526473.048753, 5.142023, -0.414705, -0.941159
1645526473.188681, 5.141923, -0.414566, -0.905903
1645526473.288444, 5.142002, -0.414668, -0.874662
1645526473.389570, 5.142003, -0.414666, -0.845515
1645526473.489501, 5.142032, -0.414698, -0.795598
1645526473.588519, 5.141911, -0.414578, -0.770116
1645526473.669420, 5.141971, -0.414638, -0.727879
1645526473.809387, 5.142073, -0.414716, -0.669585
1645526473.889272, 5.144704, -0.415156, -0.638155
1645526473.949259, 5.144635, -0.415106, -0.617037
1645526474.088898, 5.144741, -0.415179, -0.554205
1645526474.128898, 5.144668, -0.415134, -0.535705
1645526474.289006, 5.149881, -0.410341, -0.461739
1645526474.368831, 5.149958, -0.410378, -0.426134
1645526474.448765, 5.149958, -0.410378, -0.388435
1645526474.568700, 5.150038, -0.410409, -0.337123
1645526474.668646, 5.150037, -0.410411, -0.291046
1645526474.768611, 5.150190, -0.408342, -0.240765
1645526474.888288, 5.150190, -0.408343, -0.188580
1645526474.968401, 5.150148, -0.408335, -0.151404
1645526475.088305, 5.150275, -0.408350, -0.091889
1645526475.168216, 5.153287, -0.412513, -0.056712
1645526475.308085, 5.153414, -0.412522, 0.009262
1645526475.388968, 5.153500, -0.412520, 0.050626
1645526475.488005, 5.153500, -0.412522, 0.092165
1645526475.587935, 5.148805, -0.413557, 0.146101
1645526475.687866, 5.148805, -0.413558, 0.187815
1645526475.768823, 5.148972, -0.413522, 0.230401
1645526475.908643, 5.149095, -0.413488, 0.297421
1645526475.987750, 5.149177, -0.413463, 0.329535
1645526476.048667, 5.139984, -0.410265, 0.366038
1645526476.167575, 5.140222, -0.410171, 0.416652
1645526476.287496, 5.140297, -0.410131, 0.471107
1645526476.348636, 5.140373, -0.410092, 0.495192
1645526476.388371, 5.140224, -0.410174, 0.511598
1645526476.408330, 5.139189, -0.408497, 0.519278
1645526476.647246, 5.139517, -0.408298, 0.597469
1645526476.688162, 5.139587, -0.408250, 0.610559
1645526476.708133, 5.139657, -0.408201, 0.614224
1645526476.748494, 5.139761, -0.408127, 0.621903
1645526476.788151, 5.139900, -0.408027, 0.631677
1645526476.808097, 5.139900, -0.408027, 0.637437
1645526476.828070, 5.139900, -0.408027, 0.646513
1645526476.868053, 5.139900, -0.408027, 0.660126
1645526476.908094, 5.139832, -0.408080, 0.673565
1645526476.948005, 5.139799, -0.408106, 0.684386
1645526476.988008, 5.139898, -0.408025, 0.696254
1645526477.008026, 5.139996, -0.407943, 0.700792
1645526477.027849, 5.140094, -0.407861, 0.705854
1645526480.306557, 5.140034, -0.407922, 0.752803
1645526480.586256, 5.140034, -0.407922, 0.752803
1645526480.686287, 5.140034, -0.407922, 0.752803
1645526480.786069, 5.140034, -0.407922, 0.752803
1645526480.865924, 5.140034, -0.407922, 0.752803
1645526480.985982, 5.140034, -0.407922, 0.752803
1645526481.085972, 5.140034, -0.407922, 0.752803
1645526481.185795, 5.140034, -0.407922, 0.752803
1645526481.286702, 5.140034, -0.407922, 0.752803
1645526481.365625, 5.140034, -0.407922, 0.752803
1645526481.465601, 5.140034, -0.407922, 0.752803
1645526481.585619, 5.140034, -0.407922, 0.752803
1645526481.686432, 5.140034, -0.407922, 0.752803
1645526481.766362, 5.140034, -0.407922, 0.752803
1645526481.885510, 5.140034, -0.407922, 0.752803
1645526482.006238, 5.140034, -0.407922, 0.752803
1645526482.086243, 5.140034, -0.407922, 0.752803
1645526482.204917, 5.140034, -0.407922, 0.752803
1645526482.265947, 5.140034, -0.407922, 0.752803
1645526482.384924, 5.140034, -0.407922, 0.752803
1645526482.485920, 5.140034, -0.407922, 0.752803
1645526482.585768, 5.140034, -0.407922, 0.752803
1645526482.705666, 5.140065, -0.407893, 0.752803
1645526482.785582, 5.144765, -0.403490, 0.750011
1645526482.885772, 5.151852, -0.397086, 0.722260
1645526483.005459, 5.157374, -0.392193, 0.726798
1645526483.085569, 5.158942, -0.390811, 0.707599
1645526483.206294, 5.159980, -0.389925, 0.707599
1645526483.305076, 5.159817, -0.390062, 0.689273
1645526483.325038, 5.159784, -0.390089, 0.684910
1645526483.444996, 5.160118, -0.389824, 0.656461
1645526483.564815, 5.160117, -0.389824, 0.615795
1645526483.884854, 5.160117, -0.389823, 0.528877
1645526483.964491, 5.160302, -0.389717, 0.514391
1645526484.005922, 5.160450, -0.389633, 0.504792
1645526484.104725, 5.160638, -0.389531, 0.481230
1645526484.184619, 5.160448, -0.389628, 0.459413
1645526484.384511, 5.160795, -0.389465, 0.408624
1645526484.505314, 5.148009, -0.389244, 0.366839
1645526484.564190, 5.148249, -0.389153, 0.344499
1645526484.705145, 5.148047, -0.389223, 0.283587
1645526484.784039, 5.148211, -0.389177, 0.250426
1645526484.864948, 5.148171, -0.389190, 0.212203
1645526484.964890, 5.151780, -0.386185, 0.168408
1645526485.084827, 5.151654, -0.386208, 0.117968
1645526485.184751, 5.151612, -0.386211, 0.069622
1645526485.264717, 5.151782, -0.386202, 0.036287
1645526485.364648, 5.157257, -0.386294, -0.010324
1645526485.504436, 5.157214, -0.386288, -0.076996
1645526485.584545, 5.157299, -0.386297, -0.111204
1645526485.664369, 5.157130, -0.386274, -0.150125
1645526485.784662, 5.157843, -0.387139, -0.209845
1645526485.864233, 5.157718, -0.387113, -0.247196
1645526485.984337, 5.157677, -0.387099, -0.305664
1645526486.085072, 5.157757, -0.387128, -0.354533
1645526486.184135, 5.157599, -0.387065, -0.402704
1645526486.283903, 5.169574, -0.386412, -0.448529
1645526486.383730, 5.169498, -0.386374, -0.493733
1645526486.503661, 5.172597, -0.388170, -0.558136
1645526486.583868, 5.172411, -0.388065, -0.602816
1645526486.663595, 5.174153, -0.389295, -0.631788
1645526486.784500, 5.174737, -0.389724, -0.701427
1645526486.843547, 5.178626, -0.391249, -0.727968
1645526486.944470, 5.179677, -0.392186, -0.782247
1645526487.104360, 5.179836, -0.392328, -0.861660
1645526487.124407, 5.183471, -0.394392, -0.870921
1645526487.284190, 5.183571, -0.394530, -0.951729
1645526487.364082, 5.183548, -0.394494, -0.991523
1645526487.484090, 5.183522, -0.394460, -1.050166
1645526487.524135, 5.185807, -0.400562, -1.077056
1645526487.683774, 5.187272, -0.403690, -1.160832
1645526487.783692, 5.190528, -0.411711, -1.217381
1645526487.883780, 5.194912, -0.424632, -1.276547
1645526487.903672, 5.193979, -0.429391, -1.290321
1645526488.023714, 5.198602, -0.447309, -1.363625
1645526488.163434, 5.201909, -0.466423, -1.445830
1645526488.263326, 5.209030, -0.485645, -1.507759
1645526488.403349, 5.209609, -0.507551, -1.590836
1645526488.483325, 5.209105, -0.520376, -1.643894
1645526488.583312, 5.212678, -0.539218, -1.698477
1645526488.684119, 5.210230, -0.555019, -1.762705
1645526488.784126, 5.206748, -0.570931, -1.827108
1645526488.882917, 5.202267, -0.586592, -1.883307
1645526488.963620, 5.197439, -0.605710, -1.937576
1645526489.062853, 5.191230, -0.620814, -1.996044
1645526489.143757, 5.185487, -0.632815, -2.049800
1645526489.263612, 5.169609, -0.654407, -2.126514
1645526489.363511, 5.160571, -0.668316, -2.176779
1645526489.463426, 5.150730, -0.681880, -2.230012
1645526489.583485, 5.138118, -0.697511, -2.278706
1645526489.683233, 5.127248, -0.709815, -2.320071
1645526489.763230, 5.126109, -0.719922, -2.357881
1645526489.883229, 5.111488, -0.734063, -2.391391
1645526489.983161, 5.098927, -0.745478, -2.422982
1645526490.083199, 5.085975, -0.756512, -2.456143
1645526490.182901, 5.072559, -0.767253, -2.481974
1645526490.242929, 5.064335, -0.773558, -2.498729
1645526490.383883, 5.044961, -0.787666, -2.532937
1645526490.482748, 5.030785, -0.797382, -2.551961
1645526490.543676, 5.027516, -0.806724, -2.562797
1645526490.622579, 5.015909, -0.814220, -2.576586
1645526490.662477, 5.010068, -0.817911, -2.582345
1645526490.883348, 4.977218, -0.837505, -2.628073
1645526490.962317, 4.965002, -0.844319, -2.639766
1645526491.043456, 4.952722, -0.851017, -2.645875
1645526491.163161, 4.934034, -0.861016, -2.657918
1645526491.303001, 4.912099, -0.872354, -2.672404
1645526491.402928, 4.896201, -0.880322, -2.683749
1645526491.423052, 4.893026, -0.881886, -2.686541
1645526491.542966, 4.873852, -0.891117, -2.699108
1645526491.622865, 4.861045, -0.897154, -2.703296
1645526491.762810, 4.838196, -0.907792, -2.709754
1645526491.862741, 4.824708, -0.914904, -2.717217
1645526491.942630, 4.811596, -0.920790, -2.722802
1645526491.982704, 4.805050, -0.923701, -2.723674
1645526492.142390, 4.778897, -0.935209, -2.735194
1645526492.262627, 4.758863, -0.943674, -2.748982
1645526492.322360, 4.748890, -0.947791, -2.751774
1645526492.462366, 4.725476, -0.957347, -2.756487
1645526492.603086, 4.701997, -0.966857, -2.756836
1645526492.662102, 4.691995, -0.970904, -2.757534
1645526492.782019, 4.671735, -0.979046, -2.761723
1645526492.901796, 4.651578, -0.987101, -2.761723
1645526492.961813, 4.646191, -0.992424, -2.760495
1645526493.082766, 4.625756, -1.000588, -2.763637
1645526493.161603, 4.612241, -1.005956, -2.762939
1645526493.301466, 4.588586, -1.015372, -2.763288
1645526493.381530, 4.575309, -1.020646, -2.763637
1645526493.481358, 4.557858, -1.027544, -2.766080
1645526493.582268, 4.540791, -1.034250, -2.769048
1645526493.681311, 4.523870, -1.040863, -2.768175
1645526493.762366, 4.510570, -1.046081, -2.767302
1645526493.882374, 4.491402, -1.053503, -2.791039
1645526493.981920, 4.480582, -1.057312, -2.823851
1645526494.082121, 4.478182, -1.058066, -2.861550
1645526494.181863, 4.477609, -1.057098, -2.914686
1645526494.301723, 4.471796, -1.058253, -2.977692
1645526494.361950, 4.471627, -1.058280, -3.016613
1645526494.441753, 4.469340, -1.058543, -3.058152
1645526494.481906, 4.468872, -1.058577, -3.078921
1645526494.521675, 4.467637, -1.058649, -3.100738
1645526494.561716, 4.467382, -1.058659, -3.111908
1645526494.621665, 4.466529, -1.058673, 3.138116
1645526494.701509, 4.460988, -1.057212, 3.083072
1645526495.401007, 4.434332, -1.050630, 2.695260
1645526496.101426, 4.434486, -1.050704, 2.698053
1645526496.661036, 4.434486, -1.050704, 2.698227
1645526497.400451, 4.434486, -1.050704, 2.698227
1645526497.701152, 4.434486, -1.050704, 2.698227
1645526498.720345, 4.434486, -1.050704, 2.698227
1645526499.160234, 4.428434, -1.055653, 2.700782
1645526499.300871, 4.428434, -1.055653, 2.700782
1645526499.379828, 4.428434, -1.055653, 2.700782
1645526499.460950, 4.428434, -1.055653, 2.700782
1645526499.579960, 4.428434, -1.055653, 2.700782
1645526499.679853, 4.428434, -1.055653, 2.700782
1645526499.799889, 4.428434, -1.055653, 2.700782
1645526499.879627, 4.428434, -1.055653, 2.700782
1645526499.959616, 4.428434, -1.055653, 2.700782
1645526499.979565, 4.428434, -1.055653, 2.700782
1645526500.179451, 4.422918, -1.053053, 2.698339
1645526500.279491, 4.413391, -1.048363, 2.670064
1645526500.400349, 4.407108, -1.045102, 2.638474
1645526500.459394, 4.407742, -1.045454, 2.618054
1645526500.580122, 4.407814, -1.045500, 2.574769
1645526500.679034, 4.407851, -1.045520, 2.534278
1645526500.780014, 4.405917, -1.044306, 2.497832
1645526500.879851, 4.401810, -1.041112, 2.448614
1645526500.999903, 4.393970, -1.034273, 2.394509
1645526501.079779, 4.386071, -1.026677, 2.344941
1645526501.179696, 4.373325, -1.018194, 2.296479
1645526501.239624, 4.367449, -1.011380, 2.258954
1645526501.359864, 4.356479, -0.997332, 2.201533
1645526501.479513, 4.345853, -0.982026, 2.139225
1645526501.559376, 4.328727, -0.974308, 2.088098
1645526501.699320, 4.318419, -0.954967, 2.021077
1645526501.799257, 4.311819, -0.940683, 1.977618
1645526501.879188, 4.306995, -0.929065, 1.943236
1645526501.959358, 4.302511, -0.917174, 1.910947
1645526502.079058, 4.289627, -0.897604, 1.854385
1645526502.178954, 4.285417, -0.882221, 1.811625
1645526502.298900, 4.281223, -0.863453, 1.761709
1645526502.398792, 4.278400, -0.847582, 1.728024
1645526502.578696, 4.279260, -0.823021, 1.661462
1645526502.658674, 4.278179, -0.809973, 1.639994
1645526502.758709, 4.277233, -0.793625, 1.610498
1645526502.859566, 4.276826, -0.777340, 1.576464
1645526502.979367, 4.276924, -0.757553, 1.551680
1645526503.038434, 4.277137, -0.747619, 1.544001
1645526503.159432, 4.277835, -0.727844, 1.522533
1645526503.259137, 4.278728, -0.711321, 1.507873
1645526503.338928, 4.279647, -0.698005, 1.493037
1645526503.438901, 4.281071, -0.681434, 1.469475
1645526503.538801, 4.282911, -0.664009, 1.446280
1645526503.678952, 4.286124, -0.640431, 1.426383
1645526503.778713, 4.288617, -0.623642, 1.417133
1645526503.878669, 4.291303, -0.606839, 1.404916
1645526503.978579, 4.293907, -0.591839, 1.390953
1645526504.098582, 4.297605, -0.571923, 1.381005
1645526504.158650, 4.299192, -0.563716, 1.376118
1645526504.278442, 4.303184, -0.543770, 1.370533
1645526504.398364, 4.306967, -0.525914, 1.351334
1645526504.458568, 4.309237, -0.515715, 1.352381
1645526504.558207, 4.312720, -0.500325, 1.335452
1645526504.678100, 4.315472, -0.489057, 1.327249
1645526504.779010, 4.316993, -0.483019, 1.319569
1645526504.858963, 4.319144, -0.478978, 1.316207
1645526504.997901, 4.325341, -0.455826, 1.295961
1645526505.078804, 4.328757, -0.444073, 1.278159
1645526505.198753, 4.332955, -0.430418, 1.266989
1645526505.297748, 4.337449, -0.416139, 1.260182
1645526505.398672, 4.341782, -0.402974, 1.243776
1645526505.478576, 4.345045, -0.393409, 1.239238
1645526505.598553, 4.349529, -0.380655, 1.223006
1645526505.678554, 4.352387, -0.372891, 1.210091
1645526505.778345, 4.355907, -0.363645, 1.200666
1645526505.878359, 4.359391, -0.355118, 1.155986
1645526505.998168, 4.361047, -0.351374, 1.151273
1645526506.058180, 4.361152, -0.351141, 1.142721
1645526506.178002, 4.361152, -0.351141, 1.142198
1645526506.257974, 4.361081, -0.351296, 1.155288
1645526506.357939, 4.361229, -0.350942, 1.177802
1645526506.397862, 4.361311, -0.350745, 1.185656
1645526506.557654, 4.361282, -0.350825, 1.232606
1645526506.677581, 4.361431, -0.350380, 1.282173
1645526506.778522, 4.361406, -0.350462, 1.317254
1645526506.877517, 4.361506, -0.350047, 1.360364
1645526506.917475, 4.361480, -0.350173, 1.373803
1645526507.037389, 4.361508, -0.350004, 1.422672
1645526507.177191, 4.361503, -0.350047, 1.480442
1645526507.298162, 4.358721, -0.352418, 1.537538
1645526507.378058, 4.358725, -0.352162, 1.568605
1645526507.478019, 4.358730, -0.352162, 1.613285
1645526507.557953, 4.358718, -0.351949, 1.646970
1645526507.677835, 4.362271, -0.351009, 1.700602
1645526507.797745, 4.362247, -0.350840, 1.758546
1645526507.898630, 4.362236, -0.350799, 1.804274
1645526507.997648, 4.362214, -0.350716, 1.848955
1645526508.097550, 4.362190, -0.350634, 1.897300
1645526508.177371, 4.364094, -0.350302, 1.930355
1645526508.297354, 4.364064, -0.350222, 1.990744
1645526508.377263, 4.364046, -0.350183, 2.026348
1645526508.477207, 4.364045, -0.350184, 2.073821
1645526508.597089, 4.364000, -0.350112, 2.132465
1645526508.636995, 4.356883, -0.355318, 2.150716
1645526508.797130, 4.356785, -0.355179, 2.226813
1645526508.897794, 4.356703, -0.355080, 2.276031
1645526508.976716, 4.363420, -0.356485, 2.315759
1645526509.096665, 4.363481, -0.356545, 2.375449
1645526509.177524, 4.363358, -0.356426, 2.415591
1645526509.297550, 4.363455, -0.356510, 2.470046
1645526509.397539, 4.363254, -0.356352, 2.522231
1645526509.477399, 4.360493, -0.357778, 2.558840
1645526509.577351, 4.360530, -0.357801, 2.611199
1645526509.677280, 4.360531, -0.357798, 2.659021
1645526509.777247, 4.358785, -0.361348, 2.706247
1645526509.877073, 4.358903, -0.361396, 2.760177
1645526509.976969, 4.358705, -0.361319, 2.809396
1645526510.076986, 4.358664, -0.361307, 2.857392
1645526510.176840, 4.358870, -0.361359, 2.910799
1645526510.277861, 4.357722, -0.362944, 2.954129
1645526510.376705, 4.357974, -0.362988, 2.998460
1645526510.496679, 4.357932, -0.362981, 3.042617
1645526510.597631, 4.358230, -0.363005, 3.079269
1645526510.676610, 4.358102, -0.362998, 3.098991
1645526510.777514, 4.358145, -0.362999, 3.137563
1645526510.876533, 4.359557, -0.362686, -3.119966
1645526510.957385, 4.359514, -0.362687, -3.092914
1645526511.077256, 4.359642, -0.362678, -3.048931
1645526511.176290, 4.359684, -0.362674, -3.026591
1645526511.257256, 4.359684, -0.362674, -3.023624
1645526511.397260, 4.359684, -0.362674, -3.025893
1645526511.496982, 4.359684, -0.362674, -3.025719
1645526511.577241, 4.359684, -0.362674, -3.025719
1645526511.676886, 4.359684, -0.362674, -3.025719
1645526511.776835, 4.359684, -0.362674, -3.025719
1645526511.876721, 4.359684, -0.362674, -3.025719
1645526511.976686, 4.359684, -0.362674, -3.025719
1645526512.076546, 4.359684, -0.362674, -3.025719
1645526512.177542, 4.359684, -0.362674, -3.025719
1645526512.296444, 4.359684, -0.362674, -3.025719
1645526512.376627, 4.359684, -0.362674, -3.025719
1645526512.476379, 4.359684, -0.362674, -3.025719
1645526512.576289, 4.359684, -0.362674, -3.025719
1645526512.676135, 4.359684, -0.362674, -3.025719
1645526512.796083, 4.359684, -0.362674, -3.025719
1645526512.876022, 4.359684, -0.362674, -3.025719
1645526512.976940, 4.359684, -0.362674, -3.025719
1645526513.095866, 4.359684, -0.362674, -3.025719
1645526513.176703, 4.359684, -0.362674, -3.025719
1645526513.296495, 4.359684, -0.362674, -3.025719
1645526513.375597, 4.359684, -0.362674, -3.025719
1645526513.476501, 4.359684, -0.362674, -3.025719
1645526513.595566, 4.359684, -0.362674, -3.025719
1645526513.716317, 4.359684, -0.362674, -3.025719
1645526513.776240, 4.359684, -0.362674, -3.025719
1645526513.876355, 4.359684, -0.362674, -3.025719
1645526513.976235, 4.359684, -0.362674, -3.025719
1645526514.056137, 4.359684, -0.362674, -3.025719
1645526514.176003, 4.359684, -0.362674, -3.025719
1645526514.296006, 4.359684, -0.362674, -3.025719
1645526514.375932, 4.359684, -0.362674, -3.025719
1645526514.495857, 4.359684, -0.362674, -3.025719
1645526514.595716, 4.359684, -0.362674, -3.025719
1645526514.695719, 4.359684, -0.362674, -3.025719
1645526514.796564, 4.359684, -0.362674, -3.025719
1645526514.896487, 4.359684, -0.362674, -3.025719
1645526514.995321, 4.359684, -0.362674, -3.025719
1645526515.076296, 4.359684, -0.362674, -3.025719
1645526515.175102, 4.359684, -0.362674, -3.025719
1645526515.276123, 4.359684, -0.362674, -3.025719
1645526515.375992, 4.359684, -0.362674, -3.025719
1645526515.475972, 4.359684, -0.362674, -3.025719
1645526515.496033, 4.359684, -0.362674, -3.025719
1645526515.676870, 4.359684, -0.362674, -3.025719
1645526515.775701, 4.359684, -0.362674, -3.025719
1645526515.895628, 4.359684, -0.362674, -3.025719
1645526515.996597, 4.359684, -0.362674, -3.025719
1645526516.095536, 4.359684, -0.362674, -3.025719
1645526516.195475, 4.359684, -0.362674, -3.025719
1645526516.295495, 4.359684, -0.362674, -3.025719
1645526516.375263, 4.359684, -0.362674, -3.025719
1645526516.495225, 4.359684, -0.362674, -3.025719
1645526516.595160, 4.359684, -0.362674, -3.025719
1645526516.656053, 4.359684, -0.362674, -3.025719
1645526516.795986, 4.359684, -0.362674, -3.025719
1645526516.875076, 4.359684, -0.362674, -3.025719
1645526516.975824, 4.359684, -0.362674, -3.025719
1645526517.094815, 4.359684, -0.362674, -3.025719
1645526517.195727, 4.359684, -0.362674, -3.025719
1645526517.295728, 4.359684, -0.362674, -3.025719
1645526517.395508, 4.359684, -0.362674, -3.025719
1645526517.495405, 4.359684, -0.362674, -3.025719
1645526517.575281, 4.359684, -0.362674, -3.025719
1645526517.695187, 4.359684, -0.362674, -3.025719
1645526517.795241, 4.359684, -0.362674, -3.025719
1645526517.895068, 4.359684, -0.362674, -3.025719
1645526517.974853, 4.359684, -0.362674, -3.025719
1645526518.094885, 4.359684, -0.362674, -3.025719
1645526518.174800, 4.359684, -0.362674, -3.025719
1645526518.274744, 4.359684, -0.362674, -3.025719
1645526518.374676, 4.359684, -0.362674, -3.025719
1645526518.395630, 4.359684, -0.362674, -3.025719
1645526518.534668, 4.359684, -0.362674, -3.025719
1645526518.575590, 4.359684, -0.362674, -3.025719
1645526518.615562, 4.359684, -0.362674, -3.025719
1645526518.654493, 4.359684, -0.362674, -3.025719
1645526518.674486, 4.359684, -0.362674, -3.025719
1645526518.715451, 4.359684, -0.362674, -3.025719
1645526518.755503, 4.359684, -0.362674, -3.025719
1645526518.834483, 4.359684, -0.362674, -3.025719
1645526518.875344, 4.359684, -0.362674, -3.025719
1645526518.895374, 4.359684, -0.362674, -3.025719
1645526518.915355, 4.359684, -0.362674, -3.025719
1645526518.954279, 4.359684, -0.362674, -3.025719
1645526518.994249, 4.359684, -0.362674, -3.025719
1645526519.114190, 4.359684, -0.362674, -3.025719
1645526519.195322, 4.359684, -0.362674, -3.025719
1645526519.235212, 4.359684, -0.362674, -3.025719
1645526519.435029, 4.359684, -0.362674, -3.025719
1645526519.655722, 4.359684, -0.362674, -3.025719
1645526521.294689, 4.359684, -0.362674, -3.025719
1645526522.134168, 4.359684, -0.362674, -3.025719
1645526523.033216, 4.359684, -0.362674, -3.025719
1645526523.153124, 4.359684, -0.362674, -3.025719
1645526523.272982, 4.359684, -0.362674, -3.025719
1645526523.353952, 4.359684, -0.362674, -3.025719
1645526523.473853, 4.359684, -0.362674, -3.025719
1645526523.572757, 4.359684, -0.362674, -3.025719
1645526523.693861, 4.359684, -0.362674, -3.025719
1645526523.793707, 4.359684, -0.362674, -3.025719
1645526523.873566, 4.359684, -0.362674, -3.025719
1645526523.953552, 4.359684, -0.362674, -3.025719
1645526524.093448, 4.359684, -0.362674, -3.025719
1645526524.153322, 4.359684, -0.362674, -3.025719
1645526524.274313, 4.359684, -0.362674, -3.025719
1645526524.373245, 4.359684, -0.362674, -3.025719
1645526524.473304, 4.359684, -0.362674, -3.025719
1645526524.573287, 4.359684, -0.362674, -3.025719
1645526524.693133, 4.359684, -0.362674, -3.025719
1645526524.772973, 4.359684, -0.362674, -3.025719
1645526524.873016, 4.359684, -0.362674, -3.025719
1645526524.992820, 4.359684, -0.362674, -3.025719
1645526525.073641, 4.359684, -0.362674, -3.025719
1645526525.192613, 4.359684, -0.362674, -3.025719
1645526525.272591, 4.359684, -0.362674, -3.025719
1645526525.372576, 4.359684, -0.362674, -3.025719
1645526525.472485, 4.359684, -0.362674, -3.025719
1645526525.573456, 4.359684, -0.362674, -3.025719
1645526525.652507, 4.359684, -0.362674, -3.025719
1645526525.792300, 4.359684, -0.362674, -3.025719
1645526525.873303, 4.359684, -0.362674, -3.025719
1645526525.972095, 4.359684, -0.362674, -3.025719
1645526526.093304, 4.359684, -0.362674, -3.025719
1645526526.192928, 4.359684, -0.362674, -3.025719
1645526526.291903, 4.359684, -0.362674, -3.025719
1645526526.392861, 4.359684, -0.362674, -3.025719
1645526526.472662, 4.359684, -0.362674, -3.025719
1645526526.572689, 4.359684, -0.362674, -3.025719
1645526526.672770, 4.359684, -0.362674, -3.025719
1645526526.792631, 4.359684, -0.362674, -3.025719
1645526526.892493, 4.359684, -0.362674, -3.025719
1645526526.993378, 4.359684, -0.362674, -3.025719
1645526527.052536, 4.359684, -0.362674, -3.025719
1645526527.192289, 4.359684, -0.362674, -3.025719
1645526527.272171, 4.359684, -0.362674, -3.025719
1645526527.392121, 4.359684, -0.362674, -3.025719
1645526527.492067, 4.359684, -0.362674, -3.025719
1645526527.572025, 4.359684, -0.362674, -3.025719
1645526527.671909, 4.359684, -0.362674, -3.025719
1645526527.771765, 4.359684, -0.362674, -3.025719
1645526527.891751, 4.359684, -0.362674, -3.025719
1645526527.971586, 4.359684, -0.362674, -3.025719
1645526528.091531, 4.359684, -0.362674, -3.025719
1645526528.191411, 4.359684, -0.362674, -3.025719
1645526528.272512, 4.359684, -0.362674, -3.025719
1645526528.391584, 4.359684, -0.362674, -3.025719
1645526528.472297, 4.359684, -0.362674, -3.025719
1645526528.571211, 4.359684, -0.362674, -3.025719
1645526528.691250, 4.359684, -0.362674, -3.025719
1645526528.792085, 4.359684, -0.362674, -3.025719
1645526528.911955, 4.359684, -0.362674, -3.025719
1645526528.972014, 4.359684, -0.362674, -3.025719
1645526529.071901, 4.359684, -0.362674, -3.025719
1645526529.190618, 4.359684, -0.362674, -3.025719
1645526529.291682, 4.359684, -0.362674, -3.025719
1645526529.391626, 4.359684, -0.362674, -3.025719
1645526529.471566, 4.359684, -0.362674, -3.025719
1645526529.591405, 4.359684, -0.362674, -3.025719
1645526529.691411, 4.359684, -0.362674, -3.025719
1645526529.771271, 4.359684, -0.362674, -3.025719
1645526529.852300, 4.359684, -0.362674, -3.025719
1645526529.991096, 4.359684, -0.362674, -3.025719
1645526530.091012, 4.359684, -0.362674, -3.025719
1645526530.190960, 4.359684, -0.362674, -3.025719
1645526530.310951, 4.359684, -0.362674, -3.025719
1645526530.370833, 4.359684, -0.362674, -3.025719
1645526530.492019, 4.359684, -0.362674, -3.025719
1645526530.570757, 4.359684, -0.362674, -3.025719
1645526530.690579, 4.359684, -0.362674, -3.025719
1645526530.730582, 4.359684, -0.362674, -3.025719
1645526530.890618, 4.359684, -0.362674, -3.025719
1645526530.991501, 4.359684, -0.362674, -3.025719
1645526531.090307, 4.359684, -0.362674, -3.025719
1645526531.171248, 4.359684, -0.362674, -3.025719
1645526531.291248, 4.359684, -0.362674, -3.025719
1645526531.390111, 4.359684, -0.362674, -3.025719
1645526531.471048, 4.359684, -0.362674, -3.025719
1645526531.590917, 4.359684, -0.362674, -3.025719
1645526531.690865, 4.359684, -0.362674, -3.025719
1645526531.790658, 4.359684, -0.362674, -3.025719
1645526531.890607, 4.359684, -0.362674, -3.025719
1645526531.990495, 4.359684, -0.362674, -3.025719
1645526532.050699, 4.359684, -0.362674, -3.025719
1645526532.190409, 4.359684, -0.362674, -3.025719
1645526532.270387, 4.359684, -0.362674, -3.025719
1645526532.370319, 4.359684, -0.362674, -3.025719
1645526532.490037, 4.359684, -0.362674, -3.025719
1645526532.571067, 4.359684, -0.362674, -3.025719
1645526532.689992, 4.359684, -0.362674, -3.025719
1645526532.790911, 4.359684, -0.362674, -3.025719
1645526532.890733, 4.359684, -0.362674, -3.025719
1645526532.970057, 4.359684, -0.362674, -3.025719
1645526533.090748, 4.359684, -0.362674, -3.025719
1645526533.189657, 4.359684, -0.362674, -3.025719
1645526533.289556, 4.359684, -0.362674, -3.025719
1645526533.370472, 4.359684, -0.362674, -3.025719
1645526533.489474, 4.359684, -0.362674, -3.025719
1645526533.590401, 4.359684, -0.362674, -3.025719
1645526533.670229, 4.359684, -0.362674, -3.025719
1645526533.770129, 4.359684, -0.362674, -3.025719
1645526533.870112, 4.359684, -0.362674, -3.025719
1645526533.970121, 4.359684, -0.362674, -3.025719
1645526534.089936, 4.359684, -0.362674, -3.025719
1645526534.190223, 4.359684, -0.362674, -3.025719
1645526534.289737, 4.359684, -0.362674, -3.025719
1645526534.409668, 4.359684, -0.362674, -3.025719
1645526534.509647, 4.359684, -0.362674, -3.025719
1645526534.569613, 4.359684, -0.362674, -3.025719
1645526534.669595, 4.359684, -0.362674, -3.025719
1645526534.790557, 4.359684, -0.362674, -3.025719
1645526534.889491, 4.359684, -0.362674, -3.025719
1645526534.989397, 4.359684, -0.362674, -3.025719
1645526535.069294, 4.359684, -0.362674, -3.025719
1645526535.189055, 4.359684, -0.362674, -3.025719
1645526535.270147, 4.359684, -0.362674, -3.025719
1645526535.389032, 4.359684, -0.362674, -3.025719
1645526535.470030, 4.359684, -0.362674, -3.025719
1645526535.568890, 4.359684, -0.362674, -3.025719
1645526535.688734, 4.359684, -0.362674, -3.025719
1645526535.789718, 4.359684, -0.362674, -3.025719
1645526535.868653, 4.359684, -0.362674, -3.025719
1645526535.989571, 4.359684, -0.362674, -3.025719
1645526536.089505, 4.359684, -0.362674, -3.025719
1645526536.189494, 4.359684, -0.362674, -3.025719
1645526536.289907, 4.359684, -0.362674, -3.025719
1645526536.369389, 4.359684, -0.362674, -3.025719
1645526536.390378, 4.359684, -0.362674, -3.025719
1645526536.529226, 4.359684, -0.362674, -3.025719
1645526536.649132, 4.359684, -0.362674, -3.025719
1645526536.769085, 4.359684, -0.362674, -3.025719
1645526536.870101, 4.359684, -0.362674, -3.025719
1645526536.929089, 4.359684, -0.362674, -3.025719
1645526536.948879, 4.359684, -0.362674, -3.025719
1645526537.128806, 4.359684, -0.362674, -3.025719
1645526537.168805, 4.359684, -0.362674, -3.025719
1645526537.228721, 4.359684, -0.362674, -3.025719
1645526537.509410, 4.359684, -0.362674, -3.025719
1645526537.568343, 4.359684, -0.362674, -3.025719
1645526537.788226, 4.359684, -0.362674, -3.025719
1645526537.829237, 4.359684, -0.362674, -3.025719
1645526537.967972, 4.359684, -0.362674, -3.025719
1645526538.067873, 4.359684, -0.362674, -3.025719
1645526538.287863, 4.359684, -0.362674, -3.025719
1645526538.407676, 4.359684, -0.362674, -3.025719
1645526538.427711, 4.359684, -0.362674, -3.025719
1645526538.468703, 4.359684, -0.362674, -3.025719
1645526538.508674, 4.359684, -0.362674, -3.025719
1645526538.547670, 4.359684, -0.362674, -3.025719
1645526538.587641, 4.359684, -0.362674, -3.025719
1645526538.628568, 4.359684, -0.362674, -3.025719
1645526538.648576, 4.359684, -0.362674, -3.025719
1645526538.728518, 4.359684, -0.362674, -3.025719
1645526538.808402, 4.359684, -0.362674, -3.025719
1645526538.888394, 4.359684, -0.362674, -3.025719
1645526539.168094, 4.359684, -0.362674, -3.025719
1645526539.328187, 4.359684, -0.362674, -3.025719
1645526540.667139, 4.359684, -0.362674, -3.025719
1645526540.787038, 4.359684, -0.362674, -3.025719
1645526540.886946, 4.359684, -0.362674, -3.025719
1645526541.007875, 4.359684, -0.362674, -3.025719
1645526541.086920, 4.359684, -0.362674, -3.025719
1645526541.186809, 4.359684, -0.362674, -3.025719
1645526541.286677, 4.359684, -0.362674, -3.025544
1645526541.386726, 4.353331, -0.363415, -3.024671
1645526541.506526, 4.345328, -0.364374, -3.018563
1645526541.586588, 4.336908, -0.365434, -3.015247
1645526541.686780, 4.323243, -0.367175, -3.014374
1645526541.786457, 4.315544, -0.368152, -3.017167
1645526541.886370, 4.305851, -0.369346, -3.019261
1645526542.007281, 4.290444, -0.371239, -3.019610
1645526542.066184, 4.281723, -0.372305, -3.019785
1645526542.187115, 4.266738, -0.374133, -3.022053
1645526542.287144, 4.255093, -0.375523, -3.022577
1645526542.386033, 4.247006, -0.376497, -3.021181
1645526542.486866, 4.238198, -0.377550, -3.024846
1645526542.585921, 4.235826, -0.377821, -3.045092
1645526542.685764, 4.235868, -0.377817, -3.044568
1645526542.786707, 4.232600, -0.378141, -3.042823
1645526542.885606, 4.226401, -0.378723, -3.059753
1645526542.986573, 4.215897, -0.379512, -3.074239
1645526543.066485, 4.212025, -0.379765, -3.092565
1645526543.186513, 4.210960, -0.379808, -3.113683
1645526543.286306, 4.210704, -0.379815, -3.139340
1645526543.406333, 4.210576, -0.379814, 3.096373
1645526543.506262, 4.210746, -0.379822, 3.069844
1645526543.606151, 4.210577, -0.379804, 3.019404
1645526543.786107, 4.213913, -0.378730, 2.944559
1645526543.886985, 4.213955, -0.378738, 2.902845
1645526543.985739, 4.213666, -0.378661, 2.858339
1645526544.085834, 4.213789, -0.378697, 2.815055
1645526544.185786, 4.212096, -0.377619, 2.773680
1645526544.285638, 4.211978, -0.377570, 2.727254
1645526544.345546, 4.211900, -0.377536, 2.702122
1645526544.505469, 4.212015, -0.377593, 2.629167
1645526544.585438, 4.216134, -0.377948, 2.596312
1645526544.686293, 4.215917, -0.377813, 2.545872
1645526544.785300, 4.215849, -0.377762, 2.506079
1645526544.885201, 4.215544, -0.377528, 2.458781
1645526544.985060, 4.215349, -0.377363, 2.417242
1645526545.065095, 4.215474, -0.377479, 2.377623
1645526545.144934, 4.221577, -0.375590, 2.340131
1645526545.284845, 4.221520, -0.375526, 2.276776
1645526545.384833, 4.221492, -0.375494, 2.224416
1645526545.485766, 4.223544, -0.371994, 2.172082
1645526545.584667, 4.223520, -0.371959, 2.130543
1645526545.685634, 4.223521, -0.371958, 2.076961
1645526545.764759, 4.223501, -0.371921, 2.045196
1645526545.884504, 4.223520, -0.371959, 1.988124
1645526545.985442, 4.222130, -0.371640, 1.943352
1645526546.084303, 4.222086, -0.371520, 1.907572
1645526546.204244, 4.222110, -0.371602, 1.854863
1645526546.265225, 4.222087, -0.371520, 1.836887
1645526546.405186, 4.222067, -0.371437, 1.782258
1645526546.465091, 4.222068, -0.371437, 1.763059
1645526546.605103, 4.222051, -0.371353, 1.714015
1645526546.766456, 4.221315, -0.372475, 1.674223
1645526546.864780, 4.221315, -0.372475, 1.622562
1645526546.984601, 4.221309, -0.372305, 1.572994
1645526547.024634, 4.222069, -0.372952, 1.554268
1645526547.164562, 4.222070, -0.372867, 1.480615
1645526547.264440, 4.222099, -0.372612, 1.428430
1645526547.364372, 4.222118, -0.372529, 1.378513
1645526547.484609, 4.222126, -0.372487, 1.366121
1645526547.584342, 4.222126, -0.372487, 1.366994
1645526547.684175, 4.222126, -0.372487, 1.366645
1645526547.784059, 4.222126, -0.372487, 1.366820
1645526547.865082, 4.222126, -0.372487, 1.366820
1645526548.004153, 4.222126, -0.372487, 1.366820
1645526548.064928, 4.222126, -0.372487, 1.366820
1645526548.204582, 4.222126, -0.372487, 1.366994
1645526548.283648, 4.222601, -0.370190, 1.366994
1645526548.344522, 4.223499, -0.365847, 1.369088
1645526548.504437, 4.224782, -0.359276, 1.402250
1645526548.564400, 4.224881, -0.358687, 1.413245
1645526548.684227, 4.224815, -0.359108, 1.444661
1645526548.784178, 4.224882, -0.358515, 1.466827
1645526548.884196, 4.224880, -0.358558, 1.498766
1645526549.004158, 4.224896, -0.358174, 1.532975
1645526549.084013, 4.224904, -0.357961, 1.559329
1645526549.183949, 4.224904, -0.358089, 1.603312
1645526549.263765, 4.224888, -0.357663, 1.627223
1645526549.383834, 4.224900, -0.357833, 1.673648
1645526549.423762, 4.224886, -0.357706, 1.690927
1645526549.583711, 4.224851, -0.357452, 1.756028
1645526549.663632, 4.222840, -0.355306, 1.799494
1645526549.763678, 4.222869, -0.355431, 1.839288
1645526549.863512, 4.222822, -0.355267, 1.886586
1645526549.963428, 4.220882, -0.356755, 1.930742
1645526550.023281, 4.220882, -0.356755, 1.956399
1645526550.203255, 4.220787, -0.356564, 2.038255
1645526550.283241, 4.220804, -0.356603, 2.072987
1645526550.383108, 4.218713, -0.355787, 2.115837
1645526550.484106, 4.218666, -0.355716, 2.163659
1645526550.583970, 4.218421, -0.355367, 2.216543
1645526550.682811, 4.218203, -0.355104, 2.263492
1645526550.783789, 4.215127, -0.351507, 2.306253
1645526550.883754, 4.222897, -0.345268, 2.333223
1645526550.983630, 4.219044, -0.341403, 2.377554
1645526551.103564, 4.213328, -0.336026, 2.397451
1645526551.183509, 4.212347, -0.335140, 2.411239
1645526551.303450, 4.207500, -0.330901, 2.435325
1645526551.363409, 4.202722, -0.326843, 2.439164
1645526551.503332, 4.193124, -0.318644, 2.430961
1645526551.563223, 4.189504, -0.315528, 2.430438
1645526551.683091, 4.182007, -0.309072, 2.432008
1645526551.803046, 4.171476, -0.299995, 2.420664
1645526551.882951, 4.166560, -0.295640, 2.403560
1645526551.982838, 4.164837, -0.294049, 2.385234
1645526552.082797, 4.164498, -0.293725, 2.353469
1645526552.182708, 4.164352, -0.293570, 2.321006
1645526552.282648, 4.164208, -0.293412, 2.292557
1645526552.382639, 4.164233, -0.293446, 2.245782
1645526552.502565, 4.164049, -0.293212, 2.194818
1645526552.582407, 4.164074, -0.293247, 2.165322
1645526552.662448, 4.164389, -0.293536, 2.127347
1645526552.803379, 4.164349, -0.293460, 2.065039
1645526552.883274, 4.164152, -0.293082, 2.035368
1645526552.983138, 4.164212, -0.293195, 2.003428
1645526553.082072, 4.164024, -0.292765, 1.969744
1645526553.183002, 4.160266, -0.294729, 1.941677
1645526553.282799, 4.160118, -0.294329, 1.906246
1645526553.402991, 4.160021, -0.294047, 1.876227
1645526553.462910, 4.160022, -0.294047, 1.852839
1645526553.582736, 4.159976, -0.293882, 1.799956
1645526553.682615, 4.159969, -0.293840, 1.756672
1645526553.702824, 4.159985, -0.293924, 1.745327
1645526553.842628, 4.150937, -0.296504, 1.680299
1645526553.923520, 4.150871, -0.295782, 1.634048
1645526554.182286, 4.143820, -0.299406, 1.528562
1645526554.282276, 4.143821, -0.299406, 1.479867
1645526554.362120, 4.143827, -0.299321, 1.443215
1645526554.422129, 4.145233, -0.298365, 1.410490
1645526554.681904, 4.145312, -0.297989, 1.290760
1645526554.701992, 4.145335, -0.297907, 1.280288
1645526554.722940, 4.145360, -0.297826, 1.265278
1645526554.742013, 4.145373, -0.297785, 1.256203
1645526554.821856, 4.145413, -0.297664, 1.220947
1645526554.882775, 4.145399, -0.297704, 1.185866
1645526554.941879, 4.145481, -0.297507, 1.159860
1645526555.021801, 4.138633, -0.302626, 1.120521
1645526555.181566, 4.138692, -0.302513, 1.040585
1645526555.222602, 4.138735, -0.302439, 1.018593
1645526555.862160, 4.139105, -0.301975, 0.695533
1645526555.942045, 4.139204, -0.301894, 0.656787
1645526556.241856, 4.139272, -0.301844, 0.559572
1645526557.061360, 4.139272, -0.301844, 0.558525
1645526558.040504, 4.136916, -0.302348, 0.557582
1645526558.780737, 4.136916, -0.302348, 0.557582
1645526558.860744, 4.136916, -0.302348, 0.557582
1645526558.980464, 4.132390, -0.304742, 0.554164
1645526559.080433, 4.132390, -0.304742, 0.554164
1645526559.181498, 4.132390, -0.304742, 0.554164
1645526559.280198, 4.132390, -0.304742, 0.554164
1645526559.380510, 4.134130, -0.303665, 0.554164
1645526559.460655, 4.139064, -0.300615, 0.546659
1645526559.580289, 4.145334, -0.296891, 0.516988
1645526559.661420, 4.138723, -0.299618, 0.493744
1645526559.780066, 4.138799, -0.299579, 0.462677
1645526559.879992, 4.138531, -0.299712, 0.417473
1645526559.980893, 4.138687, -0.299643, 0.386057
1645526560.079861, 4.138728, -0.299630, 0.341901
1645526560.199997, 4.137092, -0.300716, 0.294386
1645526560.300750, 4.137132, -0.300704, 0.249008
1645526560.379655, 4.137257, -0.300674, 0.221780
1645526560.499642, 4.137340, -0.300656, 0.166454
1645526560.579487, 4.137256, -0.300670, 0.135212
1645526560.679458, 4.137256, -0.300671, 0.090706
1645526560.780413, 4.137298, -0.300665, 0.044455
1645526560.879231, 4.133648, -0.302735, 0.006600
1645526560.980206, 4.136378, -0.302740, -0.045062
1645526561.100215, 4.138035, -0.302882, -0.092710
1645526561.160205, 4.130344, -0.307584, -0.114310
1645526561.279945, 4.135870, -0.308392, -0.183600
1645526561.359816, 4.140722, -0.309358, -0.219553
1645526561.459724, 4.151404, -0.311989, -0.273659
1645526561.599744, 4.155908, -0.318159, -0.347601
1645526561.699695, 4.167150, -0.322546, -0.407815
1645526561.779496, 4.177867, -0.327410, -0.453717
1645526561.879457, 4.192051, -0.334700, -0.507648
1645526561.979348, 4.203271, -0.343296, -0.564054
1645526562.079457, 4.216319, -0.352012, -0.629678
1645526562.179192, 4.228763, -0.361501, -0.683609
1645526562.299238, 4.242225, -0.375055, -0.753005
1645526562.359154, 4.249060, -0.381605, -0.786690
1645526562.479051, 4.262008, -0.395474, -0.856677
1645526562.578983, 4.272122, -0.407748, -0.920207
1645526562.678989, 4.276855, -0.420983, -0.979089
1645526562.778944, 4.285408, -0.434493, -1.041397
1645526562.878951, 4.293261, -0.448666, -1.102484
1645526562.978764, 4.300213, -0.463208, -1.157811
1645526563.078691, 4.306394, -0.477590, -1.219986
1645526563.198546, 4.312511, -0.496089, -1.294512
1645526563.258353, 4.315060, -0.505472, -1.327498
1645526563.399447, 4.319505, -0.523331, -1.415995
1645526563.499387, 4.319865, -0.525735, -1.453694
1645526563.598337, 4.319845, -0.525566, -1.451425
1645526563.679101, 4.319845, -0.525566, -1.451250
1645526563.799146, 4.319845, -0.525566, -1.450552
1645526563.899234, 4.319845, -0.525566, -1.451076
1645526563.998942, 4.319845, -0.525566, -1.451076
1645526564.098867, 4.319845, -0.525566, -1.450901
1645526564.198817, 4.320268, -0.529080, -1.450901
1645526564.298783, 4.320968, -0.535181, -1.474812
1645526564.378606, 4.321819, -0.544824, -1.492440
1645526564.478552, 4.322456, -0.552945, -1.490171
1645526564.578587, 4.323107, -0.561748, -1.508323
1645526564.658442, 4.323420, -0.566984, -1.511290
1645526564.778388, 4.323494, -0.568133, -1.531186
1645526564.898308, 4.323575, -0.572397, -1.569409
1645526564.998386, 4.323573, -0.573079, -1.593146
1645526565.058144, 4.320745, -0.572102, -1.616075
1645526565.198246, 4.320728, -0.572485, -1.675416
1645526565.297970, 4.320722, -0.572527, -1.710148
1645526565.398970, 4.320719, -0.572570, -1.749244
1645526565.498076, 4.320695, -0.572696, -1.787117
1645526565.577813, 4.320631, -0.572665, -1.821544
1645526565.677870, 4.320620, -0.572706, -1.860988
1645526565.778788, 4.320578, -0.572827, -1.904971
1645526565.898748, 4.320520, -0.572987, -1.961345
1645526565.997720, 4.320470, -0.573105, -2.000615
1645526566.058419, 4.317815, -0.571804, -2.035644
1645526566.178501, 4.317755, -0.571917, -2.085735
1645526566.278382, 4.317647, -0.572101, -2.134430
1645526566.398263, 4.317601, -0.572172, -2.193073
1645526566.498140, 4.316864, -0.573519, -2.232145
1645526566.578054, 4.316731, -0.573686, -2.274905
1645526566.678018, 4.316705, -0.573720, -2.320633
1645526566.777987, 4.316615, -0.573810, -2.364092
1645526566.877910, 4.316553, -0.573869, -2.414357
1645526566.977784, 4.315449, -0.573015, -2.460073
1645526567.077780, 4.315481, -0.572987, -2.510513
1645526567.197862, 4.315378, -0.573063, -2.570377
1645526567.277566, 4.315160, -0.573196, -2.604760
1645526567.397618, 4.314564, -0.573162, -2.664964
1645526567.497499, 4.314412, -0.573239, -2.716276
1645526567.597479, 4.314254, -0.573305, -2.761655
1645526567.697363, 4.314414, -0.573245, -2.812968
1645526567.777248, 4.314471, -0.572683, -2.850791
1645526567.897249, 4.310512, -0.573725, -2.914495
1645526567.997138, 4.310719, -0.573669, -2.966506
1645526568.077021, 4.310845, -0.573651, -3.003332
1645526568.176993, 4.310634, -0.573682, -3.054470
1645526568.276946, 4.308520, -0.573226, -3.106828
1645526568.376828, 4.308392, -0.573230, 3.126615
1645526568.496681, 4.308264, -0.573225, 3.064656
1645526568.577735, 4.304097, -0.574581, 3.026748
1645526568.676698, 4.303460, -0.574519, 2.974214
1645526568.777497, 4.303374, -0.574514, 2.929534
1645526568.876480, 4.299718, -0.573670, 2.901783
1645526568.957347, 4.294149, -0.572212, 2.862164
1645526569.097396, 4.289592, -0.570783, 2.783624
1645526569.177319, 4.292954, -0.570530, 2.753254
1645526569.297108, 4.292248, -0.570230, 2.717649
1645526569.397168, 4.291552, -0.569905, 2.665813
1645526569.497083, 4.291064, -0.569644, 2.621133
1645526569.577049, 4.291102, -0.570885, 2.587817
1645526569.696971, 4.290280, -0.570349, 2.534236
1645526569.796919, 4.289793, -0.570004, 2.498108
1645526569.876792, 4.289354, -0.569665, 2.465993
1645526569.996708, 4.288597, -0.569041, 2.425676
1645526570.096627, 4.288217, -0.568699, 2.390944
1645526570.177722, 4.287950, -0.570577, 2.363097
1645526570.276487, 4.287529, -0.570154, 2.339535
1645526570.376476, 4.287176, -0.569783, 2.301836
1645526570.476575, 4.286841, -0.569396, 2.273387
1645526570.576323, 4.286351, -0.568806, 2.243891
1645526570.676202, 4.286170, -0.568568, 2.205668
1645526570.776448, 4.284408, -0.568932, 2.174601
1645526570.875931, 4.284219, -0.568649, 2.145280
1645526570.996084, 4.283813, -0.567997, 2.101472
1645526571.095931, 4.283537, -0.567516, 2.075990
1645526571.196001, 4.283258, -0.566988, 2.032880
1645526571.275706, 4.283073, -0.566604, 2.006875
1645526571.375678, 4.285011, -0.568290, 1.976308
1645526571.456594, 4.284960, -0.568173, 1.948208
1645526571.595613, 4.284665, -0.567373, 1.890786
1645526571.695534, 4.284526, -0.566924, 1.835809
1645526571.776471, 4.284429, -0.566553, 1.797411
1645526571.876400, 4.284976, -0.566374, 1.767200
1645526571.996291, 4.284142, -0.561628, 1.733340
1645526572.076239, 4.283085, -0.554930, 1.716585
1645526572.196156, 4.282504, -0.550877, 1.702099
1645526572.296061, 4.282357, -0.549692, 1.669810
1645526572.375941, 4.282144, -0.547357, 1.651310
1645526572.395864, 4.282072, -0.546464, 1.647121
1645526572.535852, 4.281842, -0.543017, 1.619021
1645526572.615811, 4.281797, -0.541739, 1.593190
1645526572.655717, 4.281771, -0.540417, 1.580624
1645526572.695780, 4.281754, -0.537986, 1.570501
1645526572.736688, 4.281758, -0.536195, 1.563171
1645526573.315228, 4.281457, -0.527102, 1.382315
1645526573.356239, 4.281563, -0.526558, 1.363291
1645526573.975934, 4.282027, -0.524740, 1.283704
1645526574.316518, 4.282027, -0.524740, 1.283704
1645526574.615390, 4.282027, -0.524740, 1.283704
1645526575.115916, 4.282027, -0.524740, 1.283704
1645526576.034173, 4.282027, -0.524740, 1.283704
1645526576.634747, 4.284877, -0.522855, 1.285172
1645526577.274178, 4.284877, -0.522855, 1.285172
1645526577.394093, 4.284877, -0.522855, 1.285172
1645526577.495115, 4.284877, -0.522855, 1.285172
1645526577.593976, 4.284877, -0.522855, 1.284997
1645526577.693829, 4.286619, -0.516922, 1.286742
1645526577.773833, 4.287941, -0.512244, 1.309781
1645526577.874733, 4.290435, -0.502361, 1.337182
1645526577.974707, 4.291805, -0.496419, 1.366678
1645526578.073726, 4.292095, -0.494955, 1.383783
1645526578.174594, 4.292176, -0.494536, 1.410312
1645526578.274382, 4.292236, -0.494114, 1.436492
1645526578.394344, 4.292247, -0.494029, 1.454119
1645526578.494295, 4.291006, -0.494218, 1.475790
1645526578.594142, 4.291014, -0.494133, 1.499351
1645526578.694055, 4.291014, -0.494091, 1.526230
1645526578.794059, 4.291030, -0.493664, 1.546650
1645526578.913857, 4.291032, -0.493707, 1.573877
1645526578.973854, 4.291033, -0.493835, 1.588189
1645526579.073722, 4.291022, -0.493451, 1.609307
1645526579.173723, 4.291005, -0.493111, 1.646134
1645526579.273619, 4.292098, -0.492167, 1.681143
1645526579.393491, 4.292052, -0.491786, 1.720063
1645526579.473538, 4.292052, -0.491786, 1.718667
1645526579.593468, 4.292052, -0.491786, 1.718493
1645526579.693347, 4.292052, -0.491786, 1.718144
1645526579.793308, 4.292052, -0.491786, 1.718144
1645526579.894259, 4.292052, -0.491786, 1.718144
1645526579.973172, 4.292052, -0.491786, 1.717969
1645526580.074075, 4.291708, -0.489466, 1.717969
1645526580.214013, 4.290216, -0.479815, 1.745894
1645526580.274016, 4.289587, -0.476332, 1.760730
1645526580.373862, 4.289377, -0.475243, 1.780626
1645526580.493703, 4.289439, -0.475491, 1.819373
1645526580.593671, 4.289297, -0.474956, 1.846425
1645526580.693671, 4.289268, -0.473466, 1.883340
1645526580.793694, 4.289224, -0.473346, 1.915803
1645526580.893717, 4.289213, -0.473304, 1.959785
1645526580.993486, 4.289144, -0.473148, 1.999055
1645526581.073431, 4.289073, -0.472993, 2.035184
1645526581.174468, 4.286229, -0.473370, 2.078529
1645526581.293236, 4.285017, -0.471214, 2.133507
1645526581.373280, 4.284747, -0.470779, 2.172427
1645526581.494219, 4.284743, -0.470782, 2.225136
1645526581.593077, 4.284558, -0.470547, 2.268595
1645526581.692957, 4.282818, -0.471790, 2.313096
1645526581.772936, 4.281335, -0.470200, 2.353064
1645526581.892930, 4.281266, -0.470147, 2.405948
1645526581.972783, 4.281230, -0.470124, 2.446788
1645526582.172647, 4.280120, -0.472154, 2.531199
1645526582.273629, 4.279838, -0.471962, 2.579021
1645526582.372614, 4.279910, -0.472008, 2.623702
1645526582.492453, 4.279912, -0.472004, 2.681996
1645526582.572510, 4.275541, -0.472514, 2.717645
1645526582.673330, 4.273311, -0.471547, 2.773146
1645526582.793005, 4.273069, -0.471462, 2.826030
1645526582.872099, 4.273272, -0.471528, 2.850465
1645526582.973007, 4.273354, -0.471552, 2.850465
1645526583.092879, 4.273395, -0.471565, 2.878390
1645526583.192720, 4.273230, -0.471522, 2.893051
1645526583.292719, 4.271461, -0.473300, 2.926902
1645526583.372686, 4.271628, -0.473333, 2.953431
1645526583.492612, 4.269862, -0.473037, 2.990083
1645526583.572536, 4.268217, -0.472792, 3.034240
1645526583.692385, 4.268132, -0.472781, 3.077524
1645526583.792360, 4.268132, -0.472781, 3.120285
1645526583.873311, 4.267042, -0.475150, -3.126298
1645526583.972323, 4.267170, -0.475147, -3.091391
1645526584.072232, 4.267085, -0.475154, -3.040777
1645526584.172088, 4.267128, -0.475149, -3.001856
1645526584.272109, 4.266145, -0.476774, -2.955118
1645526584.371845, 4.266270, -0.476748, -2.907122
1645526584.591884, 4.266352, -0.476727, -2.810256
1645526584.651777, 4.266393, -0.476713, -2.787566
1645526584.672747, 4.266353, -0.476728, -2.774302
1645526584.771727, 4.266352, -0.476725, -2.728400
1645526584.791754, 4.266391, -0.476708, -2.720895
1645526584.871665, 4.264332, -0.477762, -2.683117
1645526584.911612, 4.264408, -0.477723, -2.663744
1645526585.052546, 4.264447, -0.477706, -2.598294
1645526585.231437, 4.264523, -0.477666, -2.514170
1645526585.392211, 4.264559, -0.477644, -2.437899
1645526585.532050, 4.264530, -0.477675, -2.371925
1645526585.771951, 4.264568, -0.477652, -2.257432
1645526585.891759, 4.264569, -0.477653, -2.197567
1645526586.011786, 4.264524, -0.477726, -2.139098
1645526586.131538, 4.264590, -0.477616, -2.078535
1645526586.371454, 4.267637, -0.475103, -1.961032
1645526586.491149, 4.267594, -0.475224, -1.903262
1645526586.511160, 4.267594, -0.475224, -1.892964
1645526586.531185, 4.267581, -0.475264, -1.883191
1645526586.551361, 4.267581, -0.475264, -1.874289
1645526586.592367, 4.267619, -0.475142, -1.853171
1645526586.631293, 4.267595, -0.475224, -1.833274
1645526586.711267, 4.267595, -0.475224, -1.793306
1645526586.791178, 4.268410, -0.474999, -1.754878
1645526586.851134, 4.268410, -0.474999, -1.723811
1645526586.892118, 4.268404, -0.475041, -1.702518
1645526587.051975, 4.268097, -0.474585, -1.623224
1645526587.491545, 4.268081, -0.474544, -1.398251
1645526587.871461, 4.268093, -0.474584, -1.194920
1645526589.070546, 4.268312, -0.474784, -0.547752
1645526589.191372, 4.268275, -0.474763, -0.479684
1645526589.291325, 4.268351, -0.474801, -0.423135
1645526589.390048, 4.266139, -0.476195, -0.376094
1645526589.471084, 4.267056, -0.476181, -0.327782
1645526589.591011, 4.267219, -0.476233, -0.265648
1645526589.650959, 4.266594, -0.474836, -0.230708
1645526589.770854, 4.266845, -0.474886, -0.161942
1645526589.870926, 4.266718, -0.474869, -0.109408
1645526589.990688, 4.267089, -0.474505, -0.040052
1645526590.091613, 4.267131, -0.474506, 0.015973
1645526590.170479, 4.267131, -0.474507, 0.061352
1645526590.251533, 4.267217, -0.474501, 0.105858
1645526590.391291, 4.267944, -0.473962, 0.186284
1645526590.490325, 4.268027, -0.473943, 0.239516
1645526590.610211, 4.268150, -0.473907, 0.308108
1645526590.670209, 4.268150, -0.473907, 0.338476
1645526590.770164, 4.269208, -0.473958, 0.398533
1645526590.890053, 4.269207, -0.473957, 0.469393
1645526590.989962, 4.269208, -0.473958, 0.524371
1645526591.089914, 4.271487, -0.473143, 0.581199
1645526591.190640, 4.271591, -0.473068, 0.637922
1645526591.289671, 4.271623, -0.473040, 0.695169
1645526591.390600, 4.271592, -0.473069, 0.754510
1645526591.489565, 4.271998, -0.473180, 0.806189
1645526591.609581, 4.272025, -0.473147, 0.876875
1645526591.670490, 4.272024, -0.473146, 0.915971
1645526591.790398, 4.272053, -0.473115, 0.980548
1645526591.870384, 4.272283, -0.474819, 1.028056
1645526591.970258, 4.272282, -0.474819, 1.084081
1645526592.070114, 4.272265, -0.474858, 1.145516
1645526592.189961, 4.272710, -0.474248, 1.217688
1645526592.290019, 4.272740, -0.474168, 1.270397
1645526592.389896, 4.272759, -0.474085, 1.331135
1645526592.489879, 4.272747, -0.474126, 1.392919
1645526592.589839, 4.272729, -0.474252, 1.449119
1645526592.609890, 4.274042, -0.473306, 1.460406
1645526592.769721, 4.274055, -0.473136, 1.552036
1645526592.909702, 4.274056, -0.473136, 1.635637
1645526593.009627, 4.271297, -0.474713, 1.696774
1645526593.089690, 4.271301, -0.474712, 1.739360
1645526593.189482, 4.271290, -0.474671, 1.799225
1645526593.309346, 4.271256, -0.474547, 1.871307
1645526593.369460, 4.268052, -0.477403, 1.906152
1645526593.489222, 4.268051, -0.477404, 1.978583
1645526593.590072, 4.268049, -0.477404, 2.039844
1645526593.669132, 4.267424, -0.477071, 2.087146
1645526593.750082, 4.267423, -0.477071, 2.135666
1645526593.909958, 4.267447, -0.477107, 2.230612
1645526593.969895, 4.267474, -0.477140, 2.264297
1645526594.089715, 4.266996, -0.478472, 2.340416
1645526594.188642, 4.266996, -0.478473, 2.397314
1645526594.269633, 4.267060, -0.478529, 2.447230
1645526594.389419, 4.264979, -0.479799, 2.521229
1645526594.489549, 4.264977, -0.479802, 2.579523
1645526594.569528, 4.265087, -0.479868, 2.631359
1645526594.689368, 4.263077, -0.481981, 2.700386
1645526594.809337, 4.263117, -0.481997, 2.774388
1645526594.909157, 4.263077, -0.481982, 2.834078
1645526595.010088, 4.263076, -0.481984, 2.897957
1645526595.088928, 4.263870, -0.482791, 2.944600
1645526595.188830, 4.263912, -0.482797, 3.006734
1645526595.288787, 4.264039, -0.482814, 3.062235
1645526595.388786, 4.263996, -0.482811, 3.057348
1645526595.489731, 4.263996, -0.482811, 3.059792
1645526595.588641, 4.263996, -0.482811, 3.059094
1645526595.668596, 4.263996, -0.482811, 3.059792
1645526595.788517, 4.263996, -0.482811, 3.059617
1645526595.908494, 4.263996, -0.482811, 3.059617
1645526595.969407, 4.263996, -0.482811, 3.059617
1645526596.088474, 4.257323, -0.482264, 3.061363
1645526596.188348, 4.250474, -0.481784, 3.085972
1645526596.308157, 4.248216, -0.481680, 3.122798
1645526596.388097, 4.246347, -0.482106, 3.137942
1645526596.488897, 4.242936, -0.482165, -3.093756
1645526596.588043, 4.235869, -0.482570, -3.071241
1645526596.668878, 4.233998, -0.482714, -3.019056
1645526596.808832, 4.228687, -0.483527, -2.969489
1645526596.888628, 4.225462, -0.484147, -2.929870
1645526596.968549, 4.222111, -0.485699, -2.912624
1645526597.088680, 4.220163, -0.486172, -2.861486
1645526597.188727, 4.217137, -0.487065, -2.845953
1645526597.308503, 4.209538, -0.489620, -2.790800
1645526597.388420, 4.209059, -0.489799, -2.767413
1645526597.508371, 4.208741, -0.489923, -2.745945
1645526597.588221, 4.209653, -0.489913, -2.725055
1645526597.668085, 4.207363, -0.490955, -2.703587
1645526597.808186, 4.205523, -0.491851, -2.660827
1645526597.889008, 4.205825, -0.491693, -2.646166
1645526597.988016, 4.202919, -0.493311, -2.620859
1645526598.067877, 4.199906, -0.495086, -2.586825
1645526598.208678, 4.189542, -0.501832, -2.540748
1645526598.307824, 4.192332, -0.500930, -2.515948
1645526598.368648, 4.190333, -0.502387, -2.503207
1645526598.487924, 4.182255, -0.508601, -2.469871
1645526598.607563, 4.169858, -0.518569, -2.455734
1645526598.707479, 4.157398, -0.528929, -2.438979
1645526598.747480, 4.152324, -0.533233, -2.435663
1645526598.867187, 4.137901, -0.545631, -2.424493
1645526598.987168, 4.123516, -0.558270, -2.415941
1645526599.087283, 4.111393, -0.569024, -2.414893
1645526599.188156, 4.099376, -0.579769, -2.409134
1645526599.307013, 4.084835, -0.592809, -2.413148
1645526599.387930, 4.075122, -0.601460, -2.413846
1645526599.507799, 4.060499, -0.614537, -2.409308
1645526599.587811, 4.050685, -0.623395, -2.404596
1645526599.687760, 4.038589, -0.634434, -2.398313
1645526599.787639, 4.026459, -0.645563, -2.400931
1645526599.887667, 4.014449, -0.656505, -2.405643
1645526599.987545, 4.002074, -0.667682, -2.408610
1645526600.067411, 3.991975, -0.676498, -2.415799
1645526600.167328, 3.980985, -0.686150, -2.430809
1645526600.287378, 3.966307, -0.698711, -2.437441
1645526600.387334, 3.955962, -0.707414, -2.448262
1645526600.487106, 3.942929, -0.718154, -2.456989
1645526600.547525, 3.936107, -0.723688, -2.467286
1645526600.687009, 3.921337, -0.735191, -2.496433
1645526600.786973, 3.909003, -0.744405, -2.505334
1645526600.886825, 3.898889, -0.751815, -2.512839
1645526600.987001, 3.885668, -0.761185, -2.541463
1645526601.086752, 3.873505, -0.769463, -2.545302
1645526601.206662, 3.860777, -0.777970, -2.562581
1645526601.306570, 3.853123, -0.782942, -2.569912
1645526601.387607, 3.843355, -0.789198, -2.577416
1645526601.486511, 3.829609, -0.797861, -2.581605
1645526601.587494, 3.817716, -0.805141, -2.608658
1645526601.686260, 3.808310, -0.808691, -2.628622
1645526601.787251, 3.796813, -0.815042, -2.647646
1645526601.887186, 3.786530, -0.820501, -2.664052
1645526601.987149, 3.777230, -0.825169, -2.691803
1645526602.066937, 3.768238, -0.829495, -2.694072
1645526602.186958, 3.754255, -0.836137, -2.701926
1645526602.306817, 3.742521, -0.841548, -2.721997
1645526602.366764, 3.738468, -0.843351, -2.724964
1645526602.466650, 3.728506, -0.847601, -2.761616
1645526602.646558, 3.708464, -0.855366, -2.779069
1645526602.667667, 3.705114, -0.856636, -2.783956
1645526602.686596, 3.701759, -0.857890, -2.785876
1645526602.766455, 3.693211, -0.861088, -2.772612
1645526602.846366, 3.685219, -0.864188, -2.779244
1645526602.987295, 3.675517, -0.867830, -2.774881
1645526603.026227, 3.673606, -0.868563, -2.778720
1645526603.066249, 3.672649, -0.868924, -2.788669
1645526603.106160, 3.671607, -0.869305, -2.797744
1645526603.147064, 3.670603, -0.869664, -2.794079
1645526603.186006, 3.670243, -0.869796, -2.786051
1645526603.306987, 3.663633, -0.872209, -2.803853
1645526603.346025, 3.662506, -0.872604, -2.805424
1645526603.666735, 3.653105, -0.875684, -2.882393
1645526603.966534, 3.649778, -0.876432, -2.970707
1645526604.246432, 3.649693, -0.876446, -2.971405
1645526605.985965, 3.649693, -0.876446, -2.971579
1645526606.565555, 3.649693, -0.876446, -2.971579
1645526606.685632, 3.649693, -0.876446, -2.971579
1645526606.785560, 3.649693, -0.876446, -2.971579
1645526606.885419, 3.646935, -0.871363, -2.979865
1645526606.945156, 3.646935, -0.871363, -2.979865
1645526607.085303, 3.646935, -0.871363, -2.979865
1645526607.185283, 3.646935, -0.871363, -2.979691
1645526607.285195, 3.640327, -0.872442, -2.977073
1645526607.405074, 3.627271, -0.874774, -2.958049
1645526607.486070, 3.623117, -0.875532, -2.967997
1645526607.585953, 3.620304, -0.876030, -2.956129
1645526607.704911, 3.619214, -0.876232, -2.964681
1645526607.785980, 3.619046, -0.876262, -2.955082
1645526607.885717, 3.619004, -0.876270, -2.958049
1645526607.985801, 3.615483, -0.876933, -2.950195
1645526608.105614, 3.613936, -0.877243, -2.918953
1645526608.185527, 3.614227, -0.877175, -2.907958
1645526608.265422, 3.614144, -0.877193, -2.883349
1645526608.385412, 3.613692, -0.877319, -2.854725
1645526608.485435, 3.613529, -0.877369, -2.840413
1645526608.585243, 3.610529, -0.878348, -2.814583
1645526608.665128, 3.609317, -0.878760, -2.803413
1645526608.785056, 3.609076, -0.878843, -2.789624
1645526608.865911, 3.608836, -0.878933, -2.763095
1645526609.004925, 3.608600, -0.879033, -2.735345
1645526609.084859, 3.608327, -0.879153, -2.718590
1645526609.185875, 3.607979, -0.879314, -2.692235
1645526609.284734, 3.605044, -0.880788, -2.665706
1645526609.384654, 3.604079, -0.881121, -2.652255
1645526609.484385, 3.603704, -0.881324, -2.628693
1645526609.584497, 3.600383, -0.883248, -2.608098
1645526609.685309, 3.599792, -0.883590, -2.582965
1645526609.784415, 3.596265, -0.885832, -2.568130
1645526609.865202, 3.595369, -0.886410, -2.551375
1645526609.985244, 3.592132, -0.888627, -2.529034
1645526610.085118, 3.591397, -0.889139, -2.507218
1645526610.185070, 3.588397, -0.891393, -2.486448
1645526610.285162, 3.587386, -0.892177, -2.470915
1645526610.384943, 3.585311, -0.892541, -2.452111
1645526610.484710, 3.584789, -0.892979, -2.426106
1645526610.564669, 3.584532, -0.893205, -2.413190
1645526610.704695, 3.582144, -0.895458, -2.365717
1645526610.804746, 3.581600, -0.895999, -2.353849
1645526610.904761, 3.581304, -0.896306, -2.328367
1645526610.964523, 3.581129, -0.896493, -2.311263
1645526611.105393, 3.580928, -0.896714, -2.287003
1645526611.184343, 3.580928, -0.896714, -2.290319
1645526611.284230, 3.580928, -0.896714, -2.291017
1645526611.384218, 3.580928, -0.896714, -2.291541
1645526611.484179, 3.580928, -0.896714, -2.291715
1645526611.583912, 3.580928, -0.896714, -2.291541
1645526611.703811, 3.580844, -0.896810, -2.291366
1645526611.784750, 3.576539, -0.901713, -2.291541
1645526611.884700, 3.571755, -0.907161, -2.291192
1645526611.983638, 3.564676, -0.915303, -2.277054
1645526612.064508, 3.561840, -0.918657, -2.261172
1645526612.184525, 3.561955, -0.916598, -2.238039
1645526612.244557, 3.561875, -0.916698, -2.220586
1645526612.384542, 3.561620, -0.917040, -2.192137
1645526612.504199, 3.561621, -0.917040, -2.166306
1645526612.604137, 3.561482, -0.917255, -2.136112
1645526612.685085, 3.561344, -0.917471, -2.118833
1645526612.803984, 3.561279, -0.917581, -2.096319
1645526612.863957, 3.561258, -0.917618, -2.079912
1645526613.004886, 3.560469, -0.914968, -2.046236
1645526613.084231, 3.560431, -0.915044, -2.030878
1645526613.183848, 3.560374, -0.915159, -2.003476
1645526613.283615, 3.560356, -0.915197, -1.975376
1645526613.383662, 3.560323, -0.915276, -1.957225
1645526613.484654, 3.560339, -0.915236, -1.960541
1645526613.543588, 3.560339, -0.915236, -1.960017
1645526613.683418, 3.560339, -0.915236, -1.960192
1645526613.783466, 3.560339, -0.915236, -1.960017
1645526613.883273, 3.560339, -0.915236, -1.960017
1645526613.983234, 3.560339, -0.915236, -1.960192
1645526614.103173, 3.560339, -0.915236, -1.960192
1645526614.203133, 3.560339, -0.915236, -1.960192
1645526614.284072, 3.560339, -0.915236, -1.960192
1645526614.402915, 3.560339, -0.915236, -1.960192
1645526614.503763, 3.560339, -0.915236, -1.960192
1645526614.603697, 3.560339, -0.915236, -1.960192
1645526614.703648, 3.560339, -0.915236, -1.960192
1645526614.803676, 3.560339, -0.915236, -1.960192
1645526614.903445, 3.560339, -0.915236, -1.960192
1645526615.003552, 3.560339, -0.915236, -1.960192
1645526615.063540, 3.560339, -0.915236, -1.960192
1645526615.183352, 3.560339, -0.915236, -1.960192
1645526615.263395, 3.560339, -0.915236, -1.960192
1645526615.404131, 3.560339, -0.915236, -1.960192
1645526615.483187, 3.560339, -0.915236, -1.960192
1645526615.603194, 3.560339, -0.915236, -1.960192
1645526615.682966, 3.560339, -0.915236, -1.960192
1645526615.802988, 3.560339, -0.915236, -1.960192
1645526615.882930, 3.560339, -0.915236, -1.960192
1645526616.002870, 3.560339, -0.915236, -1.960192
1645526616.102711, 3.560339, -0.915236, -1.960192
1645526616.183676, 3.560339, -0.915236, -1.960192
1645526616.282725, 3.560339, -0.915236, -1.960192
1645526616.382503, 3.560339, -0.915236, -1.960192
1645526616.503409, 3.560339, -0.915236, -1.960192
1645526616.602306, 3.560339, -0.915236, -1.960192
1645526616.703182, 3.560339, -0.915236, -1.960192
1645526616.802188, 3.560339, -0.915236, -1.960192
1645526616.903094, 3.560339, -0.915236, -1.960192
1645526617.002973, 3.560339, -0.915236, -1.960192
1645526617.043101, 3.560339, -0.915236, -1.960192
1645526617.182923, 3.560339, -0.915236, -1.960192
1645526617.281861, 3.560339, -0.915236, -1.960192
1645526617.381691, 3.560339, -0.915236, -1.960192
1645526617.482625, 3.560339, -0.915236, -1.960192
1645526617.602578, 3.560339, -0.915236, -1.960192
1645526617.702538, 3.560339, -0.915236, -1.960192
1645526617.802474, 3.560339, -0.915236, -1.960192
1645526617.902371, 3.560339, -0.915236, -1.960192
1645526617.962430, 3.560339, -0.915236, -1.960192
1645526618.082340, 3.560339, -0.915236, -1.960192
1645526618.182296, 3.560339, -0.915236, -1.960192
1645526618.302138, 3.560339, -0.915236, -1.960192
1645526618.382264, 3.560339, -0.915236, -1.960192
1645526618.482220, 3.560339, -0.915236, -1.960192
1645526618.583004, 3.560339, -0.915236, -1.960192
1645526618.701811, 3.560339, -0.915236, -1.960192
1645526618.801774, 3.560339, -0.915236, -1.960192
1645526618.882005, 3.560339, -0.915236, -1.960192
1645526618.981665, 3.560339, -0.915236, -1.960192
1645526619.102489, 3.560339, -0.915236, -1.960192
1645526619.181358, 3.560339, -0.915236, -1.960192
1645526619.282421, 3.560339, -0.915236, -1.960192
1645526619.402243, 3.560339, -0.915236, -1.960192
1645526619.481225, 3.560339, -0.915236, -1.960192
1645526619.602125, 3.560339, -0.915236, -1.960192
1645526619.681093, 3.560339, -0.915236, -1.960192
1645526619.801921, 3.560339, -0.915236, -1.960192
1645526619.901913, 3.560339, -0.915236, -1.960192
1645526620.001699, 3.560339, -0.915236, -1.960192
