1645526860.200693, 2.408923, 0.059778, -1.585467
1645526860.321725, 2.408923, 0.059778, -1.585467
1645526860.421716, 2.408923, 0.059778, -1.585467
1645526860.520563, 2.408923, 0.059778, -1.585467
1645526860.601319, 2.408923, 0.059778, -1.585467
1645526860.680411, 2.408923, 0.059778, -1.585467
1645526860.820507, 2.408923, 0.059778, -1.585467
1645526860.901229, 2.408923, 0.059778, -1.585467
1645526861.000096, 2.408923, 0.059778, -1.585467
1645526861.101028, 2.408923, 0.059778, -1.585467
1645526861.221021, 2.408923, 0.059778, -1.585467
1645526861.300842, 2.408923, 0.059778, -1.585467
1645526861.380809, 2.408923, 0.059778, -1.585467
1645526861.500683, 2.408923, 0.059778, -1.585467
1645526861.620640, 2.408923, 0.059778, -1.585467
1645526861.720633, 2.408923, 0.059778, -1.585467
1645526861.800537, 2.408923, 0.059778, -1.585467
1645526861.920491, 2.408923, 0.059778, -1.585467
1645526862.001312, 2.408923, 0.059778, -1.585467
1645526862.100316, 2.408923, 0.059778, -1.585467
1645526862.200300, 2.408923, 0.059778, -1.585467
1645526862.300091, 2.408923, 0.059778, -1.585467
1645526862.400150, 2.408923, 0.059778, -1.585467
1645526862.499949, 2.408923, 0.059778, -1.585467
1645526862.599950, 2.408923, 0.059778, -1.585467
1645526862.720023, 2.408923, 0.059778, -1.585467
1645526862.800754, 2.408923, 0.059778, -1.585467
1645526862.839813, 2.408923, 0.059778, -1.585467
1645526862.999667, 2.408923, 0.059778, -1.585467
1645526863.120697, 2.408923, 0.059778, -1.585467
1645526863.219512, 2.408923, 0.059778, -1.585467
1645526863.320309, 2.408923, 0.059778, -1.585467
1645526863.440512, 2.408923, 0.059778, -1.585467
1645526863.519190, 2.408923, 0.059778, -1.585467
1645526863.600102, 2.408923, 0.059778, -1.585467
1645526863.719236, 2.408923, 0.059778, -1.585467
1645526863.820067, 2.408923, 0.059778, -1.585467
1645526863.899892, 2.408923, 0.059778, -1.585467
1645526863.979903, 2.408923, 0.059778, -1.585467
1645526864.119820, 2.408923, 0.059778, -1.585467
1645526864.219829, 2.408923, 0.059778, -1.585467
1645526864.319849, 2.408923, 0.059778, -1.585467
1645526864.400413, 2.408923, 0.059778, -1.585467
1645526864.519386, 2.408923, 0.059778, -1.585467
1645526864.599385, 2.408923, 0.059778, -1.585467
1645526864.720179, 2.408923, 0.059778, -1.585467
1645526864.819155, 2.408923, 0.059778, -1.585467
1645526864.899045, 2.408923, 0.059778, -1.585467
1645526865.018845, 2.408923, 0.059778, -1.585467
1645526865.098904, 2.408923, 0.059778, -1.585467
1645526865.199924, 2.408923, 0.059778, -1.585467
1645526865.318834, 2.408923, 0.059778, -1.585467
1645526865.398847, 2.408923, 0.059778, -1.585467
1645526865.498607, 2.408923, 0.059778, -1.585467
1645526865.598538, 2.408923, 0.059778, -1.585467
1645526865.679492, 2.408923, 0.059778, -1.585467
1645526865.798422, 2.408923, 0.059778, -1.585467
1645526865.918411, 2.408923, 0.059778, -1.585467
1645526865.999258, 2.408923, 0.059778, -1.585467
1645526866.098165, 2.408923, 0.059778, -1.585467
1645526866.199066, 2.408923, 0.059778, -1.585467
1645526866.298021, 2.408923, 0.059778, -1.585467
1645526866.418067, 2.408923, 0.059778, -1.585467
1645526866.498940, 2.408923, 0.059778, -1.585467
1645526866.598893, 2.408923, 0.059778, -1.585467
1645526866.698826, 2.408923, 0.059778, -1.585467
1645526866.798762, 2.408923, 0.059778, -1.585467
1645526866.918680, 2.408923, 0.059778, -1.585467
1645526867.018755, 2.408923, 0.059778, -1.585467
1645526867.098473, 2.408923, 0.059778, -1.585467
1645526867.218465, 2.408923, 0.059778, -1.585467
1645526867.298406, 2.408923, 0.059778, -1.585467
1645526867.418374, 2.408923, 0.059778, -1.585467
1645526867.478235, 2.408923, 0.059778, -1.585467
1645526867.598119, 2.408923, 0.059778, -1.585467
1645526867.678073, 2.408923, 0.059778, -1.585467
1645526867.837898, 2.408923, 0.059778, -1.585467
1645526867.917901, 2.408923, 0.059778, -1.585467
1645526867.997782, 2.408923, 0.059778, -1.585467
1645526868.097682, 2.408923, 0.059778, -1.585467
1645526868.137897, 2.408923, 0.059778, -1.585467
1645526868.317540, 2.408923, 0.059778, -1.585467
1645526868.398474, 2.408923, 0.059778, -1.585467
1645526868.497439, 2.408923, 0.059778, -1.585467
1645526868.598363, 2.408923, 0.059778, -1.585467
1645526868.677298, 2.408923, 0.059778, -1.585467
1645526868.817132, 2.408923, 0.059778, -1.585467
1645526868.898488, 2.408923, 0.059778, -1.585467
1645526869.017994, 2.408923, 0.059778, -1.585467
1645526869.097946, 2.408923, 0.059778, -1.585467
1645526869.217750, 2.408923, 0.059778, -1.585467
1645526869.317711, 2.408923, 0.059778, -1.585467
1645526869.397697, 2.408923, 0.059778, -1.585467
1645526869.517596, 2.408923, 0.059778, -1.585467
1645526869.597523, 2.408923, 0.059778, -1.585467
1645526869.697480, 2.408923, 0.059778, -1.585467
1645526869.818491, 2.408923, 0.059778, -1.585467
1645526869.917336, 2.408923, 0.059778, -1.585467
1645526870.017087, 2.408923, 0.059778, -1.585467
1645526870.077087, 2.408923, 0.059778, -1.585467
1645526870.217106, 2.408923, 0.059778, -1.585467
1645526870.317027, 2.408923, 0.059778, -1.585467
1645526870.417040, 2.408923, 0.059778, -1.585467
1645526870.516920, 2.408923, 0.059778, -1.585467
1645526870.596892, 2.408923, 0.059778, -1.585467
1645526870.696708, 2.408923, 0.059778, -1.585467
1645526870.796632, 2.408923, 0.059778, -1.585467
1645526870.916711, 2.408923, 0.059778, -1.585467
1645526871.016558, 2.408923, 0.059778, -1.585467
1645526871.097496, 2.408923, 0.059778, -1.585467
1645526871.216476, 2.408923, 0.059778, -1.585467
1645526871.317267, 2.408923, 0.059778, -1.585467
1645526871.396305, 2.408923, 0.059778, -1.585467
1645526871.516205, 2.408923, 0.059778, -1.585467
1645526871.597002, 2.408923, 0.059778, -1.585467
1645526871.696948, 2.408923, 0.059778, -1.585467
1645526871.816986, 2.408923, 0.059778, -1.585467
1645526871.916832, 2.408923, 0.059778, -1.585467
1645526872.016606, 2.408923, 0.059778, -1.585467
1645526872.116561, 2.408923, 0.059778, -1.585467
1645526872.217542, 2.408923, 0.059778, -1.585467
1645526872.276511, 2.408923, 0.059778, -1.585467
1645526872.356530, 2.408923, 0.059778, -1.585467
1645526872.377456, 2.408923, 0.059778, -1.585467
1645526872.396436, 2.408923, 0.059778, -1.585467
1645526872.556390, 2.408923, 0.059778, -1.585467
1645526872.616301, 2.408923, 0.059778, -1.585467
1645526872.656246, 2.408923, 0.059778, -1.585467
1645526872.696306, 2.408923, 0.059778, -1.585467
1645526872.736300, 2.408923, 0.059778, -1.585467
1645526872.776351, 2.408923, 0.059778, -1.585467
1645526872.816347, 2.408923, 0.059778, -1.585467
1645526872.856187, 2.408923, 0.059778, -1.585467
1645526872.916210, 2.408923, 0.059778, -1.585467
1645526873.036028, 2.408923, 0.059778, -1.585467
1645526873.076120, 2.408923, 0.059778, -1.585467
1645526873.116066, 2.408923, 0.059778, -1.585467
1645526873.156843, 2.408923, 0.059778, -1.585467
1645526873.195856, 2.408923, 0.059778, -1.585467
1645526873.235830, 2.408923, 0.059778, -1.585467
1645526873.275803, 2.408923, 0.059778, -1.585467
1645526873.316903, 2.408923, 0.059778, -1.585467
1645526873.396685, 2.408923, 0.059778, -1.585467
1645526873.476696, 2.408923, 0.059778, -1.585467
1645526873.556693, 2.408923, 0.059778, -1.585467
1645526873.636571, 2.408923, 0.059778, -1.585467
1645526873.716664, 2.408923, 0.059778, -1.585467
1645526873.775625, 2.408923, 0.059778, -1.585467
1645526873.976428, 2.408923, 0.059778, -1.585467
1645526874.095301, 2.408923, 0.059778, -1.585467
1645526874.176250, 2.408923, 0.059778, -1.585467
1645526874.376101, 2.408923, 0.059778, -1.585467
1645526874.535908, 2.408923, 0.059778, -1.585467
1645526875.895794, 2.408923, 0.059778, -1.585467
1645526876.355603, 2.408923, 0.059778, -1.585467
1645526876.795239, 2.408923, 0.059778, -1.585467
1645526876.836301, 2.408923, 0.059778, -1.585467
1645526877.254897, 2.408923, 0.059778, -1.585467
1645526877.374743, 2.408923, 0.059778, -1.585467
1645526877.874550, 2.408923, 0.059778, -1.585467
1645526878.974527, 2.408923, 0.059778, -1.585467
1645526879.014566, 2.408923, 0.059778, -1.585467
1645526879.973887, 2.408923, 0.059778, -1.585467
1645526880.193700, 2.408923, 0.059778, -1.585467
1645526880.313824, 2.408923, 0.059778, -1.585467
1645526880.394271, 2.408923, 0.059778, -1.585467
1645526880.473401, 2.408923, 0.059778, -1.585467
1645526880.613435, 2.408923, 0.059778, -1.585467
1645526880.733358, 2.408923, 0.059778, -1.585467
1645526880.773283, 2.408923, 0.059778, -1.585467
1645526880.893170, 2.408923, 0.059778, -1.585467
1645526880.994127, 2.408923, 0.059778, -1.585467
1645526881.093981, 2.408923, 0.059778, -1.585467
1645526881.193960, 2.408923, 0.059778, -1.585467
1645526881.294894, 2.408923, 0.059778, -1.585467
1645526881.393800, 2.408923, 0.059778, -1.585467
1645526881.513878, 2.408923, 0.059778, -1.585467
1645526881.553772, 2.408923, 0.059778, -1.585467
1645526881.753764, 2.408923, 0.059778, -1.585467
1645526881.913631, 2.408923, 0.059778, -1.585467
1645526882.013174, 2.408923, 0.059778, -1.585467
1645526882.094302, 2.408923, 0.059778, -1.585467
1645526882.193261, 2.408893, 0.057731, -1.585467
1645526882.313145, 2.408799, 0.049074, -1.571679
1645526882.394154, 2.408800, 0.044767, -1.561207
1645526882.493094, 2.408807, 0.044085, -1.550910
1645526882.612986, 2.408848, 0.042891, -1.531362
1645526882.713943, 2.408910, 0.041400, -1.512163
1645526882.792863, 2.408968, 0.040549, -1.495757
1645526882.932650, 2.409348, 0.036088, -1.466436
1645526882.992736, 2.409390, 0.035663, -1.453346
1645526883.113513, 2.409406, 0.035622, -1.423501
1645526883.213445, 2.410071, 0.031496, -1.394354
1645526883.312211, 2.405145, 0.100025, -1.360818
1645526883.393180, 2.406277, 0.095122, -1.321723
1645526883.492403, 2.408838, 0.085787, -1.274250
1645526883.553216, 2.407958, 0.098813, -1.242086
1645526883.692886, 2.415417, 0.079391, -1.155343
1645526883.813109, 2.423413, 0.062608, -1.086926
1645526883.913041, 2.430748, 0.049464, -1.028458
1645526884.012902, 2.434925, 0.056423, -0.947035
1645526884.092649, 2.442307, 0.046555, -0.900609
1645526884.192794, 2.452404, 0.034432, -0.839174
1645526884.292624, 2.463257, 0.022864, -0.787163
1645526884.432583, 2.479266, 0.007835, -0.714557
1645526884.492576, 2.481175, 0.026338, -0.675227
1645526884.612532, 2.496456, 0.014662, -0.623042
1645526884.712424, 2.509842, 0.005455, -0.576616
1645526884.793358, 2.506775, 0.023042, -0.534734
1645526884.912357, 2.523760, 0.013401, -0.492671
1645526885.012180, 2.538227, 0.005913, -0.456019
1645526885.072176, 2.547100, 0.001633, -0.437868
1645526885.172069, 2.562152, -0.005237, -0.414481
1645526885.292450, 2.580437, -0.013020, -0.385159
1645526885.391937, 2.595864, -0.019120, -0.364041
1645526885.511750, 2.614710, -0.026067, -0.339606
1645526885.551889, 2.600581, -0.024539, -0.334914
1645526885.691791, 2.622830, -0.031960, -0.305592
1645526885.792623, 2.639014, -0.036932, -0.287266
1645526885.912588, 2.658487, -0.042510, -0.265624
1645526886.032492, 2.678287, -0.047704, -0.245029
1645526886.112496, 2.691622, -0.050984, -0.235604
1645526886.212227, 2.708228, -0.054884, -0.223562
1645526886.312363, 2.725049, -0.058610, -0.210297
1645526886.412111, 2.741916, -0.062124, -0.200349
1645526886.492186, 2.755421, -0.064837, -0.194589
1645526886.612027, 2.775650, -0.068717, -0.183768
1645526886.692044, 2.789448, -0.071260, -0.179928
1645526886.771894, 2.803371, -0.082589, -0.177636
1645526886.891903, 2.823993, -0.086223, -0.169433
1645526886.951900, 2.834378, -0.087985, -0.165594
1645526887.111756, 2.861871, -0.092411, -0.150758
1645526887.211582, 2.879251, -0.094993, -0.143951
1645526887.311430, 2.896600, -0.097486, -0.139937
1645526887.391722, 2.910751, -0.099451, -0.135225
1645526887.492527, 2.928165, -0.101788, -0.130163
1645526887.591270, 2.945719, -0.104037, -0.124055
1645526887.731261, 2.970443, -0.107039, -0.116724
1645526887.791307, 2.981032, -0.108277, -0.116375
1645526887.911163, 3.004247, -0.120004, -0.123129
1645526888.031922, 3.025452, -0.122613, -0.121384
1645526888.110908, 3.039719, -0.124349, -0.120686
1645526888.210906, 3.057500, -0.126509, -0.119987
1645526888.311740, 3.075156, -0.128630, -0.119464
1645526888.391810, 3.089383, -0.130339, -0.119987
1645526888.511594, 3.110720, -0.132924, -0.120162
1645526888.631584, 3.132101, -0.135509, -0.121558
1645526888.711537, 3.146323, -0.137255, -0.122256
1645526888.791382, 3.160631, -0.139007, -0.122082
1645526888.891368, 3.178618, -0.141231, -0.123304
1645526889.011266, 3.193120, -0.155222, -0.120053
1645526889.111274, 3.211159, -0.157379, -0.118133
1645526889.191222, 3.225558, -0.159083, -0.116737
1645526889.291005, 3.243644, -0.161202, -0.116388
1645526889.411996, 3.265543, -0.163764, -0.116562
1645526889.510876, 3.283587, -0.165875, -0.116737
1645526889.610780, 3.301759, -0.167994, -0.115690
1645526889.731561, 3.323487, -0.170545, -0.120926
1645526889.770561, 3.330726, -0.171428, -0.122671
1645526889.910425, 3.356202, -0.174602, -0.125813
1645526889.990675, 3.370713, -0.176444, -0.127558
1645526890.111442, 3.382612, -0.165785, -0.128381
1645526890.211319, 3.400837, -0.168164, -0.130126
1645526890.310289, 3.418977, -0.170543, -0.131173
1645526890.371222, 3.430012, -0.171999, -0.130824
1645526890.491145, 3.451955, -0.174899, -0.132744
1645526890.611032, 3.474060, -0.177871, -0.135013
1645526890.651109, 3.481201, -0.178843, -0.135711
1645526890.670876, 3.484877, -0.179345, -0.136060
1645526890.691100, 3.488595, -0.179854, -0.136060
1645526890.730886, 3.470727, -0.182635, -0.135694
1645526891.510427, 3.613894, -0.203616, -0.152275
1645526891.550422, 3.621102, -0.204724, -0.152973
1645526891.670282, 3.643349, -0.208200, -0.158209
1645526891.830153, 3.672772, -0.212987, -0.164143
1645526891.969833, 3.698642, -0.217296, -0.168681
1645526892.690618, 3.831533, -0.241855, -0.200620
1645526893.390959, 3.875334, -0.250947, -0.207427
1645526894.250423, 3.875334, -0.250947, -0.207602
1645526894.670019, 3.875334, -0.250947, -0.207602
1645526895.569550, 3.875334, -0.250947, -0.207602
1645526895.869355, 3.858751, -0.247735, -0.210304
1645526896.028897, 3.858751, -0.247735, -0.210304
1645526896.109061, 3.858751, -0.247735, -0.210304
1645526896.208951, 3.858751, -0.247735, -0.210304
1645526896.308934, 3.860752, -0.248162, -0.210478
1645526896.409839, 3.867675, -0.249645, -0.213969
1645526896.508667, 3.876340, -0.251540, -0.213271
1645526896.588639, 3.885385, -0.253495, -0.215889
1645526896.708542, 3.903321, -0.257514, -0.224964
1645526896.808552, 3.918236, -0.260970, -0.231597
1645526896.908461, 3.933958, -0.264719, -0.234913
1645526897.008397, 3.949056, -0.268328, -0.237182
1645526897.108350, 3.964300, -0.272057, -0.242767
1645526897.209180, 3.978206, -0.275514, -0.245210
1645526897.308181, 3.981473, -0.276334, -0.249224
1645526897.409049, 3.981226, -0.276271, -0.248875
1645526897.488067, 3.981226, -0.276271, -0.248352
1645526897.607894, 3.981226, -0.276271, -0.248875
1645526897.708815, 3.981226, -0.276271, -0.248875
1645526897.787915, 3.981226, -0.276271, -0.248875
1645526897.908623, 3.981226, -0.276271, -0.248875
1645526897.988662, 3.981226, -0.276271, -0.248875
1645526898.108460, 3.981226, -0.276271, -0.248875
1645526898.208454, 3.981226, -0.276271, -0.248875
1645526898.308300, 3.987921, -0.277973, -0.248526
1645526898.408176, 3.995034, -0.279763, -0.243988
1645526898.508154, 3.938572, -0.292200, -0.243020
1645526898.608104, 3.952195, -0.295559, -0.239006
1645526898.668046, 3.961850, -0.297904, -0.237261
1645526898.809030, 3.982945, -0.303023, -0.237261
1645526898.908029, 3.998281, -0.306734, -0.237610
1645526898.987979, 4.010509, -0.309692, -0.236563
1645526899.107819, 4.028997, -0.314161, -0.237959
1645526899.207760, 4.044416, -0.317895, -0.237435
1645526899.307660, 4.060001, -0.321665, -0.237784
1645526899.427729, 4.078643, -0.326221, -0.243544
1645526899.487622, 4.087911, -0.328535, -0.246336
1645526899.627409, 4.109696, -0.334061, -0.251398
1645526899.687403, 4.119153, -0.336498, -0.252969
1645526899.827326, 4.112404, -0.349448, -0.250826
1645526899.928195, 4.128097, -0.353494, -0.255364
1645526899.987208, 4.137585, -0.355979, -0.257633
1645526900.108000, 4.156712, -0.361050, -0.258680
1645526900.206909, 4.172669, -0.365266, -0.259204
1645526900.307924, 4.188572, -0.369515, -0.263742
1645526900.427890, 4.207752, -0.374717, -0.266534
1645526900.507726, 4.220544, -0.378222, -0.268454
1645526900.607680, 4.236698, -0.382687, -0.270723
1645526900.727656, 4.256048, -0.388074, -0.272992
1645526900.827553, 4.272309, -0.392633, -0.272817
1645526900.927555, 4.288572, -0.397186, -0.272992
1645526901.027543, 4.304834, -0.401740, -0.272817
1645526901.107287, 4.325825, -0.403416, -0.273426
1645526901.208171, 4.341953, -0.407975, -0.277440
1645526901.307145, 4.358436, -0.412686, -0.279185
1645526901.427111, 4.378030, -0.418311, -0.281280
1645526901.527085, 4.394576, -0.423112, -0.283374
1645526901.627121, 4.410827, -0.427861, -0.284770
1645526901.726848, 4.427362, -0.432703, -0.285294
1645526901.806787, 4.440498, -0.436556, -0.284770
1645526901.906636, 4.457154, -0.441437, -0.285643
1645526902.006816, 4.473809, -0.446324, -0.284770
1645526902.106585, 4.490426, -0.451188, -0.283723
1645526902.206437, 4.507132, -0.456053, -0.284770
1645526902.286492, 4.520001, -0.459967, -0.287717
1645526902.406327, 4.537959, -0.465261, -0.287891
1645526902.507229, 4.553778, -0.469965, -0.286495
1645526902.627243, 4.571659, -0.475218, -0.287019
1645526902.726159, 4.588186, -0.480084, -0.284401
1645526902.787124, 4.598297, -0.483039, -0.283179
1645526902.907029, 4.618658, -0.488926, -0.277768
1645526902.986953, 4.632201, -0.492753, -0.273231
1645526903.106872, 4.652478, -0.498471, -0.277594
1645526903.227010, 4.672692, -0.504250, -0.281259
1645526903.286598, 4.682850, -0.507194, -0.283179
1645526903.426866, 4.705696, -0.513854, -0.284226
1645526903.486675, 4.721894, -0.519910, -0.284317
1645526903.626501, 4.742582, -0.525895, -0.278383
1645526903.686607, 4.751524, -0.528440, -0.274892
1645526903.806398, 4.768192, -0.533124, -0.272623
1645526903.907270, 4.781871, -0.536940, -0.272100
1645526904.006278, 4.795425, -0.540727, -0.271401
1645526904.106081, 4.808617, -0.544383, -0.270703
1645526904.205999, 4.820942, -0.547814, -0.274369
1645526904.305926, 4.833114, -0.551316, -0.286760
1645526904.405808, 4.844357, -0.554654, -0.290251
1645526904.505846, 4.855631, -0.558038, -0.296011
1645526904.585993, 4.864838, -0.560887, -0.305959
1645526904.706726, 4.877677, -0.564981, -0.312068
1645526904.825683, 4.890651, -0.569212, -0.319573
1645526904.906612, 4.899150, -0.572036, -0.321667
1645526905.026566, 4.911528, -0.576169, -0.325158
1645526905.105343, 4.919850, -0.578983, -0.327252
1645526905.206264, 4.952249, -0.578361, -0.331495
1645526905.305219, 4.962529, -0.581909, -0.332542
1645526905.406170, 4.966519, -0.583288, -0.335510
1645526905.526134, 4.966479, -0.583274, -0.339175
1645526905.586080, 4.966479, -0.583274, -0.337429
1645526905.705951, 4.966479, -0.583274, -0.337255
1645526905.805923, 4.966479, -0.583274, -0.339349
1645526905.925836, 4.966479, -0.583274, -0.337604
1645526906.005620, 4.966479, -0.583274, -0.337604
1645526906.105597, 4.966479, -0.583274, -0.337604
1645526906.225688, 4.966479, -0.583274, -0.337604
1645526906.306587, 4.966479, -0.583274, -0.337604
1645526906.405517, 4.966479, -0.583274, -0.337604
1645526906.505353, 4.966479, -0.583274, -0.337604
1645526906.585408, 4.966479, -0.583274, -0.337604
1645526906.705341, 4.966479, -0.583274, -0.337604
1645526906.805218, 4.966479, -0.583274, -0.337604
1645526906.905105, 4.966479, -0.583274, -0.337604
1645526907.004984, 4.966479, -0.583274, -0.337604
1645526907.105975, 4.966479, -0.583274, -0.337604
1645526907.224837, 4.966479, -0.583274, -0.337604
1645526907.304808, 4.966479, -0.583274, -0.337604
1645526907.405709, 4.966479, -0.583274, -0.337604
1645526907.504652, 4.966479, -0.583274, -0.337604
1645526907.604604, 4.966479, -0.583274, -0.337604
1645526907.704520, 4.966479, -0.583274, -0.337604
1645526907.824508, 4.966479, -0.583274, -0.337604
1645526907.924425, 4.966479, -0.583274, -0.337604
1645526907.984381, 4.966479, -0.583274, -0.337604
1645526908.125147, 4.966479, -0.583274, -0.337604
1645526908.184179, 4.966479, -0.583274, -0.337604
1645526908.303991, 4.966479, -0.583274, -0.337604
1645526908.364907, 4.966479, -0.583274, -0.337604
1645526908.444991, 4.966479, -0.583274, -0.337604
1645526908.623871, 4.966479, -0.583274, -0.337604
1645526908.643824, 4.966479, -0.583274, -0.337604
1645526908.663862, 4.966479, -0.583274, -0.337604
1645526908.704757, 4.966479, -0.583274, -0.337604
1645526908.744774, 4.966479, -0.583274, -0.337604
1645526909.364316, 4.976111, -0.586606, -0.312297
1645526909.524126, 4.995297, -0.592403, -0.264126
1645526909.784070, 5.034193, -0.600448, -0.137764
1645526909.943820, 5.052486, -0.602171, -0.043516
1645526910.183791, 5.088284, -0.601706, 0.085289
1645526910.223692, 5.092616, -0.601314, 0.105361
1645526910.303659, 5.102312, -0.600158, 0.140442
1645526910.363637, 5.105942, -0.599631, 0.164004
1645526910.383574, 5.107036, -0.599450, 0.173603
1645526910.583482, 5.107498, -0.599368, 0.185820
1645526910.903158, 5.107498, -0.599368, 0.187566
1645526911.463732, 5.107498, -0.599368, 0.187566
1645526912.283246, 5.141156, -0.594672, 0.188479
1645526912.523807, 5.141156, -0.594672, 0.188479
1645526912.602906, 5.155728, -0.589327, 0.189764
1645526912.702839, 5.155728, -0.589327, 0.189764
1645526912.802738, 5.155728, -0.589327, 0.189764
1645526912.902688, 5.155728, -0.589327, 0.189764
1645526913.003634, 5.162010, -0.588121, 0.192208
1645526913.102454, 5.172287, -0.586013, 0.213501
1645526913.222479, 5.186578, -0.582703, 0.244917
1645526913.323230, 5.199128, -0.579450, 0.269351
1645526913.402147, 5.215362, -0.573286, 0.286770
1645526913.522235, 5.216630, -0.572910, 0.306841
1645526913.602278, 5.216630, -0.572910, 0.305445
1645526913.722060, 5.216630, -0.572910, 0.305096
1645526913.782036, 5.216630, -0.572910, 0.306492
1645526913.921941, 5.216630, -0.572910, 0.305969
1645526914.001940, 5.216630, -0.572910, 0.305794
1645526914.122763, 5.216630, -0.572910, 0.305794
1645526914.221556, 5.216630, -0.572910, 0.305969
1645526914.302621, 5.216630, -0.572910, 0.305969
1645526914.422453, 5.216833, -0.572845, 0.313997
1645526914.482411, 5.216914, -0.572819, 0.325167
1645526914.602364, 5.217115, -0.572749, 0.351173
1645526914.702410, 5.217274, -0.572686, 0.388697
1645526914.822210, 5.217313, -0.572670, 0.416623
1645526914.922166, 5.217159, -0.572743, 0.455893
1645526915.002036, 5.214728, -0.576996, 0.470592
1645526915.101947, 5.214918, -0.576899, 0.498866
1645526915.201912, 5.214918, -0.576900, 0.527838
1645526915.301926, 5.215064, -0.576811, 0.553495
1645526915.401884, 5.215064, -0.576811, 0.576359
1645526915.501688, 5.215065, -0.576812, 0.601142
1645526915.621522, 5.215097, -0.576784, 0.630289
1645526915.681515, 5.215097, -0.576784, 0.642332
1645526915.821464, 5.217027, -0.580347, 0.678708
1645526915.921356, 5.217125, -0.580265, 0.701746
1645526916.001211, 5.217222, -0.580182, 0.717978
1645526916.081205, 5.217254, -0.580154, 0.721468
1645526916.221214, 5.217254, -0.580154, 0.717803
1645526916.321176, 5.217254, -0.580154, 0.717803
1645526916.421104, 5.217254, -0.580154, 0.717803
1645526916.480989, 5.217254, -0.580154, 0.717803
1645526916.600960, 5.217254, -0.580154, 0.717803
1645526916.680877, 5.217254, -0.580154, 0.717803
1645526916.800794, 5.217254, -0.580154, 0.717803
1645526916.900646, 5.217254, -0.580154, 0.717803
1645526916.981673, 5.217254, -0.580154, 0.717803
1645526917.100583, 5.217254, -0.580154, 0.717803
1645526917.220565, 5.217254, -0.580154, 0.717803
1645526917.280483, 5.217254, -0.580154, 0.717803
1645526917.400594, 5.217254, -0.580154, 0.717803
1645526917.521196, 5.217254, -0.580154, 0.717803
1645526917.621205, 5.217254, -0.580154, 0.717803
1645526917.720153, 5.217254, -0.580154, 0.717803
1645526917.821175, 5.217254, -0.580154, 0.717803
1645526917.901015, 5.217254, -0.580154, 0.717803
1645526918.000895, 5.217254, -0.580154, 0.717803
1645526918.120786, 5.217254, -0.580154, 0.717803
1645526918.200697, 5.217254, -0.580154, 0.717803
1645526918.300728, 5.217254, -0.580154, 0.717803
1645526918.421597, 5.217254, -0.580154, 0.717803
1645526918.520522, 5.217254, -0.580154, 0.717803
1645526918.620440, 5.217254, -0.580154, 0.717803
1645526918.700480, 5.217254, -0.580154, 0.717803
1645526918.820388, 5.217254, -0.580154, 0.717803
1645526918.901262, 5.217254, -0.580154, 0.717803
1645526919.000127, 5.217254, -0.580154, 0.717803
1645526919.120033, 5.217254, -0.580154, 0.717803
1645526919.221058, 5.217254, -0.580154, 0.717803
1645526919.299933, 5.217254, -0.580154, 0.717803
1645526919.399910, 5.217254, -0.580154, 0.717803
1645526919.499865, 5.217254, -0.580154, 0.717803
1645526919.600813, 5.217254, -0.580154, 0.717803
1645526919.720843, 5.217254, -0.580154, 0.717803
1645526919.819651, 5.217254, -0.580154, 0.717803
1645526919.860578, 5.217254, -0.580154, 0.717803
1645526919.999441, 5.217254, -0.580154, 0.717803
1645526920.099396, 5.217254, -0.580154, 0.717803
1645526920.220201, 5.217254, -0.580154, 0.717803
1645526920.299153, 5.217254, -0.580154, 0.717803
1645526920.419131, 5.217254, -0.580154, 0.717803
1645526920.520030, 5.217254, -0.580154, 0.717803
1645526920.619925, 5.217254, -0.580154, 0.717803
1645526920.679862, 5.217254, -0.580154, 0.717803
1645526920.800795, 5.217254, -0.580154, 0.717803
1645526920.899718, 5.217254, -0.580154, 0.717803
1645526920.999734, 5.217254, -0.580154, 0.717803
1645526921.120633, 5.217254, -0.580154, 0.717803
1645526921.239610, 5.217254, -0.580154, 0.717803
1645526921.299499, 5.217254, -0.580154, 0.717803
1645526921.419456, 5.217254, -0.580154, 0.717803
1645526921.499391, 5.217254, -0.580154, 0.717803
1645526921.600222, 5.217254, -0.580154, 0.717803
1645526921.679185, 5.217254, -0.580154, 0.717803
1645526921.779160, 5.217254, -0.580154, 0.717803
1645526921.899185, 5.217254, -0.580154, 0.717803
1645526922.018999, 5.217254, -0.580154, 0.717803
1645526922.118991, 5.217254, -0.580154, 0.717803
1645526922.198825, 5.217254, -0.580154, 0.717803
1645526922.298818, 5.217254, -0.580154, 0.717803
1645526922.399732, 5.217254, -0.580154, 0.717803
1645526922.498658, 5.217254, -0.580154, 0.717803
1645526922.598676, 5.217254, -0.580154, 0.717803
1645526922.698456, 5.217254, -0.580154, 0.717803
1645526922.818601, 5.217254, -0.580154, 0.717803
1645526922.919319, 5.217254, -0.580154, 0.717803
1645526923.018176, 5.217254, -0.580154, 0.717803
1645526923.118151, 5.217254, -0.580154, 0.717803
1645526923.199095, 5.217254, -0.580154, 0.717803
1645526923.298100, 5.217254, -0.580154, 0.717803
1645526923.419023, 5.217254, -0.580154, 0.717803
1645526923.497839, 5.217254, -0.580154, 0.717803
1645526923.617904, 5.217254, -0.580154, 0.717803
1645526923.698734, 5.217254, -0.580154, 0.717803
1645526923.817817, 5.217254, -0.580154, 0.717803
1645526923.917806, 5.217254, -0.580154, 0.717803
1645526923.998553, 5.217254, -0.580154, 0.717803
1645526924.058656, 5.217254, -0.580154, 0.717803
1645526924.178349, 5.217254, -0.580154, 0.717803
1645526924.319270, 5.217254, -0.580154, 0.717803
1645526924.398200, 5.217254, -0.580154, 0.717803
1645526924.498073, 5.217254, -0.580154, 0.717803
1645526924.598056, 5.217254, -0.580154, 0.717803
1645526924.697999, 5.217254, -0.580154, 0.717803
1645526924.818014, 5.217254, -0.580154, 0.717803
1645526924.917917, 5.217254, -0.580154, 0.717803
1645526925.017792, 5.217254, -0.580154, 0.717803
1645526925.118705, 5.217254, -0.580154, 0.717803
1645526925.217707, 5.217254, -0.580154, 0.717803
1645526925.317595, 5.217254, -0.580154, 0.717803
1645526925.397379, 5.217254, -0.580154, 0.717803
1645526925.517278, 5.217254, -0.580154, 0.717803
1645526925.617351, 5.217254, -0.580154, 0.717803
1645526925.697320, 5.217254, -0.580154, 0.717803
1645526925.797247, 5.217254, -0.580154, 0.717803
1645526925.918182, 5.217254, -0.580154, 0.717803
1645526926.017015, 5.217254, -0.580154, 0.717803
1645526926.117057, 5.217254, -0.580154, 0.717803
1645526926.216857, 5.217254, -0.580154, 0.717803
1645526926.316837, 5.217254, -0.580154, 0.717803
1645526926.376793, 5.217254, -0.580154, 0.717803
1645526926.516676, 5.217254, -0.580154, 0.717803
1645526926.617559, 5.217254, -0.580154, 0.717803
1645526926.656546, 5.217254, -0.580154, 0.717803
1645526926.676581, 5.217254, -0.580154, 0.717803
1645526926.777526, 5.217254, -0.580154, 0.717803
1645526926.816456, 5.217254, -0.580154, 0.717803
1645526926.917405, 5.217254, -0.580154, 0.717803
1645526926.937415, 5.217254, -0.580154, 0.717803
1645526927.016385, 5.217254, -0.580154, 0.717803
1645526927.616870, 5.217254, -0.580154, 0.717803
1645526927.797115, 5.217254, -0.580154, 0.717803
1645526927.916682, 5.217254, -0.580154, 0.717803
1645526927.936717, 5.217254, -0.580154, 0.717803
1645526927.976618, 5.217254, -0.580154, 0.717803
1645526927.997602, 5.217254, -0.580154, 0.717803
1645526928.036638, 5.217254, -0.580154, 0.717803
1645526928.596351, 5.217254, -0.580154, 0.717803
1645526929.176610, 5.217254, -0.580154, 0.717803
1645526930.115953, 5.217254, -0.580154, 0.717803
1645526930.895532, 5.217254, -0.580154, 0.717803
1645526930.995534, 5.217254, -0.580154, 0.717803
1645526931.135149, 5.217254, -0.580154, 0.717803
1645526931.215272, 5.217254, -0.580154, 0.717803
1645526931.315114, 5.217254, -0.580154, 0.717803
1645526931.435155, 5.217254, -0.580154, 0.717803
1645526931.496064, 5.217254, -0.580154, 0.717803
1645526931.595181, 5.217254, -0.580154, 0.717803
1645526931.694976, 5.217254, -0.580154, 0.717803
1645526931.795143, 5.217254, -0.580154, 0.717803
1645526931.914767, 5.217254, -0.580154, 0.717803
1645526932.014673, 5.217254, -0.580154, 0.717803
1645526932.114640, 5.217254, -0.580154, 0.717803
1645526932.194785, 5.217254, -0.580154, 0.717803
1645526932.295485, 5.217254, -0.580154, 0.717803
1645526932.414381, 5.217254, -0.580154, 0.717803
1645526932.515376, 5.217254, -0.580154, 0.717803
1645526932.615155, 5.217254, -0.580154, 0.717803
1645526932.714158, 5.217254, -0.580154, 0.717803
1645526932.815077, 5.217254, -0.580154, 0.717803
1645526932.914079, 5.217254, -0.580154, 0.717803
1645526933.034044, 5.217254, -0.580154, 0.717803
1645526933.095110, 5.217254, -0.580154, 0.717803
1645526933.214776, 5.217254, -0.580154, 0.717803
1645526933.314659, 5.217254, -0.580154, 0.717803
1645526933.414524, 5.217254, -0.580154, 0.717803
1645526933.514623, 5.217254, -0.580154, 0.717803
1645526933.594416, 5.217254, -0.580154, 0.717803
1645526933.714368, 5.217254, -0.580154, 0.717803
1645526933.814338, 5.217254, -0.580154, 0.717803
1645526933.914237, 5.217254, -0.580154, 0.717803
1645526934.014186, 5.217254, -0.580154, 0.717803
1645526934.114027, 5.217254, -0.580154, 0.717803
1645526934.194093, 5.217254, -0.580154, 0.717803
1645526934.333942, 5.217254, -0.580154, 0.717803
1645526934.413885, 5.217254, -0.580154, 0.717803
1645526934.513816, 5.217254, -0.580154, 0.717803
1645526934.573885, 5.217254, -0.580154, 0.717803
1645526934.733655, 5.217254, -0.580154, 0.717803
1645526934.813632, 5.217254, -0.580154, 0.717803
1645526934.933782, 5.217254, -0.580154, 0.717803
1645526935.033500, 5.217254, -0.580154, 0.717803
1645526935.073370, 5.217254, -0.580154, 0.717803
1645526935.213321, 5.217254, -0.580154, 0.717803
1645526935.313222, 5.217254, -0.580154, 0.717803
1645526935.394212, 5.217254, -0.580154, 0.717803
1645526935.494227, 5.217254, -0.580154, 0.717803
1645526935.554084, 5.217254, -0.580154, 0.717803
1645526935.693914, 5.217254, -0.580154, 0.717803
1645526935.834072, 5.217254, -0.580154, 0.717803
1645526935.912824, 5.217254, -0.580154, 0.717803
1645526935.993767, 5.217254, -0.580154, 0.717803
1645526936.113671, 5.217254, -0.580154, 0.717803
1645526936.213575, 5.217254, -0.580154, 0.717803
1645526936.313521, 5.217254, -0.580154, 0.717803
1645526936.413395, 5.217254, -0.580154, 0.717803
1645526936.513425, 5.217254, -0.580154, 0.717803
1645526936.613322, 5.217254, -0.580154, 0.717803
1645526936.713214, 5.217254, -0.580154, 0.717803
1645526936.813217, 5.217254, -0.580154, 0.717803
1645526936.914154, 5.217254, -0.580154, 0.717803
1645526937.012964, 5.217254, -0.580154, 0.717803
1645526937.092918, 5.217254, -0.580154, 0.717803
1645526937.212894, 5.217254, -0.580154, 0.717803
1645526937.312819, 5.217254, -0.580154, 0.717803
1645526937.412715, 5.217254, -0.580154, 0.717803
1645526937.533062, 5.217254, -0.580154, 0.717803
1645526937.632670, 5.217254, -0.580154, 0.717803
1645526937.713509, 5.217254, -0.580154, 0.717803
1645526937.812478, 5.217254, -0.580154, 0.717803
1645526937.912429, 5.217254, -0.580154, 0.717803
1645526938.012378, 5.217254, -0.580154, 0.717803
1645526938.112237, 5.217254, -0.580154, 0.717803
1645526938.213192, 5.217254, -0.580154, 0.717803
1645526938.312085, 5.217254, -0.580154, 0.717803
1645526938.413013, 5.220306, -0.577489, 0.717803
1645526938.491995, 5.223928, -0.574310, 0.732115
1645526938.611889, 5.228877, -0.569738, 0.766847
1645526938.712794, 5.229187, -0.569445, 0.797739
1645526938.811582, 5.229362, -0.569259, 0.838580
1645526938.931650, 5.229474, -0.569130, 0.874185
1645526939.012485, 5.229637, -0.568933, 0.913804
1645526939.132483, 5.229816, -0.568694, 0.953423
1645526939.212367, 5.231373, -0.568692, 0.994231
1645526939.312245, 5.232379, -0.567058, 1.033151
1645526939.412138, 5.233213, -0.565669, 1.079403
1645526939.532281, 5.230365, -0.567548, 1.124257
1645526939.633060, 5.230974, -0.566326, 1.175395
1645526939.732090, 5.231936, -0.563864, 1.208382
1645526939.811954, 5.232960, -0.561014, 1.250270
1645526939.911958, 5.224123, -0.559985, 1.294608
1645526940.011785, 5.225849, -0.553296, 1.346270
1645526940.112777, 5.227508, -0.545496, 1.406484
1645526940.231695, 5.228663, -0.537047, 1.461985
1645526940.331695, 5.228649, -0.532219, 1.532785
1645526940.411604, 5.228762, -0.526079, 1.569961
1645526940.511475, 5.228588, -0.516059, 1.623368
1645526940.631406, 5.227875, -0.507605, 1.690563
1645526940.731420, 5.219686, -0.502488, 1.752746
1645526940.771364, 5.218590, -0.496837, 1.782766
1645526940.912138, 5.213286, -0.475529, 1.867763
1645526941.011096, 5.208155, -0.459980, 1.920647
1645526941.132050, 5.197528, -0.449170, 1.994911
1645526941.210789, 5.192068, -0.437648, 2.044478
1645526941.291823, 5.185979, -0.426349, 2.093347
1645526941.411800, 5.174628, -0.415013, 2.165128
1645526941.510786, 5.165298, -0.401870, 2.223771
1645526941.591583, 5.157257, -0.391811, 2.275433
1645526941.711514, 5.143698, -0.379840, 2.353785
1645526941.811557, 5.131943, -0.368565, 2.411556
1645526941.911434, 5.119395, -0.357914, 2.473864
1645526941.991421, 5.108976, -0.349988, 2.518370
1645526942.111259, 5.089971, -0.343060, 2.572084
1645526942.211174, 5.076051, -0.334518, 2.614146
1645526942.311086, 5.061481, -0.326323, 2.652020
1645526942.391552, 5.049737, -0.320254, 2.681865
1645526942.510916, 5.031606, -0.311611, 2.720437
1645526942.630960, 5.013162, -0.303659, 2.752202
1645526942.690835, 5.006522, -0.301896, 2.771405
1645526942.830916, 4.984344, -0.293632, 2.805962
1645526942.930636, 4.968340, -0.288242, 2.832491
1645526943.030681, 4.951992, -0.283225, 2.859718
1645526943.090564, 4.942312, -0.280471, 2.874379
1645526943.210562, 4.923352, -0.275611, 2.910333
1645526943.310426, 4.908792, -0.272322, 2.930928
1645526943.390363, 4.899082, -0.272645, 2.952010
1645526943.511229, 4.879222, -0.269120, 2.983426
1645526943.611161, 4.861722, -0.266480, 3.003323
1645526943.710052, 4.844856, -0.264231, 3.017460
1645526943.810969, 4.827530, -0.262216, 3.034913
1645526943.890011, 4.813705, -0.260756, 3.039276
1645526944.030967, 4.789427, -0.258386, 3.052366
1645526944.110908, 4.775917, -0.257207, 3.056381
1645526944.230746, 4.757303, -0.255646, 3.062315
1645526944.290602, 4.747609, -0.254891, 3.066155
1645526944.370580, 4.735616, -0.253999, 3.069296
1645526944.390559, 4.732511, -0.253774, 3.069645
1645526944.570518, 4.706900, -0.251992, 3.075405
1645526944.650351, 4.696048, -0.251284, 3.077499
1645526944.690418, 4.684620, -0.250764, 3.079373
1645526944.910387, 4.657169, -0.249015, 3.077279
1645526944.930103, 4.654913, -0.248870, 3.077977
1645526945.070077, 4.638063, -0.247742, 3.067854
1645526945.211051, 4.622665, -0.246637, 3.070298
1645526945.230055, 4.620538, -0.246485, 3.069774
1645526945.410051, 4.601056, -0.245091, 3.070821
1645526945.509881, 4.590676, -0.244354, 3.069774
1645526945.549665, 4.586423, -0.244048, 3.068901
1645526945.709699, 4.570474, -0.242874, 3.069599
1645526945.789524, 4.562690, -0.242302, 3.066981
1645526945.850465, 4.559969, -0.242098, 3.065585
1645526946.109347, 4.555625, -0.241900, 3.140111
1645526946.149207, 4.555070, -0.241900, -3.135221
1645526946.190248, 4.554388, -0.241907, -3.121433
1645526946.350126, 4.552386, -0.242000, -3.068025
1645526946.490025, 4.550305, -0.242193, -3.024043
1645526946.509979, 4.550136, -0.242213, -3.018982
1645526946.530177, 4.550051, -0.242224, -3.013222
1645526946.809665, 4.551850, -0.242052, -3.002964
1645526947.209450, 4.551850, -0.242052, -3.002790
1645526947.509184, 4.551850, -0.242052, -3.002790
1645526947.968898, 4.551850, -0.242052, -3.002790
1645526948.709238, 4.551850, -0.242052, -3.002790
1645526948.788420, 4.551850, -0.242052, -3.002790
1645526948.909134, 4.551850, -0.242052, -3.002790
1645526949.009068, 4.551850, -0.242052, -3.002790
1645526949.129128, 4.551850, -0.242052, -3.002790
1645526949.208869, 4.551850, -0.242052, -3.002790
1645526949.308712, 4.551850, -0.242052, -3.002790
1645526949.408685, 4.551850, -0.242052, -3.002790
1645526949.509669, 4.551850, -0.242052, -3.002790
1645526949.588612, 4.551850, -0.242052, -3.002790
1645526949.708509, 4.551850, -0.242052, -3.002790
1645526949.808489, 4.551850, -0.242052, -3.002790
1645526949.908400, 4.551850, -0.242052, -3.002790
1645526949.989263, 4.551850, -0.242052, -3.002790
1645526950.088172, 4.551850, -0.242052, -3.002790
1645526950.228094, 4.551850, -0.242052, -3.002790
1645526950.309113, 4.551850, -0.242052, -3.002790
1645526950.408019, 4.551850, -0.242052, -3.002790
1645526950.507998, 4.551850, -0.242052, -3.002790
1645526950.607838, 4.551850, -0.242052, -3.002790
1645526950.707781, 4.551850, -0.242052, -3.002790
1645526950.788673, 4.551850, -0.242052, -3.002790
1645526950.887583, 4.551850, -0.242052, -3.002790
1645526951.008592, 4.551850, -0.242052, -3.002790
1645526951.108545, 4.551850, -0.242052, -3.002790
1645526951.207398, 4.551850, -0.242052, -3.002790
1645526951.308245, 4.551850, -0.242052, -3.002790
1645526951.407426, 4.551850, -0.242052, -3.002790
1645526951.507154, 4.551850, -0.242052, -3.002790
1645526951.588082, 4.551850, -0.242052, -3.002790
1645526951.728066, 4.551850, -0.242052, -3.002790
1645526951.827969, 4.551850, -0.242052, -3.002790
1645526951.907799, 4.551850, -0.242052, -3.002790
1645526952.007991, 4.551850, -0.242052, -3.002790
1645526952.107940, 4.551850, -0.242052, -3.002790
1645526952.207645, 4.551850, -0.242052, -3.002790
1645526952.327766, 4.551850, -0.242052, -3.002790
1645526952.427671, 4.551850, -0.242052, -3.002790
1645526952.507588, 4.551850, -0.242052, -3.002790
1645526952.627495, 4.551850, -0.242052, -3.002790
1645526952.708407, 4.551850, -0.242052, -3.002790
1645526952.807285, 4.551850, -0.242052, -3.002790
1645526952.907138, 4.551850, -0.242052, -3.002790
1645526953.028132, 4.551850, -0.242052, -3.002790
1645526953.127110, 4.551850, -0.242052, -3.002790
1645526953.206934, 4.551850, -0.242052, -3.002790
1645526953.306981, 4.551850, -0.242052, -3.002790
1645526953.386785, 4.551850, -0.242052, -3.002790
1645526953.507644, 4.551850, -0.242052, -3.002790
1645526953.606637, 4.551850, -0.242052, -3.002790
1645526953.706625, 4.551850, -0.242052, -3.002790
1645526953.806635, 4.551850, -0.242052, -3.002790
1645526953.926437, 4.551850, -0.242052, -3.002790
1645526954.006371, 4.551850, -0.242052, -3.002790
1645526954.106322, 4.551850, -0.242052, -3.002790
1645526954.206275, 4.551850, -0.242052, -3.002790
1645526954.307306, 4.551850, -0.242052, -3.002790
1645526954.406126, 4.551850, -0.242052, -3.002790
1645526954.485990, 4.551850, -0.242052, -3.002790
1645526954.606917, 4.551850, -0.242052, -3.002790
1645526954.705919, 4.551850, -0.242052, -3.002790
1645526954.805933, 4.551850, -0.242052, -3.002790
1645526954.885725, 4.551850, -0.242052, -3.002790
1645526954.986706, 4.551850, -0.242052, -3.002790
1645526955.126562, 4.551850, -0.242052, -3.002790
1645526955.205732, 4.551850, -0.242052, -3.002790
1645526955.306480, 4.551850, -0.242052, -3.002790
1645526955.406415, 4.551850, -0.242052, -3.002790
1645526955.505324, 4.551850, -0.242052, -3.002790
1645526955.606339, 4.551850, -0.242052, -3.002790
1645526955.706150, 4.551850, -0.242052, -3.002790
1645526955.806132, 4.551850, -0.242052, -3.002790
1645526955.925993, 4.551850, -0.242052, -3.002790
1645526956.026031, 4.551850, -0.242052, -3.002790
1645526956.085886, 4.551850, -0.242052, -3.002790
1645526956.206890, 4.551850, -0.242052, -3.002790
1645526956.305805, 4.551850, -0.242052, -3.002790
1645526956.405678, 4.551850, -0.242052, -3.002790
1645526956.485631, 4.551850, -0.242052, -3.002790
1645526956.605556, 4.551850, -0.242052, -3.002790
1645526956.705663, 4.551850, -0.242052, -3.002790
1645526956.805392, 4.551850, -0.242052, -3.002790
1645526956.905290, 4.551850, -0.242052, -3.002790
1645526957.006358, 4.551850, -0.242052, -3.002790
1645526957.085125, 4.551850, -0.242052, -3.002790
1645526957.205056, 4.551850, -0.242052, -3.002790
1645526957.305025, 4.551850, -0.242052, -3.002790
1645526957.404893, 4.551850, -0.242052, -3.002790
1645526957.504763, 4.551850, -0.242052, -3.002790
1645526957.604679, 4.551850, -0.242052, -3.002790
1645526957.724685, 4.551850, -0.242052, -3.002790
1645526957.805669, 4.551850, -0.242052, -3.002790
1645526957.924599, 4.551850, -0.242052, -3.002790
1645526958.025455, 4.551850, -0.242052, -3.002790
1645526958.084610, 4.551850, -0.242052, -3.002790
1645526958.224303, 4.551850, -0.242052, -3.002790
1645526958.305246, 4.551850, -0.242052, -3.002790
1645526958.404233, 4.551850, -0.242052, -3.002790
1645526958.523930, 4.551850, -0.242052, -3.002790
1645526958.605116, 4.551850, -0.242052, -3.002790
1645526958.703979, 4.551850, -0.242052, -3.002790
1645526958.804945, 4.551850, -0.242052, -3.002790
1645526958.924736, 4.551850, -0.242052, -3.002790
1645526958.984718, 4.551850, -0.242052, -3.002790
1645526959.104649, 4.551850, -0.242052, -3.002790
1645526959.224569, 4.551850, -0.242052, -3.002790
1645526959.304496, 4.551850, -0.242052, -3.002790
1645526959.424544, 4.551850, -0.242052, -3.002790
1645526959.524375, 4.551850, -0.242052, -3.002790
1645526959.624332, 4.551850, -0.242052, -3.002790
1645526959.704156, 4.551850, -0.242052, -3.002790
1645526959.804100, 4.551850, -0.242052, -3.002790
1645526959.924017, 4.551850, -0.242052, -3.002790
1645526959.963980, 4.551850, -0.242052, -3.002790
1645526960.103819, 4.551850, -0.242052, -3.002790
1645526960.204757, 4.551850, -0.242052, -3.002790
1645526960.323709, 4.551850, -0.242052, -3.002790
1645526960.403683, 4.551850, -0.242052, -3.002964
1645526960.503716, 4.545050, -0.243000, -3.002266
1645526960.623516, 4.532525, -0.244882, -2.984638
1645526960.724441, 4.526752, -0.245780, -2.990572
1645526960.783327, 4.524518, -0.246124, -2.983417
1645526960.923270, 4.523887, -0.246225, -2.984813
1645526961.004170, 4.523718, -0.246252, -2.975388
1645526961.083203, 4.523760, -0.246245, -2.976959
1645526961.224009, 4.520354, -0.246817, -2.970676
1645526961.323977, 4.520143, -0.246854, -2.973294
1645526961.402911, 4.520017, -0.246875, -2.970676
1645526961.503910, 4.517203, -0.247366, -2.967709
1645526961.603911, 4.509186, -0.248808, -2.954968
1645526961.703737, 4.505920, -0.249440, -2.927915
1645526961.803843, 4.505836, -0.249456, -2.914476
1645526961.883500, 4.505463, -0.249545, -2.882711
1645526962.023396, 4.505216, -0.249613, -2.873984
1645526962.103606, 4.502504, -0.250365, -2.860371
1645526962.203352, 4.501889, -0.250542, -2.838031
1645526962.323165, 4.501483, -0.250671, -2.809931
1645526962.343261, 4.498705, -0.251170, -2.803093
1645526962.503118, 4.498469, -0.251269, -2.763125
1645526962.623022, 4.498506, -0.251248, -2.723332
1645526962.643219, 4.498584, -0.251214, -2.718968
1645526962.663020, 4.498584, -0.251214, -2.714605
1645526962.762908, 4.498237, -0.251379, -2.669226
1645526962.802891, 4.498313, -0.251339, -2.653344
1645526962.862934, 4.498426, -0.251279, -2.647410
1645526963.002811, 4.496698, -0.252295, -2.587021
1645526963.042753, 4.496119, -0.252655, -2.574455
1645526963.122714, 4.495042, -0.253346, -2.561889
1645526963.202521, 4.491627, -0.251220, -2.532111
1645526963.282495, 4.491595, -0.251249, -2.507501
1645526963.362414, 4.491254, -0.251504, -2.477133
1645526963.402384, 4.491187, -0.251557, -2.455491
1645526963.522295, 4.491027, -0.251698, -2.417792
1645526963.543330, 4.490995, -0.251726, -2.403131
1645526963.622194, 4.490837, -0.251870, -2.369446
1645526963.743213, 4.490688, -0.252023, -2.320053
1645526963.782102, 4.490631, -0.252086, -2.301902
1645526963.942033, 4.490464, -0.252279, -2.257745
1645526964.282729, 4.490464, -0.252279, -2.259141
1645526965.002141, 4.490464, -0.252279, -2.259141
1645526965.841725, 4.490464, -0.252279, -2.259141
1645526966.680960, 4.490464, -0.252279, -2.259141
1645526966.801907, 4.490464, -0.252279, -2.259141
1645526966.901698, 4.495035, -0.251595, -2.260396
1645526966.961620, 4.495035, -0.251595, -2.260396
1645526967.101534, 4.495035, -0.251595, -2.260396
1645526967.221430, 4.495035, -0.251595, -2.260396
1645526967.321439, 4.495035, -0.251595, -2.260396
1645526967.401401, 4.495035, -0.251595, -2.260396
1645526967.501214, 4.495035, -0.251595, -2.260396
1645526967.621198, 4.495035, -0.251595, -2.260396
1645526967.721181, 4.495035, -0.251595, -2.260396
1645526967.821028, 4.495035, -0.251595, -2.260396
1645526967.921002, 4.495035, -0.251595, -2.260396
1645526968.000973, 4.491589, -0.255774, -2.260221
1645526968.101017, 4.487222, -0.261182, -2.234739
1645526968.200760, 4.484193, -0.265093, -2.218508
1645526968.300719, 4.480696, -0.265485, -2.203059
1645526968.420538, 4.478628, -0.268514, -2.151921
1645526968.500557, 4.475754, -0.273003, -2.122774
1645526968.580498, 4.472073, -0.279100, -2.101656
1645526968.700471, 4.463444, -0.294404, -2.063957
1645526968.780583, 4.457825, -0.305036, -2.044933
1645526968.920358, 4.448034, -0.324838, -2.016658
1645526969.000297, 4.442826, -0.335867, -2.004965
1645526969.121218, 4.435312, -0.349444, -1.985367
1645526969.220157, 4.429091, -0.363899, -1.964423
1645526969.321051, 4.423183, -0.378575, -1.938941
1645526969.399971, 4.418649, -0.390448, -1.931785
1645526969.519953, 4.412023, -0.408276, -1.916775
1645526969.640724, 4.405525, -0.426650, -1.900195
1645526969.679748, 4.403539, -0.432506, -1.889897
1645526969.760650, 4.399447, -0.445122, -1.882218
1645526969.920609, 4.391431, -0.469915, -1.882741
1645526970.000552, 4.387470, -0.482215, -1.881345
1645526970.120441, 4.381436, -0.501015, -1.881869
1645526970.200438, 4.377365, -0.513638, -1.883963
1645526970.300307, 4.372333, -0.529177, -1.883614
1645526970.401153, 4.363555, -0.545360, -1.887074
1645526970.499993, 4.358370, -0.561163, -1.888993
1645526970.599968, 4.353130, -0.576993, -1.894055
1645526970.700002, 4.347822, -0.592755, -1.897022
1645526970.800000, 4.342411, -0.608708, -1.899465
1645526970.919746, 4.335920, -0.627807, -1.897895
1645526971.019661, 4.331245, -0.641577, -1.898069
1645526971.099530, 4.326950, -0.654215, -1.899291
1645526971.200526, 4.322435, -0.667454, -1.899291
1645526971.299503, 4.317214, -0.682706, -1.902258
1645526971.400538, 4.312076, -0.697625, -1.903131
1645526971.520210, 4.306034, -0.714984, -1.909937
1645526971.620269, 4.301772, -0.727002, -1.912904
1645526971.720178, 4.297522, -0.738888, -1.918489
1645526971.820092, 4.293598, -0.749577, -1.925994
1645526971.920281, 4.287083, -0.759353, -1.935503
1645526971.979931, 4.284698, -0.765564, -1.940216
1645526972.079841, 4.280797, -0.775578, -1.945103
1645526972.199922, 4.276393, -0.786677, -1.955400
1645526972.319656, 4.269894, -0.802541, -1.963778
1645526972.419537, 4.265183, -0.813976, -1.956098
1645526972.519547, 4.259879, -0.827103, -1.952433
1645526972.599685, 4.256250, -0.836216, -1.945452
1645526972.699517, 4.252350, -0.846138, -1.945975
1645526972.799376, 4.248557, -0.855782, -1.945626
1645526972.899410, 4.244980, -0.864869, -1.944928
1645526973.019400, 4.239002, -0.880115, -1.944928
1645526973.119193, 4.235385, -0.889370, -1.940216
1645526973.219265, 4.230738, -0.901336, -1.941612
1645526973.299130, 4.227186, -0.910479, -1.940739
1645526973.398910, 4.222670, -0.922129, -1.939692
1645526973.518884, 4.217923, -0.934377, -1.940914
1645526973.598732, 4.215099, -0.941652, -1.941088
1645526973.678675, 4.212240, -0.949005, -1.942834
1645526973.818682, 4.205523, -0.965592, -1.947417
1645526973.899577, 4.202520, -0.973071, -1.967663
1645526974.019519, 4.196067, -0.988122, -1.986163
1645526974.119434, 4.189146, -1.003198, -2.022815
1645526974.239427, 4.179912, -1.021465, -2.065226
1645526974.319302, 4.172345, -1.035018, -2.102402
1645526974.419204, 4.156640, -1.050171, -2.147197
1645526974.499094, 4.148940, -1.061694, -2.180707
1645526974.598977, 4.138488, -1.076027, -2.228354
1645526974.699955, 4.127580, -1.089691, -2.270591
1645526974.798840, 4.116049, -1.102947, -2.311083
1645526974.898843, 4.102211, -1.113117, -2.352741
1645526974.998667, 4.089602, -1.125474, -2.385902
1645526975.098601, 4.076496, -1.137494, -2.416794
1645526975.179513, 4.065893, -1.146747, -2.435644
1645526975.318572, 4.046564, -1.162651, -2.480150
1645526975.418421, 4.032349, -1.173478, -2.503014
1645526975.518326, 4.017768, -1.184171, -2.517849
1645526975.578367, 4.008832, -1.190590, -2.519594
1645526975.718246, 3.988368, -1.205007, -2.548567
1645526975.798120, 3.976074, -1.215156, -2.564251
1645526975.898010, 3.967660, -1.220521, -2.583624
1645526976.037977, 3.949308, -1.231374, -2.633191
1645526976.097930, 3.939857, -1.236577, -2.649248
1645526976.198911, 3.923773, -1.244835, -2.693754
1645526976.298745, 3.912371, -1.250151, -2.731453
1645526976.417720, 3.902023, -1.250203, -2.768454
1645526976.518697, 3.900864, -1.250636, -2.799870
1645526976.597602, 3.899777, -1.251013, -2.829366
1645526976.698528, 3.898223, -1.251474, -2.871080
1645526976.798410, 3.896986, -1.251799, -2.906161
1645526976.898409, 3.896030, -1.252021, -2.934959
1645526976.998312, 3.896030, -1.252021, -2.938973
1645526977.098329, 3.896030, -1.252021, -2.939322
1645526977.218175, 3.896030, -1.252021, -2.938973
1645526977.318170, 3.896030, -1.252021, -2.939322
1645526977.498006, 3.896030, -1.252021, -2.939322
1645526977.618004, 3.896030, -1.252021, -2.939322
1645526977.717929, 3.896030, -1.252021, -2.939322
1645526977.817698, 3.896030, -1.252021, -2.939322
1645526977.917771, 3.896030, -1.252021, -2.939322
1645526978.017607, 3.896030, -1.252021, -2.939322
1645526978.117579, 3.896030, -1.252021, -2.939322
1645526978.198529, 3.896030, -1.252021, -2.939322
1645526978.317416, 3.896030, -1.252021, -2.939322
1645526978.397187, 3.896030, -1.252021, -2.939322
1645526978.537226, 3.896030, -1.252021, -2.939322
1645526978.617127, 3.896030, -1.252021, -2.939322
1645526978.697088, 3.896030, -1.252021, -2.939322
1645526978.816982, 3.896030, -1.252021, -2.939322
1645526978.936932, 3.896030, -1.252021, -2.939322
1645526978.997898, 3.896030, -1.252021, -2.939322
1645526979.116780, 3.896030, -1.252021, -2.939322
1645526979.217716, 3.896030, -1.252021, -2.939322
1645526979.337624, 3.896030, -1.252021, -2.939322
1645526979.416584, 3.896030, -1.252021, -2.939322
1645526979.517533, 3.896030, -1.252021, -2.939322
1645526979.596355, 3.896030, -1.252021, -2.939322
1645526979.697291, 3.896030, -1.252021, -2.939322
1645526979.817302, 3.896030, -1.252021, -2.939322
1645526979.917328, 3.896030, -1.252021, -2.939322
1645526980.017161, 3.896030, -1.252021, -2.939322
1645526980.117124, 3.889764, -1.253307, -2.940020
1645526980.196966, 3.884749, -1.254325, -2.943511
1645526980.296947, 3.874876, -1.256277, -2.947525
1645526980.376755, 3.867934, -1.257665, -2.931817
1645526980.437732, 3.862603, -1.258838, -2.916109
1645526980.616589, 3.848786, -1.262120, -2.892024
1645526980.656602, 3.845977, -1.262838, -2.889231
1645526980.676629, 3.844903, -1.263115, -2.888358
1645526980.716579, 3.842509, -1.263737, -2.882599
1645526981.536119, 3.752208, -1.290166, -2.930595
1645526981.695994, 3.752291, -1.290148, -2.928501
1645526982.176651, 3.752291, -1.290148, -2.928675
1645526982.896039, 3.752291, -1.290148, -2.928675
1645526983.976048, 3.752291, -1.290148, -2.928675
1645526984.896364, 3.752291, -1.290148, -2.928675
1645526984.975305, 3.752291, -1.290148, -2.928675
1645526985.114976, 3.752291, -1.290148, -2.928675
1645526985.154912, 3.752291, -1.290148, -2.928675
1645526985.315002, 3.752291, -1.290148, -2.928675
1645526985.435207, 3.752291, -1.290148, -2.928675
1645526985.514842, 3.752291, -1.290148, -2.928675
1645526985.614861, 3.752291, -1.290148, -2.928675
1645526985.715785, 3.752291, -1.290148, -2.928675
1645526985.794754, 3.752291, -1.290148, -2.928675
1645526985.895686, 3.752291, -1.290148, -2.928675
1645526986.015555, 3.752291, -1.290148, -2.928850
1645526986.114401, 3.746205, -1.291463, -2.931119
1645526986.175382, 3.742906, -1.292146, -2.954681
1645526986.254485, 3.736443, -1.293309, -2.973356
1645526986.395347, 3.716199, -1.300758, -3.014864
1645526986.475189, 3.704510, -1.302135, -3.039473
1645526986.575215, 3.689512, -1.303423, -3.079442
1645526986.715108, 3.667484, -1.304294, -3.129358
1645526986.834939, 3.649019, -1.304291, 3.117350
1645526986.894843, 3.637522, -1.305697, 3.084781
1645526986.954923, 3.628286, -1.305110, 3.070818
1645526987.194676, 3.591008, -1.301289, 2.998212
1645526987.314754, 3.572443, -1.298289, 2.952834
1645526987.414577, 3.559275, -1.295637, 2.929446
1645526987.514467, 3.544171, -1.292243, 2.907455
1645526987.614399, 3.532095, -1.289208, 2.878657
1645526987.694364, 3.524381, -1.281242, 2.882221
1645526987.814287, 3.510075, -1.277295, 2.850980
1645526987.915277, 3.498006, -1.273597, 2.834050
1645526988.014202, 3.488828, -1.270655, 2.828290
1645526988.114230, 3.479386, -1.267559, 2.820087
1645526988.214170, 3.471943, -1.265072, 2.817644
1645526988.314161, 3.460824, -1.261215, 2.796176
1645526988.414844, 3.447988, -1.256456, 2.772614
1645526988.513811, 3.437945, -1.252401, 2.732821
1645526988.614831, 3.421895, -1.247317, 2.693830
1645526988.714628, 3.413004, -1.242883, 2.650023
1645526988.814553, 3.401680, -1.236748, 2.637282
1645526988.894579, 3.395529, -1.233243, 2.592078
1645526989.014431, 3.384757, -1.226501, 2.573403
1645526989.094434, 3.379085, -1.222786, 2.540591
1645526989.214248, 3.371351, -1.217327, 2.509000
1645526989.314272, 3.360000, -1.213945, 2.466666
1645526989.394133, 3.355318, -1.210106, 2.436123
1645526989.515036, 3.348741, -1.204283, 2.386032
1645526989.594075, 3.344594, -1.200290, 2.358106
1645526989.693983, 3.339684, -1.195249, 2.318313
1645526989.814009, 3.334343, -1.192455, 2.281271
1645526989.913794, 3.329574, -1.186715, 2.240605
1645526990.013778, 3.325106, -1.180899, 2.200636
1645526990.113680, 3.320806, -1.174799, 2.162763
1645526990.194602, 3.315612, -1.166884, 2.138154
1645526990.253615, 3.311427, -1.160247, 2.123144
1645526990.413323, 3.300484, -1.142244, 2.115639
1645526990.514602, 3.296628, -1.135855, 2.108483
1645526990.593776, 3.295886, -1.134609, 2.116686
1645526990.714275, 3.295554, -1.134062, 2.152465
1645526990.814175, 3.294979, -1.133215, 2.183009
1645526990.914175, 3.294457, -1.132488, 2.225420
1645526991.013987, 3.294109, -1.132056, 2.273068
1645526991.094820, 3.293661, -1.131541, 2.311988
1645526991.213801, 3.293101, -1.130956, 2.367315
1645526991.313728, 3.292964, -1.131010, 2.413889
1645526991.414572, 3.292445, -1.130568, 2.462932
1645526991.513646, 3.291873, -1.130123, 2.508136
1645526991.613586, 3.291419, -1.129805, 2.560147
1645526991.713465, 3.291022, -1.129554, 2.602733
1645526991.833409, 3.296459, -1.133348, 2.665726
1645526991.913310, 3.296040, -1.133137, 2.708138
1645526991.953380, 3.295730, -1.132995, 2.726638
1645526992.093133, 3.294981, -1.132688, 2.795230
1645526992.214122, 3.306781, -1.131103, 2.859651
1645526992.293016, 3.306206, -1.130945, 2.897350
1645526992.414222, 3.305665, -1.130823, 2.956342
1645526992.513080, 3.305076, -1.130725, 3.006957
1645526992.593948, 3.312307, -1.128433, 3.050857
1645526992.713696, 3.311541, -1.128382, 3.111071
1645526992.813674, 3.311157, -1.128382, -3.120801
1645526992.913703, 3.310731, -1.128392, -3.069140
1645526993.013686, 3.308162, -1.129942, -3.016303
1645526993.133451, 3.307572, -1.130033, -2.957835
1645526993.193540, 3.307321, -1.130082, -2.922579
1645526993.293084, 3.306741, -1.130224, -2.874408
1645526993.433195, 3.306172, -1.130402, -2.799708
1645526993.494147, 3.307931, -1.127798, -2.763920
1645526993.593113, 3.307696, -1.127898, -2.714004
1645526993.692936, 3.307233, -1.128117, -2.660422
1645526993.813878, 3.306714, -1.128412, -2.596019
1645526993.912816, 3.296390, -1.127994, -2.545059
1645526994.012703, 3.296144, -1.128165, -2.490780
1645526994.112695, 3.295776, -1.128455, -2.439816
1645526994.212619, 3.295456, -1.128737, -2.385711
1645526994.293579, 3.291711, -1.132152, -2.339076
1645526994.412600, 3.291540, -1.132342, -2.276943
1645526994.513458, 3.291164, -1.132806, -2.222488
1645526994.613444, 3.290965, -1.133083, -2.168034
1645526994.633299, 3.290848, -1.132679, -2.158675
1645526994.813198, 3.290564, -1.133155, -2.063206
1645526994.913118, 3.290390, -1.133497, -2.017129
1645526995.013083, 3.290387, -1.133496, -1.977161
1645526995.112982, 3.290210, -1.133930, -1.939287
1645526995.212903, 3.291046, -1.130354, -1.905486
1645526995.292686, 3.290926, -1.130718, -1.875990
1645526995.394191, 3.290850, -1.130962, -1.840735
1645526995.492720, 3.290808, -1.131128, -1.808272
1645526995.612529, 3.290711, -1.131543, -1.767605
1645526995.732512, 3.290702, -1.131585, -1.773190
1645526995.812455, 3.290702, -1.131585, -1.772667
1645526995.912414, 3.290702, -1.131585, -1.773714
1645526996.012189, 3.290702, -1.131585, -1.773889
1645526996.112171, 3.290702, -1.131585, -1.773714
1645526996.213006, 3.290702, -1.131585, -1.773714
1645526996.311908, 3.290702, -1.131585, -1.773714
1645526996.412900, 3.290702, -1.131585, -1.773714
1645526996.512885, 3.290702, -1.131585, -1.773714
1645526996.612759, 3.290702, -1.131585, -1.773714
1645526996.732638, 3.290702, -1.131585, -1.773714
1645526996.812594, 3.290702, -1.131585, -1.773714
1645526996.912564, 3.290702, -1.131585, -1.773714
1645526997.032471, 3.290702, -1.131585, -1.773714
1645526997.112470, 3.290702, -1.131585, -1.773714
1645526997.232333, 3.290702, -1.131585, -1.773714
1645526997.313255, 3.290702, -1.131585, -1.773714
1645526997.412142, 3.290702, -1.131585, -1.773714
1645526997.492145, 3.290702, -1.131585, -1.773714
1645526997.612041, 3.290702, -1.131585, -1.773714
1645526997.711966, 3.290702, -1.131585, -1.773714
1645526997.792991, 3.290702, -1.131585, -1.773714
1645526997.911749, 3.290702, -1.131585, -1.773714
1645526998.011657, 3.290702, -1.131585, -1.773714
1645526998.112655, 3.290702, -1.131585, -1.773714
1645526998.211560, 3.290702, -1.131585, -1.773714
1645526998.312467, 3.290702, -1.131585, -1.773714
1645526998.371413, 3.290702, -1.131585, -1.773714
1645526998.531258, 3.290702, -1.131585, -1.773714
1645526998.592381, 3.290702, -1.131585, -1.773714
1645526998.632182, 3.290702, -1.131585, -1.773714
1645526998.731086, 3.290702, -1.131585, -1.773714
1645526998.912094, 3.290702, -1.131585, -1.773714
1645526998.931976, 3.290702, -1.131585, -1.773714
1645526999.111934, 3.290702, -1.131585, -1.773714
1645526999.211792, 3.290702, -1.131585, -1.773714
1645526999.231769, 3.290702, -1.131585, -1.773714
1645526999.251933, 3.290702, -1.131585, -1.773714
1645526999.291796, 3.290702, -1.131585, -1.773714
1645527000.051397, 3.290702, -1.131585, -1.773714
1645527000.091430, 3.290702, -1.131585, -1.773714
1645527000.530799, 3.290702, -1.131585, -1.773714
1645527000.930497, 3.290702, -1.131585, -1.773714
1645527001.549886, 3.290702, -1.131585, -1.773714
1645527002.470335, 3.290702, -1.131585, -1.773714
1645527002.590143, 3.290702, -1.131585, -1.773714
1645527002.710307, 3.290702, -1.131585, -1.773714
1645527002.830179, 3.290702, -1.131585, -1.773714
1645527002.910226, 3.290702, -1.131585, -1.773714
1645527003.010146, 3.290702, -1.131585, -1.773714
1645527003.110012, 3.290702, -1.131585, -1.773714
1645527003.211076, 3.290702, -1.131585, -1.773714
1645527003.329827, 3.290702, -1.131585, -1.773714
1645527003.409611, 3.290702, -1.131585, -1.773714
1645527003.509693, 3.290702, -1.131585, -1.773540
1645527003.589835, 3.290668, -1.131752, -1.773540
1645527003.729371, 3.288749, -1.141284, -1.745614
1645527003.809358, 3.287947, -1.145992, -1.724670
1645527003.909244, 3.286420, -1.149829, -1.687910
1645527003.989147, 3.286511, -1.149024, -1.668013
1645527004.109194, 3.286479, -1.149406, -1.626998
1645527004.190323, 3.286474, -1.149577, -1.586681
1645527004.308980, 3.286474, -1.149492, -1.553519
1645527004.408949, 3.286481, -1.149705, -1.501509
1645527004.490142, 3.290247, -1.150064, -1.471074
1645527004.609973, 3.290268, -1.150233, -1.418540
1645527004.709755, 3.290268, -1.150233, -1.373336
1645527004.809917, 3.290233, -1.150066, -1.323419
1645527004.909616, 3.285453, -1.150843, -1.279426
1645527005.009463, 3.285504, -1.151006, -1.240156
1645527005.129398, 3.285551, -1.151125, -1.180989
1645527005.169377, 3.285617, -1.151282, -1.166503
1645527005.329294, 3.280494, -1.153151, -1.096422
1645527005.409285, 3.280900, -1.153901, -1.062039
1645527005.489241, 3.282764, -1.157108, -1.017359
1645527005.609150, 3.285632, -1.161500, -0.963253
1645527005.709020, 3.294342, -1.162615, -0.915211
1645527005.809091, 3.298031, -1.167199, -0.863724
1645527005.888914, 3.301410, -1.171042, -0.825152
1645527005.988835, 3.309350, -1.179201, -0.766509
1645527006.108698, 3.319280, -1.188195, -0.685076
1645527006.188659, 3.329276, -1.196110, -0.643014
1645527006.308568, 3.344650, -1.206861, -0.568139
1645527006.408520, 3.358245, -1.215115, -0.509496
1645527006.508461, 3.372773, -1.224414, -0.453235
1645527006.609849, 3.387298, -1.230995, -0.388833
1645527006.709280, 3.402227, -1.236724, -0.326525
1645527006.808144, 3.425258, -1.245930, -0.265050
1645527006.889192, 3.437748, -1.249066, -0.212864
1645527006.989032, 3.453575, -1.252114, -0.156316
1645527007.089160, 3.469514, -1.254197, -0.092786
1645527007.188821, 3.484001, -1.259193, -0.026830
1645527007.288870, 3.500289, -1.259267, 0.029545
1645527007.408570, 3.520079, -1.258077, 0.101452
1645527007.508526, 3.533751, -1.258555, 0.167810
1645527007.608508, 3.548203, -1.255802, 0.211967
1645527007.728357, 3.556358, -1.253969, 0.231689
1645527007.808437, 3.565843, -1.251645, 0.264152
1645527007.908361, 3.579206, -1.247663, 0.315814
1645527008.008205, 3.593014, -1.241478, 0.374420
1645527008.108182, 3.608272, -1.235081, 0.429223
1645527008.228099, 3.626182, -1.226189, 0.504098
1645527008.309050, 3.637826, -1.219493, 0.553316
1645527008.387954, 3.649150, -1.212267, 0.592411
1645527008.468925, 3.660250, -1.204552, 0.637092
1645527008.607870, 3.678837, -1.189974, 0.702018
1645527008.707714, 3.689063, -1.180849, 0.749413
1645527008.827589, 3.701974, -1.167516, 0.798215
1645527008.907430, 3.711392, -1.157640, 0.827711
1645527008.988420, 3.720468, -1.147507, 0.860523
1645527009.108306, 3.733598, -1.131694, 0.905029
1645527009.207387, 3.744043, -1.118046, 0.935572
1645527009.308188, 3.754138, -1.103980, 0.967686
1645527009.408139, 3.756522, -1.091024, 0.995899
1645527009.507935, 3.765841, -1.076331, 1.018937
1645527009.608021, 3.774638, -1.061717, 1.045117
1645527009.707980, 3.783287, -1.046472, 1.067981
1645527009.807759, 3.791596, -1.031088, 1.087703
1645527009.907845, 3.799042, -1.016599, 1.111091
1645527010.007586, 3.802227, -1.010039, 1.129416
1645527010.087734, 3.801639, -1.007193, 1.152921
1645527010.187692, 3.802222, -1.005773, 1.197427
1645527010.307586, 3.802909, -1.003935, 1.229541
1645527010.407463, 3.804442, -0.999367, 1.264623
1645527010.528439, 3.805024, -0.997494, 1.289057
1645527010.607264, 3.805344, -0.996343, 1.316284
1645527010.688236, 3.805570, -0.995433, 1.344733
1645527010.827144, 3.808799, -0.997438, 1.395845
1645527010.927172, 3.809075, -0.995755, 1.426214
1645527011.007906, 3.809211, -0.994741, 1.460771
1645527011.106868, 3.809327, -0.993509, 1.502659
1645527011.206853, 3.809414, -0.991849, 1.537042
1645527011.306633, 3.809434, -0.990783, 1.573694
1645527011.387661, 3.807186, -0.989634, 1.601762
1645527011.507529, 3.807097, -0.987803, 1.647315
1645527011.606472, 3.806990, -0.986657, 1.697057
1645527011.687415, 3.806825, -0.985517, 1.742261
1645527011.807368, 3.811131, -0.983674, 1.807998
1645527011.887382, 3.810831, -0.982518, 1.849711
1645527012.007325, 3.810404, -0.981177, 1.917779
1645527012.127228, 3.809892, -0.979866, 1.984450
1645527012.227081, 3.814259, -0.982109, 2.037605
1645527012.287033, 3.813986, -0.981579, 2.073035
1645527012.407018, 3.813148, -0.980142, 2.135168
1645527012.506835, 3.812578, -0.979292, 2.192241
1645527012.626784, 3.818590, -0.977879, 2.261068
1645527012.706777, 3.818009, -0.977197, 2.303829
1645527012.806641, 3.817249, -0.976390, 2.361250
1645527012.906671, 3.818291, -0.976273, 2.417070
1645527013.006509, 3.817574, -0.975667, 2.472223
1645527013.106416, 3.816623, -0.974946, 2.522314
1645527013.166366, 3.816273, -0.974701, 2.550064
1645527013.326224, 3.815471, -0.977628, 2.622218
1645527013.426133, 3.814649, -0.977175, 2.666549
1645527013.526171, 3.813692, -0.976704, 2.702154
1645527013.586137, 3.813150, -0.976454, 2.726240
1645527013.705911, 3.812322, -0.976114, 2.771095
1645527013.805847, 3.811323, -0.975741, 2.810190
1645527013.926795, 3.812137, -0.978211, 2.855823
1645527014.005764, 3.811398, -0.978004, 2.883749
1645527014.125585, 3.810322, -0.977737, 2.927033
1645527014.226660, 3.809485, -0.977570, 2.968048
1645527014.325459, 3.808475, -0.977406, 3.005049
1645527014.386439, 3.807938, -0.975475, 3.024698
1645527014.506286, 3.806793, -0.975362, 3.072695
1645527014.606308, 3.805856, -0.975312, 3.109521
1645527014.686259, 3.805301, -0.975303, -3.132300
1645527014.826149, 3.804364, -0.975338, -3.069817
1645527014.886085, 3.807483, -0.974063, -3.040437
1645527015.006142, 3.806427, -0.974206, -2.963293
1645527015.105983, 3.805801, -0.974337, -2.912155
1645527015.206021, 3.807312, -0.977665, -2.850390
1645527015.305768, 3.806663, -0.977874, -2.795587
1645527015.385742, 3.806146, -0.978074, -2.745321
1645527015.505538, 3.805254, -0.978482, -2.673763
1645527015.605563, 3.810779, -0.973816, -2.621486
1645527015.725406, 3.809908, -0.974353, -2.548356
1645527015.786525, 3.809663, -0.974524, -2.509086
1645527015.905381, 3.808920, -0.975097, -2.444684
1645527016.025325, 3.808625, -0.974679, -2.373361
1645527016.106283, 3.808263, -0.975040, -2.324666
1645527016.205096, 3.807863, -0.975484, -2.270561
1645527016.304996, 3.807438, -0.976017, -2.208777
1645527016.345063, 3.807286, -0.976223, -2.186960
1645527016.405082, 3.813133, -0.976810, -2.153002
1645527016.585975, 3.812632, -0.977652, -2.041650
1645527016.645799, 3.812442, -0.978034, -2.008314
1645527016.664899, 3.812352, -0.978228, -1.997668
1645527016.684791, 3.812281, -0.978383, -1.987196
1645527016.724811, 3.812180, -0.978618, -1.965205
1645527016.805669, 3.812040, -0.978975, -1.915987
1645527016.884753, 3.811875, -0.979459, -1.869212
1645527016.925671, 3.811814, -0.979664, -1.842857
1645527016.965598, 3.811735, -0.979952, -1.819819
1645527017.004481, 3.811674, -0.980200, -1.795908
1645527017.245416, 3.811589, -0.980618, -1.704104
1645527017.285517, 3.813625, -0.980514, -1.709185
1645527017.685344, 3.813625, -0.980514, -1.707788
1645527017.964861, 3.813625, -0.980514, -1.708138
1645527018.784105, 3.813625, -0.980514, -1.708138
1645527019.563682, 3.813625, -0.980514, -1.708138
1645527020.663779, 3.813625, -0.980514, -1.708138
1645527020.823931, 3.813625, -0.980514, -1.708138
1645527020.923621, 3.813625, -0.980514, -1.708138
1645527021.023529, 3.813625, -0.980514, -1.708138
1645527021.103279, 3.813625, -0.980514, -1.708138
1645527021.183326, 3.813625, -0.980514, -1.708138
1645527021.303141, 3.813625, -0.980514, -1.708138
1645527021.323266, 3.813625, -0.980514, -1.708138
1645527021.603002, 3.813625, -0.980514, -1.708138
1645527021.704105, 3.813625, -0.980514, -1.708138
1645527021.782986, 3.813625, -0.980514, -1.708138
1645527021.922846, 3.813094, -0.984358, -1.708138
1645527021.982803, 3.812589, -0.988033, -1.700633
1645527022.122781, 3.811590, -0.996718, -1.663457
1645527022.222621, 3.813510, -0.991551, -1.645817
1645527022.322550, 3.813511, -0.991551, -1.607943
1645527022.403417, 3.813514, -0.991295, -1.582811
1645527022.503366, 3.813508, -0.991722, -1.556107
1645527022.622221, 3.813529, -0.992233, -1.506714
1645527022.683197, 3.813514, -0.992020, -1.487865
1645527022.803134, 3.813951, -0.994182, -1.432332
1645527022.903055, 3.813950, -0.994182, -1.399869
1645527023.002937, 3.813990, -0.994391, -1.349080
1645527023.102890, 3.813979, -0.994350, -1.312603
1645527023.222867, 3.814855, -0.993795, -1.259389
1645527023.282646, 3.814896, -0.993916, -1.230940
1645527023.402694, 3.814927, -0.993996, -1.179976
1645527023.502641, 3.814996, -0.994152, -1.130409
1645527023.602609, 3.815091, -0.994343, -1.085728
1645527023.702477, 3.818137, -0.993433, -1.041838
1645527023.802395, 3.818179, -0.993507, -0.999078
1645527023.923344, 3.818350, -0.993752, -0.942529
1645527024.022309, 3.818377, -0.993785, -0.897150
1645527024.102199, 3.823861, -0.994708, -0.858473
1645527024.222080, 3.827160, -0.998336, -0.795292
1645527024.322006, 3.831265, -1.002310, -0.747644
1645527024.422071, 3.837682, -1.008056, -0.685336
1645527024.521893, 3.848760, -1.011993, -0.633631
1645527024.601830, 3.857500, -1.018170, -0.579875
1645527024.701731, 3.869311, -1.025501, -0.524897
1645527024.801600, 3.883028, -1.032942, -0.459621
1645527024.921637, 3.898481, -1.041604, -0.386713
1645527025.021556, 3.913183, -1.047209, -0.328244
1645527025.121629, 3.928418, -1.051920, -0.265936
1645527025.222405, 3.944062, -1.055797, -0.204849
1645527025.281527, 3.947686, -1.057607, -0.169993
1645527025.422285, 3.970072, -1.060690, -0.096166
1645527025.502172, 3.982992, -1.061755, -0.059863
1645527025.602182, 3.999184, -1.062378, -0.013088
1645527025.702074, 4.015558, -1.062325, 0.028974
1645527025.921866, 4.049046, -1.058783, 0.116865
1645527025.981866, 4.058778, -1.057566, 0.138507
1645527026.101714, 4.078527, -1.054410, 0.180220
1645527026.221607, 4.098154, -1.050563, 0.212858
1645527026.322749, 4.113237, -1.051208, 0.240148
1645527026.401579, 4.126388, -1.047895, 0.256379
1645527026.461538, 4.136030, -1.045325, 0.268422
1645527026.621379, 4.161759, -1.037744, 0.305423
1645527026.661407, 4.168343, -1.035651, 0.313103
1645527026.821112, 4.193990, -1.027092, 0.335094
1645527026.881117, 4.203646, -1.023699, 0.343995
1645527027.021115, 4.225245, -1.015711, 0.363368
1645527027.122001, 4.241200, -1.009558, 0.377331
1645527027.200875, 4.253830, -1.004503, 0.385359
1645527027.300888, 4.269765, -0.997951, 0.398973
1645527027.400865, 4.285524, -0.991203, 0.412237
1645527027.500687, 4.300211, -0.984683, 0.424428
1645527027.601591, 4.316008, -0.977491, 0.430013
1645527027.700579, 4.331774, -0.970231, 0.437867
1645527027.801514, 4.347481, -0.962747, 0.452702
1645527027.880538, 4.359967, -0.956633, 0.459683
1645527028.000678, 4.378806, -0.947204, 0.469283
1645527028.101299, 4.394448, -0.939201, 0.479929
1645527028.200480, 4.409839, -0.931086, 0.491972
1645527028.320292, 4.428185, -0.921082, 0.510472
1645527028.401161, 4.440507, -0.914108, 0.522166
1645527028.521055, 4.458825, -0.903447, 0.531067
1645527028.620964, 4.474175, -0.894382, 0.536827
1645527028.720909, 4.489482, -0.885248, 0.538223
1645527028.820864, 4.504567, -0.876238, 0.538398
1645527028.920616, 4.522326, -0.865562, 0.538544
1645527029.020612, 4.537555, -0.856463, 0.538893
1645527029.100692, 4.549812, -0.849122, 0.540464
1645527029.200583, 4.565131, -0.839925, 0.540464
1645527029.320538, 4.583530, -0.828896, 0.539242
1645527029.400479, 4.595901, -0.821498, 0.538369
1645527029.480478, 4.607984, -0.814283, 0.540115
1645527029.700094, 4.641885, -0.793699, 0.547096
1645527029.800012, 4.656259, -0.784915, 0.547445
1645527029.880073, 4.668518, -0.777497, 0.543780
1645527030.019952, 4.687480, -0.765836, 0.555124
1645527030.099955, 4.697813, -0.759436, 0.554426
1645527030.219809, 4.712522, -0.750302, 0.554252
1645527030.320633, 4.726309, -0.745077, 0.552598
1645527030.399676, 4.735022, -0.739706, 0.552947
1645527030.520600, 4.748470, -0.731372, 0.553645
1645527030.620547, 4.758236, -0.725352, 0.549980
1645527030.720534, 4.767768, -0.719523, 0.549805
1645527030.780462, 4.773655, -0.715908, 0.550678
1645527030.920282, 4.787010, -0.707747, 0.546140
1645527031.101147, 4.804633, -0.697083, 0.541427
1645527031.220011, 4.816198, -0.690165, 0.536541
1645527031.320047, 4.825552, -0.684620, 0.533224
1645527031.399988, 4.832828, -0.680335, 0.529036
1645527031.499903, 4.841761, -0.675167, 0.519785
1645527031.599878, 4.851020, -0.669880, 0.518738
1645527031.699849, 4.860315, -0.664571, 0.519087
1645527031.799701, 4.869466, -0.659355, 0.517342
1645527031.900617, 4.878469, -0.654223, 0.517691
1645527032.019343, 4.889337, -0.648057, 0.515771
1645527032.139243, 4.900207, -0.641894, 0.515248
1645527032.200246, 4.905701, -0.638787, 0.513153
1645527032.319305, 4.916292, -0.632824, 0.512979
1645527032.400207, 4.923991, -0.628507, 0.507219
1645527032.520195, 4.934845, -0.622490, 0.511408
1645527032.580110, 4.940641, -0.619224, 0.514724
1645527032.700022, 4.950554, -0.616846, 0.508415
1645527032.818965, 4.957086, -0.613148, 0.522902
1645527032.939825, 4.962631, -0.609958, 0.530406
1645527033.019796, 4.969319, -0.605937, 0.554492
1645527033.119904, 4.977881, -0.600648, 0.545591
1645527033.219603, 4.984129, -0.596887, 0.544020
1645527033.299460, 4.984822, -0.596467, 0.548209
1645527033.379439, 4.984786, -0.596489, 0.537562
1645527033.519469, 4.984785, -0.596489, 0.538086
1645527033.619271, 4.985520, -0.596056, 0.533897
1645527033.719248, 4.990517, -0.593111, 0.524996
1645527033.800153, 4.993814, -0.591232, 0.496023
1645527033.919078, 4.994566, -0.590828, 0.472985
1645527034.038861, 4.994490, -0.590866, 0.441046
1645527034.119811, 4.994799, -0.590723, 0.420800
1645527034.218749, 4.994682, -0.590775, 0.402648
1645527034.318734, 4.994762, -0.590744, 0.378388
1645527034.358603, 4.994762, -0.590744, 0.368440
1645527034.578538, 4.994841, -0.590713, 0.301070
1645527034.659438, 4.995005, -0.590665, 0.262498
1645527034.678381, 4.995046, -0.590654, 0.258135
1645527034.718352, 4.994964, -0.590676, 0.254644
1645527034.759373, 4.994881, -0.590697, 0.245394
1645527035.218996, 4.995047, -0.590657, 0.134740
1645527035.259229, 4.995047, -0.590657, 0.134740
1645527035.598734, 4.995047, -0.590657, 0.134740
1645527035.998357, 4.995047, -0.590657, 0.134740
1645527036.298254, 4.995047, -0.590657, 0.134740
1645527037.117533, 4.990709, -0.587856, 0.139451
1645527038.217714, 4.990709, -0.587856, 0.139451
1645527038.917237, 4.990709, -0.587856, 0.139451
1645527039.017130, 4.990709, -0.587856, 0.139451
1645527039.117191, 4.990709, -0.587856, 0.139451
1645527039.218114, 4.990709, -0.587856, 0.139451
1645527039.317007, 4.990709, -0.587856, 0.139451
1645527039.398054, 4.990709, -0.587856, 0.139451
1645527039.496879, 4.990709, -0.587856, 0.139451
1645527039.616812, 4.990709, -0.587856, 0.139451
1645527039.737689, 4.990709, -0.587856, 0.139451
1645527039.796661, 4.990709, -0.587856, 0.139451
1645527039.897591, 4.992778, -0.587565, 0.139451
1645527040.017488, 4.998480, -0.586769, 0.123918
1645527040.097411, 4.998988, -0.586707, 0.114319
1645527040.237353, 4.998818, -0.586726, 0.108036
1645527040.297237, 4.998861, -0.586722, 0.088139
1645527040.417235, 4.999201, -0.586700, 0.056199
1645527040.497205, 4.999201, -0.586699, 0.028099
1645527040.597262, 4.998988, -0.586700, -0.010298
1645527040.696942, 4.998860, -0.591177, -0.053825
1645527040.817944, 4.998945, -0.591186, -0.103043
1645527040.916831, 4.998818, -0.591171, -0.143360
1645527041.016720, 4.998944, -0.591194, -0.188390
1645527041.116613, 4.998693, -0.591144, -0.227310
1645527041.216608, 5.001368, -0.597538, -0.275619
1645527041.316504, 5.001124, -0.597462, -0.318554
1645527041.416460, 5.001245, -0.597502, -0.363060
1645527041.516323, 5.001165, -0.597473, -0.404948
1645527041.596224, 5.000246, -0.600993, -0.444625
1645527041.696134, 5.000169, -0.600956, -0.487560
1645527041.797157, 5.000096, -0.600913, -0.536953
1645527041.916131, 5.000131, -0.600937, -0.587393
1645527041.996986, 4.999922, -0.600789, -0.626488
1645527042.116952, 5.003543, -0.603365, -0.683249
1645527042.215852, 5.003085, -0.602982, -0.728977
1645527042.316920, 5.002964, -0.602862, -0.783955
1645527042.416642, 5.003231, -0.603137, -0.825319
1645527042.516636, 5.004058, -0.605328, -0.872631
1645527042.616592, 5.004139, -0.605427, -0.920976
1645527042.716583, 5.004161, -0.605464, -0.969846
1645527042.816532, 5.004090, -0.605358, -1.015224
1645527042.916408, 5.004133, -0.605431, -1.063221
1645527043.016308, 5.002300, -0.609214, -1.108989
1645527043.096081, 5.002282, -0.609175, -1.150004
1645527043.216127, 5.002311, -0.609256, -1.209346
1645527043.315919, 5.002265, -0.609136, -1.255248
1645527043.415865, 4.996165, -0.613568, -1.305895
1645527043.516726, 4.996518, -0.615062, -1.355288
1645527043.615741, 4.997338, -0.619290, -1.406950
1645527043.715702, 4.998069, -0.624397, -1.460880
1645527043.815575, 5.006997, -0.628607, -1.513480
1645527043.895478, 5.007140, -0.631674, -1.560953
1645527044.015513, 5.007097, -0.633209, -1.622564
1645527044.075422, 5.006880, -0.636699, -1.652409
1645527044.275284, 5.008863, -0.659081, -1.776047
1645527044.415193, 5.003834, -0.679401, -1.858601
1645527044.516132, 4.998890, -0.694652, -1.922481
1645527044.595020, 4.999215, -0.707798, -1.968972
1645527044.695976, 4.992685, -0.722300, -2.031455
1645527044.836012, 4.982011, -0.741924, -2.117500
1645527044.895740, 4.976844, -0.750211, -2.151359
1645527044.935852, 4.976919, -0.756724, -2.178441
1645527045.095829, 4.961137, -0.777393, -2.275831
1645527045.215678, 4.950254, -0.792103, -2.355537
1645527045.315615, 4.938664, -0.803055, -2.425874
1645527045.415497, 4.926008, -0.813511, -2.487135
1645527045.515359, 4.917778, -0.822630, -2.554796
1645527045.615332, 4.903784, -0.831454, -2.616232
1645527045.715346, 4.889301, -0.839455, -2.665974
1645527045.815241, 4.874236, -0.846793, -2.717635
1645527045.916168, 4.858916, -0.853373, -2.765457
1645527045.995207, 4.856271, -0.854277, -2.805372
1645527046.115027, 4.836932, -0.860581, -2.857383
1645527046.214959, 4.820899, -0.864999, -2.894908
1645527046.314808, 4.804208, -0.868910, -2.929640
1645527046.414789, 4.787368, -0.872338, -2.958961
1645527046.514716, 4.770563, -0.875265, -2.981999
1645527046.614624, 4.752605, -0.876103, -3.006669
1645527046.715576, 4.735347, -0.878319, -3.023075
1645527046.814512, 4.718530, -0.880270, -3.032849
1645527046.934510, 4.697865, -0.882345, -3.053618
1645527047.014377, 4.684097, -0.883502, -3.063741
1645527047.114293, 4.666569, -0.884715, -3.081543
1645527047.235265, 4.645493, -0.885907, -3.093062
1645527047.294203, 4.635141, -0.886387, -3.099695
1645527047.395102, 4.617582, -0.887023, -3.110341
1645527047.494993, 4.599892, -0.887540, -3.114705
1645527047.614927, 4.578703, -0.888040, -3.125700
1645527047.714784, 4.561048, -0.888244, -3.133554
1645527047.834816, 4.540569, -0.889365, -3.139390
1645527047.894830, 4.529907, -0.889380, 3.141526
1645527048.014602, 4.508584, -0.889341, 3.136640
1645527048.114591, 4.490630, -0.889226, 3.132974
1645527048.214393, 4.472720, -0.889038, 3.128436
1645527048.295452, 4.458265, -0.888827, 3.124597
1645527048.414272, 4.436903, -0.888441, 3.121630
1645527048.514264, 4.418867, -0.888050, 3.116568
1645527048.634229, 4.397296, -0.887467, 3.111507
1645527048.734234, 4.379265, -0.886923, 3.112030
1645527048.794003, 4.368438, -0.886596, 3.109936
1645527048.894146, 4.349987, -0.887535, 3.108541
1645527048.994912, 4.331872, -0.886930, 3.106970
1645527049.114697, 4.310179, -0.886158, 3.106097
1645527049.213663, 4.292109, -0.885518, 3.105050
1645527049.314528, 4.273996, -0.884858, 3.106272
1645527049.414513, 4.255755, -0.884223, 3.108366
1645527049.513521, 4.237597, -0.883636, 3.109588
1645527049.614403, 4.219481, -0.883070, 3.111508
1645527049.734215, 4.197613, -0.882438, 3.114649
1645527049.774301, 4.190238, -0.882240, 3.114649
1645527049.914176, 4.164744, -0.881559, 3.116220
1645527049.994151, 4.149994, -0.881186, 3.116220
1645527050.114010, 4.127366, -0.880970, 3.118587
1645527050.193974, 4.112828, -0.880645, 3.120158
1645527050.313816, 4.090827, -0.880191, 3.121554
1645527050.413813, 4.072450, -0.879825, 3.121904
1645527050.453879, 4.065031, -0.879679, 3.121904
1645527050.613662, 4.035568, -0.879118, 3.123474
1645527050.713512, 4.016977, -0.878792, 3.125045
1645527050.813456, 3.998642, -0.878498, 3.125918
1645527050.893450, 3.983632, -0.878267, 3.126267
1645527051.014270, 3.961373, -0.877927, 3.126616
1645527051.113293, 3.944351, -0.877988, 3.128880
1645527051.213104, 3.925844, -0.877737, 3.125390
1645527051.313022, 3.907126, -0.877400, 3.121550
1645527051.432920, 3.884698, -0.876949, 3.121725
1645527051.493906, 3.873527, -0.876722, 3.119979
1645527051.612846, 3.851229, -0.876221, 3.117885
1645527051.713818, 3.832513, -0.875753, 3.114743
1645527051.813730, 3.813757, -0.875225, 3.111078
1645527051.913561, 3.794959, -0.874631, 3.108111
1645527051.993548, 3.780127, -0.874125, 3.106017
1645527052.133426, 3.753747, -0.873136, 3.101304
1645527052.233332, 3.735127, -0.872368, 3.098686
1645527052.293319, 3.722369, -0.868784, 3.098554
1645527052.413116, 3.699999, -0.867863, 3.102569
1645527052.513048, 3.681036, -0.867127, 3.101172
1645527052.633002, 3.659220, -0.866212, 3.097507
1645527052.693184, 3.648612, -0.865742, 3.097333
1645527052.792823, 3.632209, -0.865027, 3.103441
1645527052.913727, 3.616522, -0.864564, 3.132239
1645527052.992653, 3.611703, -0.864533, -3.132969
1645527053.132654, 3.607656, -0.864686, -3.074501
1645527053.212507, 3.603066, -0.865071, -3.034707
1645527053.312335, 3.594489, -0.864443, -2.977088
1645527053.413330, 3.579519, -0.867423, -2.902388
1645527053.492243, 3.566859, -0.870756, -2.852646
1645527053.632118, 3.547470, -0.880378, -2.755011
1645527053.713020, 3.535083, -0.885684, -2.698812
1645527053.812833, 3.520104, -0.893288, -2.631093
1645527053.912861, 3.509865, -0.905830, -2.558854
1645527054.012709, 3.496086, -0.915441, -2.492357
1645527054.072775, 3.488049, -0.921777, -2.444709
1645527054.312562, 3.455732, -0.947990, -2.285138
1645527054.412486, 3.444824, -0.961322, -2.218118
1645527054.513383, 3.433825, -0.973619, -2.153830
1645527054.612363, 3.424666, -0.988210, -2.098853
1645527054.712248, 3.416284, -1.003357, -2.046842
1645527054.792307, 3.410091, -1.015756, -2.011412
1645527054.912129, 3.403170, -1.031345, -1.949801
1645527055.012085, 3.401206, -1.032172, -1.916555
1645527055.111993, 3.401148, -1.032333, -1.916032
1645527055.212070, 3.401148, -1.032333, -1.913763
1645527055.251981, 3.401148, -1.032333, -1.913239
1645527055.431845, 3.401120, -1.032413, -1.912715
1645527055.512641, 3.401120, -1.032413, -1.912715
1645527055.611611, 3.401120, -1.032413, -1.912890
1645527055.711515, 3.401120, -1.032413, -1.912715
1645527055.812460, 3.401120, -1.032413, -1.912715
1645527055.912394, 3.401120, -1.032413, -1.912715
1645527056.012394, 3.401120, -1.032413, -1.912715
1645527056.112304, 3.399161, -1.037917, -1.914286
1645527056.232278, 3.396224, -1.045970, -1.930692
1645527056.272193, 3.394628, -1.050199, -1.934358
1645527056.413064, 3.391054, -1.059517, -1.931914
1645527056.511989, 3.388545, -1.066045, -1.949716
1645527056.611895, 3.387277, -1.069212, -1.951636
1645527056.711894, 3.385497, -1.073553, -1.969264
1645527056.811857, 3.382245, -1.081206, -1.971184
1645527056.931794, 3.380135, -1.086287, -1.955301
1645527056.971835, 3.379990, -1.086642, -1.961061
1645527057.091512, 3.378645, -1.089916, -1.955127
1645527057.212386, 3.375529, -1.097901, -1.929820
1645527057.311303, 3.374639, -1.100300, -1.914461
1645527057.431245, 3.374696, -1.100140, -1.887583
1645527057.511292, 3.374814, -1.099774, -1.866639
1645527057.611119, 3.374827, -1.099734, -1.833477
1645527057.711130, 3.374816, -1.099775, -1.806425
1645527057.831146, 3.374787, -1.099900, -1.785306
1645527057.892016, 3.374788, -1.099900, -1.768377
1645527058.031852, 3.374708, -1.100318, -1.734866
1645527058.090871, 3.375569, -1.099860, -1.723899
1645527058.211683, 3.375569, -1.099860, -1.688992
1645527058.310527, 3.375542, -1.100114, -1.664383
1645527058.371542, 3.375542, -1.100114, -1.652689
1645527058.491593, 3.375538, -1.100157, -1.621273
1645527058.611404, 3.375527, -1.100455, -1.589857
1645527058.631402, 3.375527, -1.100455, -1.585320
1645527058.671410, 3.375526, -1.100498, -1.575895
1645527058.691519, 3.375526, -1.100540, -1.571706
1645527058.711373, 3.375526, -1.100626, -1.566645
1645527059.191027, 3.375607, -1.101474, -1.421084
1645527059.310964, 3.375602, -1.101475, -1.365583
1645527059.570861, 3.378197, -1.101830, -1.363922
1645527059.990619, 3.378197, -1.101830, -1.364271
1645527060.130435, 3.378197, -1.101830, -1.364271
1645527060.590062, 3.378197, -1.101830, -1.364271
1645527061.749950, 3.378197, -1.101830, -1.364271
1645527062.889102, 3.378197, -1.101830, -1.364271
1645527063.029151, 3.378197, -1.101830, -1.364271
1645527063.069164, 3.378197, -1.101830, -1.364271
1645527063.130060, 3.378197, -1.101830, -1.364271
1645527063.308889, 3.379534, -1.108217, -1.368286
1645527063.408935, 3.380728, -1.114501, -1.397956
1645527063.528755, 3.381288, -1.117866, -1.424136
1645527063.608700, 3.381227, -1.117444, -1.451538
1645527063.708465, 3.381212, -1.117317, -1.485572
1645527063.808929, 3.381221, -1.117487, -1.516464
1645527063.909456, 3.381215, -1.117402, -1.560097
1645527064.008300, 3.381215, -1.117445, -1.597622
1645527064.109379, 3.379185, -1.114698, -1.644750
1645527064.208390, 3.379229, -1.114189, -1.681751
1645527064.309162, 3.379225, -1.114188, -1.723814
1645527064.409095, 3.379262, -1.113978, -1.769716
1645527064.528982, 3.379242, -1.114061, -1.821028
1645527064.628936, 3.379251, -1.114019, -1.866407
1645527064.728803, 3.380363, -1.113540, -1.913885
1645527064.828775, 3.380363, -1.113540, -1.956471
1645527064.928813, 3.380367, -1.113542, -2.003421
1645527065.029672, 3.382277, -1.113607, -2.052110
1645527065.128352, 3.382299, -1.113571, -2.095918
1645527065.228515, 3.382299, -1.113571, -2.143391
1645527065.308531, 3.382393, -1.113428, -2.177425
1645527065.408529, 3.382345, -1.113499, -2.227341
1645527065.509237, 3.383143, -1.113213, -2.279414
1645527065.608194, 3.383011, -1.113382, -2.326538
1645527065.708017, 3.382958, -1.113449, -2.376629
1645527065.829026, 3.382740, -1.113653, -2.433178
1645527065.907880, 3.380403, -1.113715, -2.467992
1645527065.967957, 3.380437, -1.113689, -2.495743
1645527066.107940, 3.380297, -1.113787, -2.563636
1645527066.207826, 3.380332, -1.113762, -2.615298
1645527066.287647, 3.380184, -1.113847, -2.650728
1645527066.427634, 3.380221, -1.113826, -2.667135
1645527066.508736, 3.380221, -1.113826, -2.667309
1645527066.587543, 3.380221, -1.113826, -2.667309
1645527066.707416, 3.380221, -1.113826, -2.667309
1645527066.788371, 3.380221, -1.113826, -2.667309
1645527066.928367, 3.380221, -1.113826, -2.667309
1645527067.028240, 3.380221, -1.113826, -2.667309
1645527067.128127, 3.380221, -1.113826, -2.667309
1645527067.208168, 3.380221, -1.113826, -2.667309
1645527067.308098, 3.380221, -1.113826, -2.667309
1645527067.428726, 3.380221, -1.113826, -2.667309
1645527067.508095, 3.380221, -1.113826, -2.667309
1645527067.607753, 3.380221, -1.113826, -2.667309
1645527067.727698, 3.380221, -1.113826, -2.667309
1645527067.827503, 3.380221, -1.113826, -2.667309
1645527067.908517, 3.380221, -1.113826, -2.667309
1645527068.007442, 3.380221, -1.113826, -2.667309
1645527068.107396, 3.380221, -1.113826, -2.667309
1645527068.207303, 3.380221, -1.113826, -2.667309
1645527068.327402, 3.380221, -1.113826, -2.667309
1645527068.407191, 3.380221, -1.113826, -2.667309
1645527068.528011, 3.380221, -1.113826, -2.667309
1645527068.608042, 3.380221, -1.113826, -2.667309
1645527068.727888, 3.380221, -1.113826, -2.667309
1645527068.826768, 3.380221, -1.113826, -2.667309
1645527068.927911, 3.380221, -1.113826, -2.667309
1645527068.986615, 3.380221, -1.113826, -2.667309
1645527069.207565, 3.380221, -1.113826, -2.667309
1645527069.327513, 3.380221, -1.113826, -2.667309
1645527069.407378, 3.380221, -1.113826, -2.667309
1645527069.507313, 3.380221, -1.113826, -2.667309
1645527069.627228, 3.380221, -1.113826, -2.667309
1645527069.687170, 3.380221, -1.113826, -2.667309
1645527069.767143, 3.380221, -1.113826, -2.667309
1645527069.907042, 3.380221, -1.113826, -2.667309
1645527070.006988, 3.380221, -1.113826, -2.667309
1645527070.106862, 3.380221, -1.113826, -2.667309
1645527070.206784, 3.380221, -1.113826, -2.667309
1645527070.306746, 3.380221, -1.113826, -2.667309
1645527070.406808, 3.380221, -1.113826, -2.667309
1645527070.506624, 3.380221, -1.113826, -2.667309
1645527070.626483, 3.380221, -1.113826, -2.667309
1645527070.726429, 3.380221, -1.113826, -2.667309
1645527070.767358, 3.380221, -1.113826, -2.667309
1645527070.906363, 3.380221, -1.113826, -2.667309
1645527071.026187, 3.380221, -1.113826, -2.667309
1645527071.127057, 3.380221, -1.113826, -2.667309
1645527071.206206, 3.380221, -1.113826, -2.667309
1645527071.325962, 3.380221, -1.113826, -2.667309
1645527071.406874, 3.380221, -1.113826, -2.667309
1645527071.505832, 3.380221, -1.113826, -2.667309
1645527071.626704, 3.380221, -1.113826, -2.667309
1645527071.726599, 3.380221, -1.113826, -2.667309
1645527071.806570, 3.380221, -1.113826, -2.667309
1645527071.906535, 3.380221, -1.113826, -2.667309
1645527071.986455, 3.380221, -1.113826, -2.667309
1645527072.106387, 3.380221, -1.113826, -2.667309
1645527072.206392, 3.380221, -1.113826, -2.667309
1645527072.306240, 3.380221, -1.113826, -2.667309
1645527072.386113, 3.380221, -1.113826, -2.667309
1645527072.506057, 3.380221, -1.113826, -2.667309
1645527072.606047, 3.380221, -1.113826, -2.667309
1645527072.705940, 3.380221, -1.113826, -2.667309
1645527072.805918, 3.380221, -1.113826, -2.667309
