1645526860.135864, 7.200330, -1.562181, 3.137563
1645526860.236081, 7.200330, -1.562181, 3.137563
1645526860.336028, 7.200330, -1.562181, 3.137563
1645526860.435783, 7.200330, -1.562181, 3.137563
1645526860.515878, 7.200330, -1.562181, 3.137563
1645526860.635977, 7.200330, -1.562181, 3.137563
1645526860.694963, 7.200330, -1.562181, 3.137563
1645526860.834846, 7.200330, -1.562181, 3.137563
1645526860.894901, 7.200330, -1.562181, 3.137563
1645526860.993608, 7.200330, -1.562181, 3.137563
1645526861.133602, 7.200330, -1.562181, 3.137563
1645526861.213548, 7.200330, -1.562181, 3.137563
1645526861.313426, 7.200330, -1.562181, 3.137563
1645526861.412500, 7.200330, -1.562181, 3.137563
1645526861.512307, 7.200330, -1.562181, 3.137563
1645526861.592407, 7.200330, -1.562181, 3.137563
1645526861.712287, 7.200330, -1.562181, 3.137563
1645526861.812308, 7.200330, -1.562181, 3.137563
1645526861.911333, 7.200330, -1.562181, 3.137563
1645526862.031221, 7.200330, -1.562181, 3.137563
1645526862.131197, 7.200330, -1.562181, 3.137563
1645526862.211067, 7.200330, -1.562181, 3.137563
1645526862.290000, 7.200330, -1.562181, 3.137563
1645526862.409985, 7.200330, -1.562181, 3.137563
1645526862.509922, 7.200330, -1.562181, 3.137563
1645526862.609805, 7.200330, -1.562181, 3.137563
1645526862.708922, 7.200330, -1.562181, 3.137563
1645526862.828830, 7.200330, -1.562181, 3.137563
1645526862.928824, 7.200330, -1.562181, 3.137563
1645526863.028972, 7.200330, -1.562181, 3.137563
1645526863.127816, 7.200330, -1.562181, 3.137563
1645526863.207880, 7.200330, -1.562181, 3.137563
1645526863.307766, 7.200330, -1.562181, 3.137563
1645526863.407608, 7.200330, -1.562181, 3.137563
1645526863.507611, 7.200330, -1.562181, 3.137563
1645526863.606495, 7.200330, -1.562181, 3.137563
1645526863.746519, 7.200330, -1.562181, 3.137563
1645526863.826498, 7.200330, -1.562181, 3.137563
1645526863.926516, 7.200330, -1.562181, 3.137563
1645526864.025225, 7.200330, -1.562181, 3.137563
1645526864.105312, 7.200330, -1.562181, 3.137563
1645526864.205232, 7.200330, -1.562181, 3.137563
1645526864.325161, 7.200330, -1.562181, 3.137563
1645526864.404071, 7.200330, -1.562181, 3.137563
1645526864.504029, 7.200330, -1.562181, 3.137563
1645526864.624980, 7.200330, -1.562181, 3.137563
1645526864.723970, 7.200330, -1.562181, 3.137563
1645526864.823865, 7.200330, -1.562181, 3.137563
1645526864.924048, 7.200330, -1.562181, 3.137563
1645526865.002858, 7.200330, -1.562181, 3.137563
1645526865.122849, 7.200330, -1.562181, 3.137563
1645526865.222784, 7.200330, -1.562181, 3.137563
1645526865.321769, 7.200330, -1.562181, 3.137563
1645526865.421795, 7.200330, -1.562181, 3.137563
1645526865.521754, 7.200330, -1.562181, 3.137563
1645526865.621665, 7.200330, -1.562181, 3.137563
1645526865.720860, 7.200330, -1.562181, 3.137563
1645526865.820627, 7.200330, -1.562181, 3.137563
1645526865.921451, 7.200330, -1.562181, 3.137563
1645526866.020494, 7.200330, -1.562181, 3.137563
1645526866.100513, 7.200330, -1.562181, 3.137563
1645526866.219530, 7.200330, -1.562181, 3.137563
1645526866.319417, 7.200330, -1.562181, 3.137563
1645526866.419246, 7.200330, -1.562181, 3.137563
1645526866.519468, 7.200330, -1.562181, 3.137563
1645526866.639313, 7.200330, -1.562181, 3.137563
1645526866.698148, 7.200330, -1.562181, 3.137563
1645526866.798163, 7.200330, -1.562181, 3.137563
1645526866.918105, 7.200330, -1.562181, 3.137563
1645526866.978108, 7.200330, -1.562181, 3.137563
1645526867.137140, 7.200330, -1.562181, 3.137563
1645526867.197116, 7.200330, -1.562181, 3.137563
1645526867.336000, 7.200330, -1.562181, 3.137563
1645526867.396922, 7.200330, -1.562181, 3.137563
1645526867.496817, 7.200330, -1.562181, 3.137563
1645526867.615752, 7.200330, -1.562181, 3.137563
1645526867.735699, 7.200330, -1.562181, 3.137563
1645526867.815671, 7.200330, -1.562181, 3.137563
1645526867.914612, 7.200330, -1.562181, 3.137563
1645526868.014656, 7.200330, -1.562181, 3.137563
1645526868.114512, 7.200330, -1.562181, 3.137563
1645526868.234486, 7.200330, -1.562181, 3.137563
1645526868.313391, 7.200330, -1.562181, 3.137563
1645526868.413301, 7.200330, -1.562181, 3.137563
1645526868.513240, 7.200330, -1.562181, 3.137563
1645526868.593127, 7.200330, -1.562181, 3.137563
1645526868.732100, 7.200330, -1.562181, 3.137563
1645526868.812112, 7.200330, -1.562181, 3.137563
1645526868.912078, 7.200330, -1.562181, 3.137563
1645526869.012047, 7.200330, -1.562181, 3.137563
1645526869.132114, 7.200330, -1.562181, 3.137563
1645526869.231958, 7.200330, -1.562181, 3.137563
1645526869.310742, 7.200330, -1.562181, 3.137563
1645526869.430708, 7.200330, -1.562181, 3.137563
1645526869.490803, 7.200330, -1.562181, 3.137563
1645526869.629729, 7.200330, -1.562181, 3.137563
1645526869.729746, 7.200330, -1.562181, 3.137563
1645526869.809623, 7.200330, -1.562181, 3.137563
1645526869.889658, 7.200330, -1.562181, 3.137563
1645526869.989708, 7.200330, -1.562181, 3.137563
1645526870.108617, 7.200330, -1.562181, 3.137563
1645526870.208632, 7.200330, -1.562181, 3.137563
1645526870.328363, 7.200330, -1.562181, 3.137563
1645526870.408574, 7.200330, -1.562181, 3.137563
1645526870.508413, 7.200330, -1.562181, 3.137563
1645526870.607225, 7.200330, -1.562181, 3.137563
1645526870.727241, 7.200330, -1.562181, 3.137563
1645526870.827188, 7.200330, -1.562181, 3.137563
1645526870.906166, 7.200330, -1.562181, 3.137563
1645526871.026109, 7.200330, -1.562181, 3.137563
1645526871.126055, 7.200330, -1.562181, 3.137563
1645526871.226946, 7.200330, -1.562181, 3.137563
1645526871.324980, 7.200330, -1.562181, 3.137563
1645526871.425881, 7.200330, -1.562181, 3.137563
1645526871.484970, 7.200330, -1.562181, 3.137563
1645526871.604863, 7.200330, -1.562181, 3.137563
1645526871.724830, 7.200330, -1.562181, 3.137563
1645526871.824829, 7.200330, -1.562181, 3.137563
1645526871.923656, 7.200330, -1.562181, 3.137563
1645526872.023713, 7.200330, -1.562181, 3.137563
1645526872.123634, 7.200330, -1.562181, 3.137563
1645526872.182708, 7.200330, -1.562181, 3.137563
1645526872.263626, 7.200330, -1.562181, 3.137563
1645526872.283528, 7.200330, -1.562181, 3.137563
1645526872.302732, 7.200330, -1.562181, 3.137563
1645526872.462553, 7.200330, -1.562181, 3.137563
1645526872.502632, 7.200330, -1.562181, 3.137563
1645526872.542485, 7.200330, -1.562181, 3.137563
1645526872.582423, 7.200330, -1.562181, 3.137563
1645526872.621318, 7.200330, -1.562181, 3.137563
1645526872.682436, 7.200330, -1.562181, 3.137563
1645526872.702456, 7.200330, -1.562181, 3.137563
1645526872.781315, 7.200330, -1.562181, 3.137563
1645526872.821355, 7.200330, -1.562181, 3.137563
1645526872.942483, 7.200330, -1.562181, 3.137563
1645526872.981324, 7.200330, -1.562181, 3.137563
1645526873.021093, 7.200330, -1.562181, 3.137563
1645526873.060382, 7.200330, -1.562181, 3.137563
1645526873.101304, 7.200330, -1.562181, 3.137563
1645526873.180339, 7.200330, -1.562181, 3.137563
1645526873.300045, 7.200330, -1.562181, 3.137563
1645526873.340148, 7.200330, -1.562181, 3.137563
1645526873.460284, 7.200330, -1.562181, 3.137563
1645526873.540013, 7.200330, -1.562181, 3.137563
1645526873.598952, 7.200330, -1.562181, 3.137563
1645526873.718870, 7.200330, -1.562181, 3.137563
1645526873.758904, 7.200330, -1.562181, 3.137563
1645526873.878863, 7.200330, -1.562181, 3.137563
1645526873.997940, 7.200330, -1.562181, 3.137563
1645526874.377779, 7.200330, -1.562181, 3.137563
1645526875.015471, 7.200330, -1.562181, 3.137563
1645526875.694118, 7.200330, -1.562181, 3.137563
1645526875.973021, 7.200330, -1.562181, 3.137563
1645526876.292096, 7.200330, -1.562181, 3.137563
1645526876.492055, 7.200330, -1.562181, 3.137563
1645526876.950664, 7.200330, -1.562181, 3.137563
1645526877.229539, 7.200330, -1.562181, 3.137563
1645526877.429493, 7.200330, -1.562181, 3.137563
1645526878.445801, 7.200330, -1.562181, 3.137563
1645526879.144421, 7.200330, -1.562181, 3.137563
1645526879.603481, 7.200330, -1.562181, 3.137563
1645526880.122409, 7.200330, -1.562181, 3.137563
1645526880.181279, 7.200330, -1.562181, 3.137563
1645526880.321316, 7.200330, -1.562181, 3.137563
1645526880.381334, 7.200330, -1.562181, 3.137563
1645526880.520382, 7.200330, -1.562181, 3.137563
1645526880.640012, 7.200330, -1.562181, 3.137563
1645526880.720450, 7.200330, -1.562181, 3.137563
1645526880.820020, 7.200330, -1.562181, 3.137563
1645526880.919001, 7.200330, -1.562181, 3.137563
1645526880.998868, 7.200330, -1.562181, 3.137563
1645526881.119885, 7.200330, -1.562181, 3.137563
1645526881.198910, 7.200330, -1.562181, 3.137563
1645526881.298936, 7.200330, -1.562181, 3.137563
1645526881.418849, 7.200330, -1.562181, 3.137563
1645526881.438734, 7.200330, -1.562181, 3.137563
1645526881.637726, 7.200245, -1.562181, 3.137563
1645526881.816538, 7.186599, -1.562201, -3.127646
1645526881.916468, 7.174746, -1.562467, -3.112287
1645526882.016517, 7.159400, -1.562893, -3.115952
1645526882.116365, 7.144436, -1.563290, -3.114905
1645526882.215683, 7.129685, -1.563672, -3.116476
1645526882.315361, 7.114594, -1.564062, -3.115428
1645526882.416426, 7.099587, -1.564452, -3.115254
1645526882.535475, 7.081384, -1.564929, -3.115079
1645526882.615270, 7.069106, -1.565255, -3.115079
1645526882.734202, 7.050689, -1.565736, -3.115079
1645526882.814079, 7.038284, -1.566063, -3.116301
1645526882.894110, 7.026091, -1.566371, -3.115603
1645526883.034094, 7.004263, -1.566933, -3.115777
1645526883.113066, 6.991985, -1.567240, -3.117523
1645526883.232767, 6.989780, -1.536674, -3.123221
1645526883.293000, 6.980400, -1.536842, -3.124094
1645526883.412943, 6.961511, -1.537190, -3.123744
1645526883.511829, 6.945650, -1.537516, -3.117461
1645526883.611845, 6.929663, -1.537940, -3.110655
1645526883.731768, 6.910697, -1.538601, -3.101055
1645526883.831821, 6.894720, -1.539292, -3.094423
1645526883.911896, 6.881728, -1.539924, -3.091281
1645526883.991565, 6.868909, -1.540584, -3.088663
1645526884.110765, 6.849489, -1.541608, -3.088838
1645526884.210896, 6.833178, -1.542456, -3.090758
1645526884.330703, 6.813671, -1.543438, -3.091979
1645526884.409658, 6.800679, -1.544075, -3.094248
1645526884.509536, 6.782438, -1.512442, -3.098817
1645526884.589241, 6.769315, -1.513004, -3.098642
1645526884.709487, 6.749459, -1.513825, -3.101086
1645526884.808363, 6.732841, -1.514502, -3.101260
1645526884.908354, 6.716180, -1.515178, -3.100911
1645526885.009290, 6.699477, -1.515870, -3.099515
1645526885.108228, 6.682860, -1.516586, -3.097420
1645526885.208193, 6.666202, -1.517330, -3.096199
1645526885.288105, 6.652655, -1.517954, -3.094104
1645526885.407245, 6.632294, -1.518932, -3.092184
1645526885.527033, 6.611934, -1.519943, -3.092010
1645526885.626053, 6.594854, -1.520792, -3.091661
1645526885.706071, 6.591968, -1.514000, -3.079561
1645526885.825971, 6.571537, -1.515260, -3.080259
1645526885.925938, 6.554468, -1.516307, -3.080608
1645526886.024961, 6.537398, -1.517348, -3.080259
1645526886.124826, 6.520287, -1.518397, -3.080259
1645526886.184851, 6.509901, -1.519036, -3.080085
1645526886.284785, 6.492619, -1.520095, -3.080608
1645526886.304953, 6.489214, -1.520303, -3.080957
1645526886.523716, 6.451158, -1.522612, -3.081481
1645526886.603625, 6.437281, -1.523449, -3.081655
1645526886.723619, 6.416208, -1.524705, -3.082004
1645526886.822624, 6.408805, -1.527707, -3.068346
1645526886.942182, 6.387837, -1.529247, -3.068696
1645526887.023458, 6.373971, -1.530255, -3.069743
1645526887.122511, 6.356403, -1.531510, -3.069917
1645526887.202479, 6.342323, -1.532516, -3.071314
1645526887.302293, 6.324839, -1.533747, -3.071488
1645526887.421286, 6.303695, -1.535216, -3.072535
1645526887.521226, 6.285911, -1.536444, -3.073059
1645526887.620360, 6.268212, -1.537655, -3.073233
1645526887.680208, 6.257660, -1.538376, -3.073582
1645526887.800234, 6.236173, -1.539828, -3.074979
1645526887.900313, 6.218301, -1.541022, -3.075677
1645526888.020141, 6.196683, -1.542433, -3.077422
1645526888.119059, 6.196412, -1.558687, -3.067001
1645526888.218898, 6.178465, -1.560019, -3.068397
1645526888.338865, 6.157027, -1.561569, -3.070666
1645526888.397749, 6.146350, -1.562324, -3.071713
1645526888.517843, 6.124820, -1.563782, -3.075728
1645526888.617815, 6.106860, -1.564932, -3.079742
1645526888.697692, 6.092516, -1.565814, -3.082011
1645526888.816606, 6.070760, -1.567068, -3.086025
1645526888.916597, 6.052705, -1.568066, -3.087421
1645526888.996524, 6.038184, -1.568847, -3.088294
1645526889.037534, 6.030859, -1.569238, -3.088643
1645526889.216536, 6.014795, -1.592830, -3.084572
1645526889.316300, 5.996529, -1.593860, -3.085270
1645526889.415338, 5.978433, -1.594876, -3.086143
1645526889.535471, 5.956459, -1.596062, -3.088586
1645526889.615403, 5.941725, -1.596850, -3.088935
1645526889.714288, 5.923497, -1.597803, -3.089110
1645526889.814414, 5.905227, -1.598750, -3.090157
1645526889.895170, 5.890448, -1.599507, -3.091902
1645526890.034125, 5.864764, -1.600786, -3.092077
1645526890.113126, 5.850069, -1.601514, -3.092251
1645526890.213066, 5.831583, -1.602426, -3.092077
1645526890.273018, 5.821415, -1.638200, -3.081306
1645526890.431954, 5.791834, -1.640055, -3.076419
1645526890.531980, 5.773325, -1.641298, -3.071532
1645526890.551992, 5.769581, -1.641560, -3.071183
1645526890.591864, 5.762095, -1.642092, -3.069612
1645526890.612904, 5.758479, -1.642352, -3.068565
1645526890.652097, 5.751078, -1.642893, -3.069787
1645526891.409516, 5.609770, -1.652386, -3.078513
1645526891.449272, 5.602279, -1.652859, -3.079386
1645526891.569443, 5.592144, -1.671665, -3.077123
1645526891.728592, 5.562311, -1.673584, -3.077123
1645526891.988130, 5.513492, -1.676660, -3.080264
1645526892.207149, 5.472074, -1.679168, -3.082184
1645526892.845945, 5.360863, -1.685509, -3.088467
1645526893.663612, 5.361161, -1.685493, -3.089689
1645526894.321342, 5.361161, -1.685493, -3.089689
1645526895.138901, 5.361161, -1.685493, -3.089689
1645526895.697335, 5.361161, -1.685493, -3.089689
1645526895.777444, 5.370194, -1.685111, -3.088643
1645526895.916417, 5.370194, -1.685111, -3.088643
1645526896.016434, 5.370194, -1.685111, -3.088643
1645526896.136547, 5.370109, -1.685115, -3.088818
1645526896.195340, 5.365425, -1.685363, -3.088992
1645526896.315358, 5.354607, -1.685926, -3.090389
1645526896.415348, 5.340297, -1.686667, -3.087771
1645526896.515237, 5.325307, -1.687469, -3.087771
1645526896.614398, 5.310531, -1.688274, -3.087596
1645526896.714278, 5.301290, -1.688776, -3.087247
1645526896.814145, 5.300950, -1.688794, -3.088294
1645526896.914045, 5.301077, -1.688788, -3.086374
1645526897.033067, 5.301077, -1.688788, -3.086549
1645526897.132966, 5.301077, -1.688788, -3.086724
1645526897.192902, 5.301077, -1.688788, -3.086724
1645526897.332822, 5.301077, -1.688788, -3.086898
1645526897.413021, 5.301077, -1.688788, -3.086898
1645526897.512650, 5.301077, -1.688788, -3.086898
1645526897.631604, 5.295584, -1.689089, -3.086898
1645526897.711855, 5.289963, -1.689391, -3.088469
1645526897.811608, 5.280595, -1.689893, -3.089516
1645526897.910583, 5.269352, -1.690488, -3.088818
1645526898.030732, 5.252572, -1.691372, -3.087073
1645526898.130543, 5.237583, -1.692181, -3.087945
1645526898.230538, 5.222763, -1.692978, -3.087596
1645526898.329390, 5.207976, -1.692085, -3.089269
1645526898.429378, 5.192772, -1.692880, -3.089444
1645526898.529377, 5.177568, -1.693670, -3.089968
1645526898.629288, 5.162108, -1.694471, -3.089619
1645526898.728483, 5.146819, -1.695268, -3.089444
1645526898.809225, 5.134341, -1.695920, -3.089444
1645526898.928127, 5.115900, -1.696883, -3.089619
1645526899.008156, 5.103379, -1.697523, -3.090666
1645526899.128120, 5.084597, -1.698491, -3.090317
1645526899.228106, 5.068796, -1.699313, -3.089793
1645526899.326972, 5.053208, -1.700111, -3.090317
1645526899.406822, 5.040474, -1.700764, -3.091189
1645526899.505906, 5.024588, -1.701577, -3.089269
1645526899.625816, 5.005381, -1.702599, -3.086302
1645526899.725801, 4.984541, -1.697726, -3.086806
1645526899.825731, 4.969341, -1.698593, -3.078778
1645526899.924828, 4.951767, -1.699755, -3.073891
1645526900.024762, 4.935727, -1.700853, -3.072494
1645526900.124559, 4.919563, -1.702009, -3.064990
1645526900.224872, 4.903109, -1.703293, -3.063070
1645526900.324552, 4.886826, -1.704581, -3.062895
1645526900.404597, 4.873648, -1.705638, -3.058881
1645526900.503323, 4.856480, -1.707081, -3.056786
1645526900.623291, 4.836124, -1.708785, -3.059579
1645526900.723238, 4.819424, -1.710205, -3.054692
1645526900.823135, 4.809013, -1.717889, -3.057378
1645526900.922229, 4.792483, -1.719285, -3.057553
1645526901.022243, 4.775825, -1.720691, -3.056680
1645526901.102153, 4.762313, -1.721846, -3.055982
1645526901.220872, 4.742173, -1.723575, -3.055808
1645526901.321031, 4.725305, -1.725036, -3.054237
1645526901.421002, 4.708271, -1.726547, -3.051619
1645526901.520947, 4.691324, -1.728075, -3.051270
1645526901.619881, 4.674378, -1.729611, -3.052143
1645526901.719845, 4.657260, -1.731147, -3.051270
1645526901.820841, 4.640186, -1.732688, -3.051095
1645526901.899908, 4.626639, -1.733930, -3.049699
1645526901.999939, 4.602614, -1.728925, -3.051665
1645526902.119853, 4.581972, -1.730787, -3.051141
1645526902.198695, 4.568339, -1.732030, -3.049571
1645526902.318654, 4.547534, -1.733978, -3.047302
1645526902.418467, 4.530170, -1.735632, -3.045731
1645526902.517409, 4.512850, -1.737296, -3.044858
1645526902.597280, 4.498889, -1.738689, -3.039797
1645526902.717588, 4.478057, -1.740810, -3.038924
1645526902.817273, 4.460669, -1.742640, -3.034037
1645526902.877317, 4.450026, -1.743788, -3.033514
1645526903.036159, 4.422306, -1.746866, -3.026881
1645526903.136175, 4.405066, -1.748877, -3.023042
1645526903.236358, 4.393573, -1.746422, -3.020700
1645526903.315928, 4.379689, -1.748120, -3.018082
1645526903.434873, 4.358787, -1.750756, -3.014766
1645526903.514754, 4.344913, -1.752535, -3.012323
1645526903.614843, 4.327365, -1.754839, -3.009355
1645526903.714833, 4.309615, -1.757239, -3.004643
1645526903.813884, 4.291959, -1.759694, -3.000629
1645526903.913846, 4.274281, -1.762292, -2.990855
1645526904.013724, 4.256666, -1.765029, -2.981779
1645526904.113654, 4.238984, -1.767889, -2.978812
1645526904.232676, 4.217738, -1.771408, -2.976543
1645526904.332661, 4.199991, -1.774397, -2.973227
1645526904.392628, 4.192286, -1.774408, -2.975898
1645526904.511701, 4.170979, -1.778083, -2.962808
1645526904.611415, 4.153242, -1.781369, -2.951289
1645526904.711326, 4.135628, -1.784850, -2.940293
1645526904.811325, 4.117924, -1.788524, -2.931218
1645526904.911361, 4.100129, -1.792389, -2.923887
1645526905.030530, 4.078824, -1.797170, -2.917429
1645526905.110140, 4.064567, -1.800443, -2.913066
1645526905.210072, 4.046841, -1.804612, -2.909052
1645526905.310138, 4.029086, -1.808843, -2.905212
1645526905.430119, 4.007786, -1.814021, -2.899453
1645526905.489094, 3.997191, -1.816656, -2.894391
1645526905.708938, 3.950167, -1.820076, -2.881772
1645526905.828106, 3.929122, -1.825734, -2.874965
1645526905.907850, 3.914773, -1.829688, -2.869555
1645526905.967874, 3.904136, -1.832662, -2.867286
1645526906.127719, 3.875716, -1.840771, -2.858908
1645526906.207884, 3.861555, -1.844916, -2.853497
1645526906.326750, 3.840348, -1.851252, -2.847912
1645526906.427644, 3.822522, -1.856687, -2.841106
1645526906.506645, 3.808470, -1.861047, -2.839709
1645526906.626738, 3.787109, -1.867755, -2.834648
1645526906.725511, 3.769510, -1.873345, -2.833775
1645526906.805472, 3.746584, -1.879221, -2.833575
1645526906.905566, 3.728987, -1.884819, -2.832876
1645526907.005612, 3.711407, -1.890471, -2.827990
1645526907.124549, 3.690250, -1.897395, -2.821881
1645526907.204369, 3.675925, -1.902157, -2.818739
1645526907.324379, 3.654830, -1.909268, -2.812980
1645526907.424340, 3.637115, -1.915325, -2.810013
1645526907.523292, 3.619541, -1.921397, -2.808093
1645526907.603106, 3.605406, -1.926325, -2.803380
1645526907.724063, 3.584219, -1.933822, -2.797621
1645526907.823012, 3.566649, -1.940160, -2.791687
1645526907.882786, 3.556035, -1.944043, -2.789767
1645526908.022056, 3.546783, -1.950091, -2.784714
1645526908.142919, 3.525815, -1.957942, -2.781224
1645526908.221817, 3.511733, -1.963263, -2.779129
1645526908.261719, 3.504675, -1.965940, -2.778780
1645526908.321836, 3.494031, -1.969983, -2.778431
1645526908.500880, 3.462497, -1.981964, -2.777210
1645526908.560925, 3.451820, -1.986042, -2.775639
1645526908.581595, 3.448276, -1.987400, -2.774941
1645526908.600751, 3.444772, -1.988746, -2.774417
1645526908.620672, 3.441230, -1.990108, -2.774243
1645526908.660619, 3.434225, -1.992804, -2.774068
1645526909.438364, 3.346833, -2.025303, -2.921897
1645526909.557216, 3.356110, -2.009017, -2.992888
1645526909.937231, 3.348885, -2.009473, 3.103198
1645526910.115968, 3.345486, -2.009193, 3.011917
1645526910.216046, 3.343801, -2.008929, 2.956939
1645526910.256200, 3.343089, -2.008793, 2.938090
1645526910.296153, 3.342338, -2.008634, 2.913830
1645526910.554792, 3.338087, -2.007377, 2.785373
1645526910.794667, 3.337369, -2.007106, 2.741391
1645526911.432494, 3.337369, -2.007106, 2.741217
1645526911.931254, 3.337369, -2.007106, 2.741391
1645526912.410054, 3.337369, -2.007106, 2.741391
1645526912.510071, 3.341642, -2.011278, 2.738211
1645526912.589911, 3.341642, -2.011278, 2.738211
1645526912.688916, 3.341642, -2.011278, 2.738211
1645526912.808986, 3.341642, -2.011278, 2.738211
1645526912.908785, 3.341642, -2.011278, 2.738211
1645526913.028837, 3.341642, -2.011278, 2.738211
1645526913.088942, 3.341642, -2.011278, 2.738211
1645526913.227801, 3.341642, -2.011278, 2.738211
1645526913.308696, 3.341642, -2.011278, 2.738211
1645526913.407828, 3.341642, -2.011278, 2.738211
1645526913.526793, 3.341642, -2.011278, 2.738211
1645526913.626615, 3.341642, -2.011278, 2.738037
1645526913.726565, 3.338426, -2.009904, 2.738037
1645526913.826719, 3.331587, -2.006918, 2.710635
1645526913.906728, 3.323791, -2.003252, 2.690738
1645526914.026449, 3.319923, -2.001357, 2.667351
1645526914.185102, 3.319241, -2.001005, 2.630873
1645526914.325334, 3.318948, -2.000831, 2.594745
1645526914.404201, 3.319202, -2.000988, 2.574150
1645526914.524404, 3.323492, -1.998225, 2.544043
1645526914.624184, 3.323422, -1.998177, 2.511056
1645526914.724301, 3.322539, -1.997507, 2.487843
1645526914.823017, 3.320760, -1.996112, 2.445082
1645526914.902939, 3.320530, -1.995922, 2.421346
1645526914.982821, 3.317914, -1.993601, 2.405987
1645526915.082707, 3.316889, -1.992638, 2.356943
1645526915.222875, 3.319845, -1.985396, 2.320151
1645526915.421717, 3.310522, -1.974462, 2.234281
1645526915.541653, 3.305489, -1.967578, 2.174067
1645526915.621698, 3.300647, -1.960403, 2.128689
1645526915.741554, 3.283376, -1.954246, 2.077031
1645526915.840552, 3.277523, -1.943207, 2.022752
1645526915.901533, 3.273963, -1.935645, 1.985925
1645526916.000468, 3.268066, -1.921656, 1.942816
1645526916.100618, 3.264891, -1.903227, 1.883460
1645526916.219357, 3.259678, -1.885515, 1.818883
1645526916.320537, 3.256262, -1.870681, 1.761810
1645526916.399307, 3.254142, -1.858714, 1.719748
1645526916.499410, 3.252207, -1.843400, 1.661628
1645526916.619122, 3.240548, -1.825766, 1.597535
1645526916.718060, 3.240377, -1.810202, 1.558963
1645526916.818105, 3.240780, -1.795965, 1.514457
1645526916.918023, 3.241048, -1.791795, 1.484263
1645526917.017050, 3.241037, -1.791922, 1.484786
1645526917.117017, 3.241037, -1.791922, 1.484786
1645526917.197033, 3.241037, -1.791922, 1.484088
1645526917.317177, 3.241037, -1.791922, 1.484437
1645526917.416014, 3.241037, -1.791922, 1.484088
1645526917.535825, 3.241037, -1.791922, 1.484088
1645526917.616793, 3.241037, -1.791922, 1.484088
1645526917.715744, 3.241037, -1.791922, 1.484088
1645526917.795624, 3.241037, -1.791922, 1.484088
1645526917.895819, 3.241037, -1.791922, 1.484088
1645526918.034690, 3.241037, -1.791922, 1.484088
1645526918.114657, 3.241037, -1.791922, 1.484088
1645526918.234617, 3.241037, -1.791922, 1.484088
1645526918.334598, 3.241037, -1.791922, 1.484088
1645526918.413483, 3.241037, -1.791922, 1.484088
1645526918.513432, 3.241037, -1.791922, 1.484088
1645526918.614426, 3.241037, -1.791922, 1.484088
1645526918.712524, 3.241037, -1.791922, 1.484088
1645526918.813248, 3.241037, -1.791922, 1.484088
1645526918.913200, 3.241037, -1.791922, 1.484088
1645526919.012121, 3.241037, -1.791922, 1.484088
1645526919.131116, 3.241037, -1.791922, 1.483914
1645526919.231080, 3.241325, -1.788609, 1.483914
1645526919.310890, 3.241708, -1.784361, 1.468206
1645526919.410860, 3.236826, -1.776219, 1.454165
1645526919.510803, 3.237285, -1.772408, 1.423447
1645526919.630872, 3.237548, -1.770896, 1.392904
1645526919.729853, 3.238648, -1.765115, 1.366724
1645526919.789758, 3.239675, -1.760363, 1.341591
1645526919.929765, 3.239970, -1.759074, 1.308953
1645526920.029609, 3.240312, -1.757885, 1.279981
1645526920.128469, 3.240864, -1.756092, 1.254150
1645526920.208548, 3.240903, -1.755844, 1.238009
1645526920.308728, 3.242215, -1.752147, 1.212003
1645526920.428469, 3.243067, -1.749916, 1.176748
1645526920.508473, 3.243014, -1.750032, 1.159294
1645526920.607395, 3.243103, -1.749838, 1.138176
1645526920.707285, 3.243140, -1.749762, 1.116185
1645526920.807492, 3.243160, -1.749724, 1.099953
1645526920.907426, 3.243139, -1.749761, 1.079707
1645526921.026242, 3.243802, -1.748568, 1.054924
1645526921.126208, 3.239130, -1.741235, 1.032351
1645526921.207184, 3.242569, -1.735590, 1.009312
1645526921.326138, 3.250731, -1.722941, 0.984878
1645526921.406072, 3.257252, -1.713296, 0.968821
1645526921.504969, 3.262314, -1.705960, 0.963585
1645526921.604900, 3.266851, -1.699558, 0.950669
1645526921.685101, 3.272270, -1.692057, 0.929725
1645526921.804891, 3.278098, -1.684488, 0.897088
1645526921.903890, 3.286413, -1.674210, 0.879983
1645526922.023840, 3.292912, -1.666470, 0.863577
1645526922.123720, 3.300922, -1.657329, 0.839666
1645526922.183711, 3.301016, -1.648310, 0.839428
1645526922.322757, 3.315956, -1.631463, 0.845885
1645526922.402741, 3.324288, -1.622037, 0.852692
1645526922.503619, 3.334596, -1.609979, 0.878872
1645526922.622619, 3.347215, -1.594626, 0.894580
1645526922.721412, 3.357247, -1.581899, 0.912208
1645526922.821445, 3.366675, -1.569461, 0.937690
1645526922.922266, 3.375785, -1.556840, 0.959157
1645526923.021382, 3.385107, -1.543324, 0.979927
1645526923.101275, 3.392165, -1.532653, 0.996507
1645526923.240288, 3.404433, -1.513216, 1.026003
1645526923.320383, 3.411078, -1.502084, 1.043806
1645526923.400207, 3.419784, -1.486972, 1.062543
1645526923.500259, 3.427635, -1.472601, 1.084185
1645526923.619259, 3.436730, -1.454979, 1.105129
1645526923.718938, 3.444142, -1.440090, 1.117870
1645526923.818955, 3.451283, -1.425117, 1.134625
1645526923.918877, 3.458322, -1.409860, 1.148064
1645526923.997923, 3.463630, -1.397845, 1.162376
1645526924.097902, 3.470179, -1.382465, 1.179131
1645526924.218901, 3.477838, -1.363528, 1.197980
1645526924.317851, 3.483830, -1.347921, 1.213863
1645526924.417672, 3.489580, -1.332134, 1.232712
1645526924.536686, 3.496163, -1.312887, 1.250515
1645526924.616586, 3.497518, -1.295202, 1.261916
1645526924.716778, 3.502608, -1.278921, 1.274657
1645526924.796538, 3.506533, -1.265896, 1.285478
1645526924.915513, 3.512131, -1.246295, 1.301535
1645526925.015547, 3.516606, -1.229657, 1.316370
1645526925.115402, 3.520787, -1.213207, 1.330507
1645526925.195493, 3.523644, -1.201394, 1.338012
1645526925.334275, 3.528225, -1.181443, 1.354767
1645526925.434201, 3.531547, -1.165844, 1.370999
1645526925.515300, 3.533854, -1.154258, 1.376933
1645526925.614159, 3.537000, -1.138057, 1.387579
1645526925.714074, 3.539674, -1.123329, 1.391070
1645526925.813105, 3.542192, -1.109396, 1.395608
1645526925.913064, 3.545982, -1.095816, 1.398659
1645526926.033187, 3.548289, -1.082496, 1.400404
1645526926.132921, 3.550199, -1.071270, 1.404942
1645526926.211841, 3.551602, -1.062857, 1.405989
1645526926.271736, 3.552530, -1.057262, 1.406862
1645526926.431879, 3.555246, -1.040680, 1.410352
1645526926.531825, 3.557400, -1.027205, 1.417683
1645526926.551927, 3.557810, -1.024549, 1.419952
1645526926.610773, 3.558961, -1.016874, 1.423268
1645526926.710674, 3.560836, -1.004132, 1.430947
1645526926.750589, 3.561478, -0.999528, 1.436183
1645526926.810737, 3.562368, -0.992892, 1.439150
1645526926.850702, 3.562894, -0.988918, 1.439674
1645526926.990763, 3.564100, -0.979614, 1.445783
1645526927.069477, 3.564222, -0.978683, 1.430947
1645526927.289418, 3.564676, -0.975992, 1.373351
1645526927.528460, 3.564746, -0.975658, 1.346473
1645526927.708425, 3.564746, -0.975658, 1.346299
1645526927.808222, 3.564746, -0.975658, 1.346299
1645526927.828215, 3.564746, -0.975658, 1.346299
1645526927.867151, 3.564746, -0.975658, 1.346299
1645526927.887220, 3.564746, -0.975658, 1.346299
1645526927.927243, 3.564746, -0.975658, 1.346299
1645526928.805688, 3.564565, -0.976272, 1.260429
1645526929.503480, 3.564566, -0.976227, 1.175606
1645526930.640062, 3.564566, -0.976227, 1.175606
1645526930.819898, 3.564566, -0.976227, 1.175606
1645526930.880099, 3.564566, -0.976227, 1.175606
1645526931.018800, 3.566240, -0.979496, 1.177121
1645526931.138761, 3.566240, -0.979496, 1.177121
1645526931.238915, 3.566240, -0.979496, 1.177121
1645526931.337668, 3.566240, -0.979496, 1.177121
1645526931.437660, 3.566240, -0.979496, 1.177121
1645526931.538790, 3.566240, -0.979496, 1.177121
1645526931.637571, 3.566240, -0.979496, 1.177121
1645526931.737559, 3.566240, -0.979496, 1.177121
1645526931.817567, 3.566240, -0.979496, 1.177121
1645526931.916483, 3.566240, -0.979496, 1.177121
1645526932.016542, 3.566240, -0.979496, 1.177121
1645526932.096379, 3.566240, -0.979496, 1.177121
1645526932.215443, 3.566240, -0.979496, 1.177121
1645526932.316201, 3.566240, -0.979496, 1.177121
1645526932.396157, 3.566240, -0.979496, 1.177121
1645526932.515069, 3.566240, -0.979496, 1.177121
1645526932.614401, 3.566240, -0.979496, 1.177121
1645526932.715038, 3.566240, -0.979496, 1.177121
1645526932.834970, 3.566240, -0.979496, 1.177121
1645526932.933970, 3.566240, -0.979496, 1.177121
1645526933.013899, 3.566240, -0.979496, 1.177121
1645526933.113933, 3.566240, -0.979496, 1.177121
1645526933.232829, 3.566240, -0.979496, 1.177121
1645526933.312855, 3.566240, -0.979496, 1.177121
1645526933.412798, 3.566240, -0.979496, 1.177121
1645526933.492635, 3.566240, -0.979496, 1.177121
1645526933.631901, 3.566240, -0.979496, 1.177121
1645526933.731953, 3.566240, -0.979496, 1.177121
1645526933.791652, 3.566240, -0.979496, 1.177121
1645526933.911627, 3.566240, -0.979496, 1.177121
1645526934.011486, 3.566240, -0.979496, 1.177121
1645526934.111480, 3.566240, -0.979496, 1.177121
1645526934.210269, 3.566240, -0.979496, 1.177121
1645526934.310469, 3.566240, -0.979496, 1.177121
1645526934.410230, 3.566240, -0.979496, 1.177121
1645526934.509526, 3.566240, -0.979496, 1.177121
1645526934.629238, 3.566240, -0.979496, 1.177121
1645526934.709143, 3.566240, -0.979496, 1.177121
1645526934.808100, 3.566240, -0.979496, 1.177121
1645526934.908079, 3.566240, -0.979496, 1.177121
1645526935.027947, 3.566240, -0.979496, 1.177121
1645526935.128967, 3.566240, -0.979496, 1.177121
1645526935.227736, 3.566240, -0.979496, 1.177121
1645526935.307766, 3.566240, -0.979496, 1.177121
1645526935.407915, 3.566240, -0.979496, 1.177121
1645526935.526977, 3.566240, -0.979496, 1.177121
1645526935.606774, 3.566240, -0.979496, 1.177121
1645526935.706743, 3.566240, -0.979496, 1.177121
1645526935.825517, 3.566240, -0.979496, 1.177121
1645526935.905686, 3.566240, -0.979496, 1.177121
1645526936.005606, 3.566240, -0.979496, 1.177121
1645526936.125561, 3.566240, -0.979496, 1.177121
1645526936.145565, 3.566240, -0.979496, 1.177121
1645526936.304608, 3.566240, -0.979496, 1.177121
1645526936.424459, 3.566240, -0.979496, 1.177121
1645526936.504475, 3.566240, -0.979496, 1.177121
1645526936.623424, 3.566240, -0.979496, 1.177121
1645526936.724381, 3.566240, -0.979496, 1.177121
1645526936.823110, 3.566240, -0.979496, 1.177121
1645526936.923150, 3.566240, -0.979496, 1.177121
1645526936.983130, 3.566240, -0.979496, 1.177121
1645526937.123009, 3.566240, -0.979496, 1.177121
1645526937.221803, 3.566240, -0.979496, 1.177121
1645526937.321923, 3.566240, -0.979496, 1.177121
1645526937.441820, 3.566240, -0.979496, 1.177121
1645526937.500803, 3.566240, -0.979496, 1.177121
1645526937.620984, 3.566240, -0.979496, 1.177121
1645526937.740943, 3.566240, -0.979496, 1.177121
1645526937.800795, 3.566240, -0.979496, 1.177121
1645526937.919842, 3.566240, -0.979496, 1.177121
1645526938.020691, 3.566240, -0.979496, 1.177121
1645526938.119563, 3.566240, -0.979496, 1.177121
1645526938.239771, 3.566240, -0.979496, 1.177121
1645526938.319716, 3.566240, -0.979496, 1.176946
1645526938.419683, 3.568416, -0.974258, 1.177470
1645526938.518499, 3.570668, -0.968728, 1.191607
1645526938.618471, 3.574402, -0.959382, 1.188814
1645526938.738494, 3.580268, -0.944551, 1.202603
1645526938.818267, 3.583055, -0.937261, 1.209060
1645526938.937219, 3.586554, -0.927961, 1.214820
1645526939.017160, 3.590205, -0.918126, 1.216042
1645526939.117033, 3.594945, -0.905102, 1.231051
1645526939.217054, 3.598705, -0.894354, 1.237160
1645526939.317146, 3.602152, -0.884400, 1.242221
1645526939.417037, 3.604952, -0.876118, 1.246236
1645526939.535848, 3.609310, -0.863096, 1.252344
1645526939.615845, 3.612732, -0.852505, 1.268227
1645526939.735752, 3.616748, -0.839373, 1.284284
1645526939.834836, 3.619476, -0.830130, 1.285157
1645526939.914734, 3.621327, -0.823740, 1.294407
1645526940.034784, 3.623949, -0.814509, 1.293709
1645526940.134712, 3.627245, -0.802944, 1.297548
1645526940.233706, 3.631036, -0.789258, 1.303657
1645526940.313839, 3.633242, -0.781107, 1.313082
1645526940.413612, 3.622375, -0.773364, 1.317176
1645526940.533543, 3.625103, -0.762529, 1.332011
1645526940.613534, 3.626540, -0.756646, 1.330790
1645526940.713485, 3.629124, -0.745995, 1.336375
1645526940.832535, 3.633144, -0.728672, 1.353130
1645526940.912461, 3.635303, -0.718886, 1.355573
1645526941.012346, 3.638017, -0.706383, 1.359762
1645526941.111444, 3.640398, -0.695074, 1.368663
1645526941.191278, 3.641947, -0.687468, 1.371456
1645526941.331254, 3.644414, -0.674958, 1.382102
1645526941.391054, 3.645665, -0.668381, 1.385069
1645526941.510074, 3.648909, -0.650203, 1.406712
1645526941.630055, 3.651568, -0.633957, 1.411424
1645526941.710901, 3.652297, -0.629410, 1.414915
1645526941.829803, 3.652912, -0.625448, 1.416834
1645526941.928870, 3.654126, -0.617523, 1.421547
1645526942.028918, 3.656044, -0.604486, 1.428179
1645526942.128797, 3.658079, -0.590044, 1.433939
1645526942.228915, 3.659653, -0.578508, 1.436906
1645526942.328799, 3.654310, -0.565404, 1.440014
1645526942.407769, 3.655279, -0.557875, 1.448392
1645526942.507522, 3.656322, -0.549281, 1.450835
1645526942.607686, 3.657741, -0.537124, 1.459387
1645526942.707587, 3.659418, -0.521477, 1.470383
1645526942.806633, 3.660802, -0.507558, 1.473001
1645526942.926645, 3.662283, -0.491849, 1.485916
1645526943.007587, 3.662990, -0.482836, 1.506162
1645526943.106587, 3.663647, -0.471554, 1.522568
1645526943.166481, 3.663955, -0.464311, 1.540022
1645526943.306558, 3.664309, -0.449474, 1.548748
1645526943.405431, 3.664523, -0.439199, 1.551017
1645526943.525503, 3.664732, -0.427345, 1.558522
1645526943.565208, 3.664774, -0.423507, 1.564631
1645526943.704246, 3.664766, -0.411523, 1.569169
1645526943.804120, 3.664760, -0.400094, 1.571437
1645526943.923978, 3.664741, -0.382055, 1.573183
1645526944.024075, 3.660325, -0.366390, 1.573831
1645526944.122986, 3.660267, -0.352402, 1.576973
1645526944.202870, 3.660146, -0.341486, 1.588317
1645526944.262828, 3.660034, -0.335473, 1.594077
1645526944.282871, 3.660015, -0.334663, 1.597917
1645526944.482961, 3.659568, -0.326233, 1.657258
1645526944.561724, 3.659159, -0.322116, 1.692863
1645526944.701754, 3.658071, -0.314734, 1.745397
1645526944.801607, 3.656969, -0.309171, 1.793219
1645526944.861772, 3.650433, -0.305249, 1.818561
1645526944.960477, 3.648919, -0.299740, 1.862892
1645526945.140532, 3.643883, -0.285060, 1.935672
1645526945.340463, 3.634444, -0.262107, 1.979131
1645526945.399503, 3.631745, -0.255933, 1.992221
1645526945.439345, 3.629869, -0.251773, 1.999028
1645526945.619218, 3.622557, -0.235750, 2.011594
1645526945.699364, 3.619731, -0.229869, 2.031316
1645526945.918203, 3.610100, -0.202385, 2.080440
1645526946.019206, 3.603534, -0.190666, 2.084978
1645526946.058091, 3.601138, -0.186436, 2.089691
1645526946.098252, 3.598701, -0.182180, 2.095625
1645526946.277030, 3.588095, -0.164076, 2.107493
1645526946.376899, 3.583142, -0.155858, 2.123375
1645526946.396857, 3.582179, -0.154297, 2.127913
1645526946.436838, 3.580211, -0.151152, 2.135593
1645526946.676091, 3.566076, -0.120643, 2.176938
1645526946.935840, 3.546929, -0.093338, 2.182872
1645526947.274837, 3.525198, -0.063533, 2.217604
1645526947.693350, 3.496154, -0.026975, 2.285672
1645526948.391265, 3.486342, -0.016303, 2.366830
1645526948.711002, 3.486342, -0.016303, 2.366830
1645526948.829949, 3.486342, -0.016303, 2.366830
1645526948.910046, 3.486342, -0.016303, 2.366830
1645526949.029808, 3.486342, -0.016303, 2.366830
1645526949.089852, 3.486342, -0.016303, 2.366830
1645526949.229773, 3.486342, -0.016303, 2.366830
1645526949.308784, 3.486342, -0.016303, 2.366655
1645526949.428600, 3.483874, -0.013886, 2.366655
1645526949.508590, 3.479894, -0.010027, 2.384458
1645526949.608573, 3.471961, -0.002651, 2.405576
1645526949.707621, 3.470562, 0.005172, 2.425423
1645526949.827445, 3.466036, 0.009000, 2.465740
1645526949.907596, 3.463455, 0.011029, 2.492967
1645526950.026550, 3.459363, 0.014030, 2.532586
1645526950.126328, 3.455794, 0.016441, 2.566096
1645526950.226250, 3.452291, 0.018641, 2.602574
1645526950.326224, 3.440335, 0.022245, 2.638218
1645526950.406188, 3.434249, 0.025514, 2.665271
1645526950.526078, 3.426741, 0.029285, 2.688309
1645526950.585114, 3.420742, 0.032161, 2.707857
1645526950.725047, 3.405324, 0.039050, 2.733339
1645526950.805051, 3.399249, 0.041654, 2.745382
1645526950.905007, 3.393805, 0.043892, 2.772958
1645526951.003941, 3.389402, 0.045509, 2.811181
1645526951.123823, 3.397170, 0.039685, 2.844697
1645526951.223871, 3.395781, 0.040100, 2.860405
1645526951.322824, 3.391676, 0.041257, 2.877160
1645526951.422963, 3.390399, 0.041596, 2.887109
1645526951.502835, 3.387092, 0.042435, 2.906656
1645526951.622710, 3.377494, 0.044655, 2.909100
1645526951.721740, 3.373262, 0.045662, 2.911892
1645526951.821611, 3.372182, 0.045911, 2.916779
1645526951.941569, 3.370145, 0.046378, 2.918699
1645526952.001464, 3.366816, 0.047126, 2.927251
1645526952.121636, 3.354954, 0.049569, 2.950464
1645526952.220558, 3.342218, 0.051990, 2.971583
1645526952.320642, 3.337371, 0.052739, 3.004918
1645526952.420360, 3.328656, 0.053839, 3.033891
1645526952.520403, 3.317679, 0.053895, 3.054665
1645526952.619367, 3.302549, 0.055148, 3.068627
1645526952.739363, 3.289656, 0.055994, 3.091491
1645526952.839244, 3.287951, 0.056069, 3.118020
1645526952.919155, 3.286587, 0.056088, 3.135124
1645526953.018020, 3.282194, 0.056077, -3.114900
1645526953.118062, 3.280448, 0.055989, -3.082786
1645526953.218054, 3.275215, 0.055632, -3.055035
1645526953.297956, 3.267702, 0.054901, -3.034614
1645526953.317958, 3.264989, 0.054610, -3.035487
1645526953.456826, 3.248977, 0.053186, -3.010955
1645526953.617110, 3.235251, 0.051266, -2.993502
1645526953.716798, 3.222787, 0.049270, -2.973082
1645526953.816733, 3.212733, 0.047594, -2.976223
1645526953.895924, 3.206138, 0.046442, -2.957897
1645526954.015923, 3.198516, 0.044974, -2.934335
1645526954.115709, 3.192989, 0.043703, -2.890179
1645526954.235705, 3.184529, 0.041338, -2.842357
1645526954.294609, 3.177658, 0.039164, -2.819667
1645526954.394575, 3.169222, 0.031394, -2.785336
1645526954.495908, 3.153762, 0.025618, -2.773118
1645526954.614243, 3.135932, 0.018299, -2.727391
1645526954.713427, 3.121205, 0.011640, -2.695626
1645526954.813257, 3.106830, 0.004441, -2.653389
1645526954.873318, 3.098458, -0.000069, -2.634016
1645526954.973253, 3.084139, -0.008275, -2.600331
1645526955.113430, 3.070456, -0.019602, -2.538305
1645526955.213125, 3.064290, -0.023881, -2.530625
1645526955.271995, 3.060277, -0.026701, -2.526960
1645526955.412113, 3.045196, -0.037720, -2.497813
1645526955.512071, 3.031440, -0.048093, -2.485072
1645526955.610967, 3.018621, -0.058146, -2.457670
1645526955.711036, 3.005890, -0.068912, -2.411070
1645526955.810874, 2.993979, -0.080024, -2.354172
1645526955.909944, 2.981026, -0.092199, -2.296057
1645526955.989810, 2.972437, -0.102303, -2.247362
1645526956.109966, 2.960331, -0.118221, -2.195701
1645526956.209845, 2.950753, -0.131765, -2.169870
1645526956.308742, 2.942935, -0.151953, -2.119855
1645526956.388756, 2.936151, -0.163447, -2.073778
1645526956.509874, 2.927070, -0.181168, -2.003092
1645526956.608594, 2.920371, -0.196482, -1.955794
1645526956.708627, 2.921446, -0.218096, -1.905587
1645526956.807559, 2.916102, -0.234384, -1.871728
1645526956.927653, 2.910214, -0.253899, -1.842406
1645526957.007610, 2.906791, -0.267021, -1.805754
1645526957.107585, 2.903037, -0.283791, -1.769277
1645526957.206407, 2.899824, -0.300848, -1.732974
1645526957.306299, 2.899315, -0.318175, -1.687870
1645526957.426231, 2.897167, -0.338017, -1.657676
1645526957.526188, 2.895891, -0.356309, -1.617184
1645526957.625221, 2.895241, -0.373440, -1.596764
1645526957.725177, 2.894989, -0.390965, -1.567792
1645526957.825157, 2.895219, -0.408448, -1.541088
1645526957.924080, 2.895900, -0.425748, -1.516654
1645526958.004251, 2.896802, -0.439878, -1.494488
1645526958.124015, 2.901248, -0.463436, -1.460493
1645526958.204002, 2.902819, -0.477421, -1.458923
1645526958.322820, 2.905393, -0.498373, -1.432917
1645526958.402873, 2.907442, -0.512554, -1.414242
1645526958.523878, 2.911031, -0.533399, -1.385968
1645526958.602798, 2.913625, -0.547101, -1.379161
1645526958.722900, 2.917858, -0.568086, -1.358392
1645526958.821749, 2.921767, -0.585391, -1.332212
1645526958.881731, 2.924368, -0.595906, -1.318598
1645526959.001653, 2.933665, -0.619766, -1.253090
1645526959.121580, 2.940789, -0.639588, -1.181706
1645526959.220683, 2.947780, -0.655612, -1.125157
1645526959.320732, 2.955892, -0.671482, -1.062500
1645526959.400595, 2.962392, -0.687794, -1.010575
1645526959.500435, 2.972135, -0.702566, -0.953677
1645526959.599325, 2.982763, -0.716714, -0.890671
1645526959.719383, 2.996713, -0.732947, -0.820858
1645526959.820364, 3.009381, -0.749496, -0.764353
1645526959.899280, 3.019919, -0.759330, -0.726305
1645526959.999133, 3.033679, -0.770991, -0.671676
1645526960.118113, 3.050866, -0.784247, -0.630312
1645526960.218195, 3.065457, -0.794486, -0.582839
1645526960.298058, 3.078777, -0.802778, -0.534789
1645526960.417943, 3.097700, -0.813319, -0.468815
1645526960.517036, 3.113985, -0.821174, -0.429895
1645526960.596884, 3.127356, -0.827208, -0.412965
1645526960.677812, 3.140892, -0.832975, -0.382247
1645526960.816733, 3.161841, -0.837031, -0.317296
1645526960.915835, 3.179267, -0.842458, -0.285531
1645526960.995711, 3.193484, -0.846564, -0.271918
1645526961.116724, 3.214768, -0.852146, -0.226015
1645526961.175575, 3.225387, -0.854490, -0.202453
1645526961.315552, 3.251351, -0.859480, -0.168943
1645526961.414638, 3.272919, -0.864566, -0.133352
1645526961.514582, 3.291238, -0.866888, -0.111012
1645526961.614541, 3.309446, -0.868665, -0.083087
1645526961.714589, 3.328029, -0.870059, -0.061968
1645526961.813375, 3.346469, -0.871039, -0.038406
1645526961.893342, 3.361303, -0.871464, -0.015368
1645526962.013483, 3.383521, -0.871509, 0.012732
1645526962.113283, 3.402025, -0.871128, 0.040657
1645526962.232309, 3.424249, -0.869871, 0.077484
1645526962.272109, 3.430026, -0.868595, 0.095603
1645526962.412306, 3.455752, -0.865732, 0.132080
1645526962.511297, 3.474116, -0.863106, 0.159133
1645526962.552469, 3.481523, -0.861893, 0.173445
1645526962.570917, 3.485177, -0.861252, 0.178855
1645526962.692225, 3.507329, -0.856987, 0.207653
1645526962.711166, 3.510793, -0.856257, 0.211667
1645526962.751000, 3.517919, -0.854709, 0.221267
1645526962.890887, 3.543344, -0.848456, 0.263853
1645526962.929915, 3.550505, -0.846511, 0.269438
1645526962.970797, 3.557777, -0.844489, 0.277292
1645526963.010009, 3.564993, -0.842423, 0.283924
1645526963.049773, 3.572194, -0.840306, 0.291603
1645526963.129817, 3.586636, -0.835908, 0.300505
1645526963.189839, 3.597424, -0.832543, 0.307660
1645526963.269765, 3.611702, -0.827909, 0.326510
1645526963.349033, 3.625848, -0.823013, 0.343963
1645526963.389086, 3.635326, -0.820106, 0.352801
1645526963.428839, 3.642042, -0.817613, 0.361703
1645526963.468673, 3.648818, -0.815035, 0.368684
1645526963.508753, 3.655379, -0.812492, 0.371476
1645526963.668545, 3.682182, -0.802109, 0.368684
1645526963.708600, 3.689178, -0.799390, 0.375491
1645526963.748679, 3.696355, -0.796549, 0.382821
1645526963.947642, 3.729061, -0.782474, 0.428374
1645526964.386278, 3.791840, -0.751953, 0.465201
1645526964.885058, 3.823980, -0.736334, 0.424011
1645526966.101463, 3.823980, -0.736334, 0.422964
1645526966.620248, 3.823980, -0.736334, 0.422964
1645526966.699320, 3.823980, -0.736334, 0.422964
1645526966.819230, 3.824246, -0.736539, 0.423516
1645526966.918986, 3.824246, -0.736539, 0.423516
1645526967.000211, 3.824246, -0.736539, 0.423516
1645526967.118056, 3.824246, -0.736539, 0.423516
1645526967.198053, 3.824246, -0.736539, 0.423516
1645526967.317873, 3.824246, -0.736539, 0.423516
1645526967.417804, 3.824246, -0.736539, 0.423516
1645526967.516708, 3.824246, -0.736539, 0.423516
1645526967.617771, 3.824246, -0.736539, 0.423516
1645526967.736734, 3.824246, -0.736539, 0.423691
1645526967.816664, 3.826229, -0.735645, 0.423691
1645526967.916629, 3.832147, -0.733000, 0.408681
1645526968.015652, 3.842864, -0.728452, 0.386864
1645526968.115599, 3.845039, -0.727575, 0.376567
1645526968.215549, 3.844563, -0.727762, 0.363652
1645526968.315394, 3.844764, -0.727692, 0.335028
1645526968.414426, 3.845006, -0.727608, 0.318098
1645526968.514480, 3.845006, -0.727608, 0.297678
1645526968.614404, 3.844842, -0.727656, 0.279701
1645526968.694404, 3.844965, -0.727622, 0.266437
1645526968.813247, 3.845295, -0.727534, 0.243573
1645526968.933141, 3.847303, -0.725161, 0.224142
1645526969.033224, 3.847137, -0.725198, 0.207910
1645526969.113090, 3.847137, -0.725198, 0.192028
1645526969.213015, 3.847221, -0.725183, 0.162881
1645526969.312014, 3.847094, -0.725202, 0.132861
1645526969.433130, 3.847391, -0.725167, 0.094988
1645526969.531859, 3.847348, -0.725169, 0.058510
1645526969.591917, 3.850699, -0.725539, 0.037405
1645526969.710834, 3.850657, -0.725536, -0.009196
1645526969.810761, 3.850742, -0.725539, -0.047767
1645526969.910773, 3.850912, -0.725547, -0.090528
1645526970.030761, 3.851081, -0.725570, -0.141317
1645526970.109697, 3.855226, -0.724226, -0.170477
1645526970.229654, 3.855268, -0.724236, -0.222837
1645526970.310720, 3.855393, -0.724264, -0.255824
1645526970.409529, 3.855311, -0.724240, -0.297014
1645526970.509509, 3.855230, -0.724212, -0.336633
1645526970.608531, 3.855764, -0.722363, -0.386038
1645526970.729401, 3.855842, -0.722398, -0.434558
1645526970.828380, 3.855995, -0.722474, -0.476446
1645526970.908532, 3.856107, -0.722535, -0.508734
1645526971.028473, 3.855923, -0.722428, -0.563538
1645526971.107230, 3.852828, -0.720914, -0.593467
1645526971.207230, 3.852621, -0.720764, -0.640068
1645526971.307074, 3.852859, -0.720944, -0.687541
1645526971.406092, 3.852762, -0.720861, -0.725065
1645526971.525916, 3.852668, -0.720774, -0.784057
1645526971.606982, 3.848821, -0.721616, -0.820333
1645526971.725964, 3.848768, -0.721550, -0.872170
1645526971.824908, 3.848900, -0.721717, -0.924180
1645526971.905144, 3.848877, -0.721681, -0.959960
1645526972.004755, 3.848901, -0.721717, -1.008654
1645526972.104903, 3.848062, -0.720425, -1.050949
1645526972.204982, 3.848042, -0.720387, -1.101214
1645526972.324667, 3.848061, -0.720425, -1.161952
1645526972.423633, 3.848062, -0.720425, -1.202269
1645526972.503834, 3.848064, -0.720424, -1.245204
1645526972.603657, 3.847319, -0.720338, -1.294963
1645526972.722354, 3.847299, -0.720255, -1.346799
1645526972.822424, 3.847291, -0.720213, -1.400905
1645526972.902545, 3.847309, -0.720339, -1.439127
1645526973.001212, 3.847307, -0.720340, -1.485378
1645526973.121284, 3.846940, -0.720401, -1.549576
1645526973.221251, 3.846934, -0.724495, -1.603681
1645526973.321140, 3.846487, -0.732926, -1.663197
1645526973.440225, 3.845514, -0.740969, -1.724981
1645526973.520054, 3.844626, -0.746397, -1.767829
1645526973.620033, 3.842967, -0.753760, -1.824727
1645526973.719946, 3.839946, -0.764471, -1.882148
1645526973.818949, 3.837076, -0.772637, -1.943583
1645526973.900140, 3.835557, -0.778884, -1.993710
1645526973.998823, 3.834400, -0.781308, -2.051655
1645526974.098733, 3.831810, -0.786113, -2.085515
1645526974.238743, 3.824322, -0.798225, -2.163531
1645526974.318833, 3.819015, -0.805910, -2.203499
1645526974.417685, 3.815462, -0.810601, -2.241547
1645526974.517502, 3.805969, -0.813832, -2.281985
1645526974.617545, 3.797588, -0.823156, -2.327713
1645526974.716829, 3.785839, -0.835226, -2.364539
1645526974.776440, 3.778808, -0.842065, -2.380596
1645526974.897417, 3.764897, -0.855098, -2.408522
1645526974.996445, 3.752789, -0.865674, -2.443603
1645526975.096467, 3.740321, -0.875824, -2.477986
1645526975.196294, 3.730118, -0.884981, -2.509026
1645526975.275296, 3.719520, -0.892669, -2.524211
1645526975.415452, 3.700697, -0.905711, -2.552310
1645526975.515214, 3.686928, -0.914733, -2.573953
1645526975.615220, 3.672957, -0.923518, -2.594896
1645526975.694157, 3.661542, -0.930353, -2.611477
1645526975.813974, 3.645685, -0.939564, -2.627185
1645526975.854069, 3.639087, -0.940953, -2.642774
1645526975.974021, 3.621439, -0.950364, -2.658307
1645526976.112950, 3.600652, -0.961044, -2.676284
1645526976.212930, 3.585430, -0.968647, -2.681346
1645526976.292908, 3.573465, -0.974564, -2.684662
1645526976.411792, 3.555094, -0.983497, -2.693738
1645526976.493031, 3.542824, -0.989371, -2.698974
1645526976.611704, 3.524380, -0.998053, -2.704035
1645526976.711935, 3.508880, -1.005277, -2.708398
1645526976.811800, 3.493344, -1.012424, -2.712413
1645526976.911873, 3.477705, -1.019552, -2.716078
1645526977.010600, 3.462044, -1.026629, -2.719918
1645526977.110649, 3.446351, -1.033637, -2.723583
1645526977.229565, 3.424474, -1.040730, -2.729476
1645526977.309461, 3.411848, -1.046238, -2.730698
1645526977.429460, 3.392678, -1.054554, -2.736108
1645526977.529324, 3.376648, -1.061429, -2.736806
1645526977.608369, 3.363904, -1.066879, -2.738726
1645526977.728337, 3.344628, -1.075056, -2.742217
1645526977.828278, 3.328562, -1.081847, -2.740995
1645526977.908226, 3.315446, -1.087401, -2.740122
1645526978.027331, 3.296331, -1.095524, -2.739250
1645526978.107218, 3.283422, -1.101020, -2.739250
1645526978.208039, 3.267372, -1.107848, -2.738377
1645526978.307090, 3.251134, -1.114780, -2.738202
1645526978.406933, 3.235093, -1.121630, -2.737679
1645526978.525919, 3.217890, -1.129636, -2.736800
1645526978.625832, 3.201682, -1.136637, -2.731215
1645526978.725909, 3.185170, -1.143794, -2.733135
1645526978.825747, 3.168889, -1.150843, -2.733484
1645526978.925748, 3.152444, -1.157940, -2.735404
1645526979.024705, 3.136027, -1.164995, -2.736102
1645526979.104674, 3.122700, -1.170707, -2.737848
1645526979.224783, 3.102888, -1.179151, -2.740466
1645526979.323583, 3.086115, -1.186240, -2.744131
1645526979.403677, 3.073016, -1.191725, -2.744480
1645526979.504551, 3.056425, -1.198698, -2.742211
1645526979.603396, 3.040635, -1.205374, -2.740640
1645526979.703361, 3.024536, -1.212198, -2.735753
1645526979.802601, 3.011552, -1.218034, -2.731139
1645526979.923214, 2.995677, -1.224944, -2.729743
1645526980.022353, 2.981946, -1.231010, -2.720842
1645526980.102215, 2.968874, -1.236880, -2.717525
1645526980.201163, 2.953953, -1.243629, -2.717874
1645526980.261095, 2.945824, -1.247283, -2.720143
1645526980.321188, 2.937575, -1.250984, -2.719794
1645526980.521122, 2.906863, -1.264624, -2.723285
1645526980.560943, 2.900395, -1.267502, -2.722412
1645526980.580171, 2.897278, -1.268890, -2.722238
1645526980.600002, 2.894162, -1.270279, -2.721889
1645526980.640901, 2.888438, -1.272836, -2.720143
1645526981.398595, 2.804755, -1.312706, -2.657835
1645526981.597513, 2.782089, -1.324941, -2.631132
1645526982.774000, 2.769414, -1.332156, -2.615773
1645526983.332870, 2.769414, -1.332156, -2.615773
1645526984.170483, 2.769414, -1.332156, -2.615773
1645526984.809050, 2.769414, -1.332156, -2.615773
1645526984.888132, 2.771492, -1.328184, -2.618039
1645526985.007654, 2.771492, -1.328184, -2.618039
1645526985.067903, 2.771492, -1.328184, -2.618039
1645526985.206816, 2.771492, -1.328184, -2.618039
1645526985.306899, 2.771492, -1.328184, -2.618039
1645526985.426848, 2.771492, -1.328184, -2.618039
1645526985.526831, 2.771492, -1.328184, -2.618039
1645526985.625712, 2.771492, -1.328184, -2.618039
1645526985.705567, 2.771492, -1.328184, -2.618039
1645526985.826698, 2.771492, -1.328184, -2.618039
1645526985.925660, 2.771344, -1.328269, -2.618039
1645526986.025531, 2.771233, -1.328333, -2.607392
1645526986.105595, 2.771124, -1.328399, -2.598316
1645526986.204446, 2.771087, -1.328421, -2.583830
1645526986.304402, 2.770907, -1.328535, -2.563061
1645526986.423649, 2.770694, -1.328677, -2.540721
1645526986.503285, 2.770624, -1.328726, -2.526583
1645526986.623387, 2.770485, -1.328825, -2.496215
1645526986.723298, 2.770418, -1.328877, -2.470209
1645526986.823292, 2.770252, -1.329011, -2.440190
1645526986.942297, 2.769702, -1.330089, -2.401836
1645526987.002206, 2.769545, -1.330234, -2.384383
1645526987.122154, 2.769333, -1.330444, -2.344415
1645526987.202144, 2.769511, -1.330260, -2.322773
1645526987.321064, 2.769654, -1.330102, -2.282805
1645526987.401961, 2.769736, -1.330004, -2.252611
1645526987.500852, 2.768127, -1.331358, -2.216091
1645526987.600904, 2.768202, -1.331254, -2.183977
1645526987.720937, 2.768133, -1.331362, -2.139471
1645526987.799814, 2.768018, -1.331542, -2.114862
1645526987.919779, 2.768002, -1.331581, -2.067389
1645526988.019614, 2.767937, -1.331692, -2.027596
1645526988.119816, 2.771645, -1.328587, -1.987341
1645526988.218544, 2.771590, -1.328703, -1.949991
1645526988.318551, 2.771549, -1.328824, -1.905834
1645526988.418540, 2.771560, -1.328782, -1.862899
1645526988.517538, 2.771435, -1.329235, -1.823105
1645526988.617701, 2.772276, -1.332274, -1.779434
1645526988.717294, 2.772203, -1.332651, -1.732834
1645526988.817460, 2.772241, -1.332398, -1.694087
1645526988.917392, 2.772221, -1.332567, -1.644346
1645526989.016400, 2.772213, -1.332780, -1.600887
1645526989.117202, 2.771677, -1.336308, -1.553688
1645526989.216107, 2.771689, -1.336564, -1.510578
1645526989.316161, 2.771679, -1.336436, -1.466421
1645526989.416012, 2.771715, -1.336733, -1.415109
1645526989.514982, 2.771694, -1.336606, -1.374966
1645526989.614907, 2.772642, -1.338541, -1.324310
1645526989.734859, 2.772712, -1.338787, -1.266889
1645526989.834803, 2.772685, -1.338706, -1.222558
1645526989.933933, 2.772775, -1.338946, -1.176132
1645526989.994928, 2.772759, -1.338906, -1.147858
1645526990.113847, 2.771126, -1.339207, -1.091289
1645526990.212766, 2.771066, -1.339093, -1.041023
1645526990.312929, 2.771020, -1.339022, -0.994947
1645526990.413757, 2.771115, -1.339163, -0.942063
1645526990.512671, 2.771244, -1.339333, -0.898779
1645526990.612680, 2.771004, -1.341695, -0.848440
1645526990.712512, 2.770654, -1.341321, -0.796430
1645526990.811521, 2.770232, -1.340899, -0.751051
1645526990.911533, 2.770135, -1.340815, -0.711781
1645526991.011641, 2.769973, -1.340677, -0.674257
1645526991.110581, 2.770538, -1.343008, -0.644908
1645526991.230515, 2.770330, -1.342858, -0.611573
1645526991.310354, 2.770436, -1.342929, -0.583473
1645526991.410365, 2.770650, -1.343070, -0.557293
1645526991.509285, 2.770577, -1.343026, -0.526924
1645526991.609208, 2.770651, -1.343068, -0.506853
1645526991.710232, 2.770651, -1.343068, -0.507900
1645526991.828317, 2.770651, -1.343068, -0.507900
1645526991.889081, 2.770651, -1.343068, -0.507900
1645526992.007954, 2.770651, -1.343068, -0.507900
1645526992.127943, 2.770651, -1.343068, -0.507900
1645526992.227878, 2.770651, -1.343068, -0.507900
1645526992.287876, 2.770651, -1.343068, -0.507900
1645526992.406891, 2.770651, -1.343068, -0.507900
1645526992.506819, 2.770651, -1.343068, -0.507900
1645526992.606816, 2.770651, -1.343068, -0.507900
1645526992.706759, 2.770651, -1.343068, -0.507900
1645526992.805688, 2.770651, -1.343068, -0.507900
1645526992.925642, 2.770651, -1.343068, -0.507900
1645526993.025607, 2.770651, -1.343068, -0.507900
1645526993.124518, 2.770651, -1.343068, -0.507900
1645526993.185518, 2.770651, -1.343068, -0.507900
1645526993.304739, 2.770651, -1.343068, -0.507900
1645526993.404619, 2.770651, -1.343068, -0.507900
1645526993.523482, 2.770651, -1.343068, -0.507900
1645526993.624450, 2.770651, -1.343068, -0.507900
1645526993.724376, 2.770651, -1.343068, -0.507900
1645526993.823556, 2.770651, -1.343068, -0.507900
1645526993.923445, 2.770651, -1.343068, -0.507900
1645526994.023369, 2.770651, -1.343068, -0.507900
1645526994.102182, 2.770651, -1.343068, -0.507900
1645526994.202109, 2.770651, -1.343068, -0.507900
1645526994.302981, 2.770651, -1.343068, -0.507900
1645526994.400997, 2.770651, -1.343068, -0.507900
1645526994.520935, 2.770651, -1.343068, -0.507900
1645526994.600819, 2.770651, -1.343068, -0.507900
1645526994.720875, 2.770651, -1.343068, -0.507900
1645526994.819828, 2.770651, -1.343068, -0.507900
1645526994.900768, 2.770651, -1.343068, -0.507900
1645526994.999746, 2.770651, -1.343068, -0.507900
1645526995.139951, 2.770651, -1.343068, -0.507900
1645526995.219644, 2.770651, -1.343068, -0.507900
1645526995.299720, 2.770651, -1.343068, -0.507900
1645526995.418682, 2.770651, -1.343068, -0.507900
1645526995.538711, 2.770651, -1.343068, -0.507900
1645526995.618672, 2.770651, -1.343068, -0.507900
1645526995.738620, 2.770651, -1.343068, -0.507900
1645526995.817423, 2.770651, -1.343068, -0.507900
1645526995.917372, 2.770651, -1.343068, -0.507900
1645526996.017376, 2.770651, -1.343068, -0.507900
1645526996.116546, 2.770651, -1.343068, -0.507900
1645526996.236260, 2.770651, -1.343068, -0.507900
1645526996.336357, 2.770651, -1.343068, -0.507900
1645526996.436100, 2.770651, -1.343068, -0.507900
1645526996.535162, 2.770651, -1.343068, -0.507900
1645526996.635001, 2.770651, -1.343068, -0.507900
1645526996.714871, 2.770651, -1.343068, -0.507900
1645526996.814869, 2.770651, -1.343068, -0.507900
1645526996.934808, 2.770651, -1.343068, -0.507900
1645526997.034851, 2.770651, -1.343068, -0.507900
1645526997.133865, 2.770651, -1.343068, -0.507900
1645526997.233859, 2.770651, -1.343068, -0.507900
1645526997.333647, 2.770651, -1.343068, -0.507900
1645526997.412786, 2.770651, -1.343068, -0.507900
1645526997.532770, 2.770651, -1.343068, -0.507900
1645526997.632686, 2.770651, -1.343068, -0.507900
1645526997.731836, 2.770651, -1.343068, -0.507900
1645526997.792704, 2.770651, -1.343068, -0.507900
1645526997.911592, 2.770651, -1.343068, -0.507900
1645526998.011609, 2.770651, -1.343068, -0.507900
1645526998.110691, 2.770651, -1.343068, -0.507900
1645526998.211725, 2.770651, -1.343068, -0.507900
1645526998.270545, 2.770651, -1.343068, -0.507900
1645526998.410489, 2.770651, -1.343068, -0.507900
1645526998.490282, 2.770651, -1.343068, -0.507900
1645526998.569318, 2.770651, -1.343068, -0.507900
1645526998.649260, 2.770651, -1.343068, -0.507900
1645526998.809385, 2.770651, -1.343068, -0.507900
1645526998.829218, 2.770651, -1.343068, -0.507900
1645526999.029065, 2.770651, -1.343068, -0.507900
1645526999.107883, 2.770651, -1.343068, -0.507900
1645526999.128162, 2.770651, -1.343068, -0.507900
1645526999.147959, 2.770651, -1.343068, -0.507900
1645526999.188958, 2.770651, -1.343068, -0.507900
1645526999.965555, 2.770651, -1.343068, -0.507900
1645527000.384517, 2.770651, -1.343068, -0.507900
1645527000.504334, 2.770651, -1.343068, -0.507900
1645527000.943069, 2.770651, -1.343068, -0.507900
1645527001.621899, 2.770651, -1.343068, -0.507900
1645527002.438672, 2.770651, -1.343068, -0.507900
1645527002.498433, 2.770651, -1.343068, -0.507900
1645527002.617517, 2.770651, -1.343068, -0.507900
1645527002.717474, 2.770651, -1.343068, -0.507900
1645527002.817592, 2.770651, -1.343068, -0.507900
1645527002.917506, 2.770651, -1.343068, -0.507900
1645527003.016484, 2.770651, -1.343068, -0.507900
1645527003.136337, 2.770651, -1.343068, -0.507900
1645527003.217328, 2.770651, -1.343068, -0.507900
1645527003.316154, 2.770651, -1.343068, -0.507900
1645527003.396050, 2.770651, -1.343068, -0.507900
1645527003.515238, 2.770651, -1.343068, -0.507900
1645527003.635883, 2.770651, -1.343068, -0.507900
1645527003.714938, 2.770651, -1.343068, -0.507900
1645527003.794924, 2.770651, -1.343068, -0.507900
1645527003.894017, 2.770651, -1.343068, -0.507900
1645527004.033835, 2.770651, -1.343068, -0.507900
1645527004.133776, 2.770651, -1.343068, -0.507900
1645527004.234149, 2.770651, -1.343068, -0.507900
1645527004.332849, 2.770651, -1.343068, -0.508075
1645527004.432809, 2.775495, -1.345765, -0.508598
1645527004.532703, 2.781383, -1.349041, -0.508424
1645527004.631785, 2.790298, -1.353981, -0.505282
1645527004.711440, 2.795728, -1.357029, -0.521514
1645527004.811597, 2.798979, -1.358903, -0.519419
1645527004.911551, 2.802088, -1.360683, -0.523259
1645527005.010396, 2.804155, -1.361878, -0.536523
1645527005.090544, 2.804010, -1.361789, -0.540887
1645527005.210426, 2.803827, -1.361679, -0.568638
1645527005.270519, 2.803827, -1.361679, -0.567416
1645527005.410251, 2.805085, -1.362482, -0.571081
1645527005.510236, 2.810617, -1.366100, -0.591676
1645527005.609190, 2.814212, -1.368550, -0.620823
1645527005.709071, 2.813698, -1.368169, -0.637927
1645527005.789136, 2.813664, -1.368143, -0.655729
1645527005.908060, 2.814067, -1.368458, -0.673183
1645527006.008055, 2.814001, -1.368404, -0.689938
1645527006.107898, 2.813641, -1.368103, -0.703901
1645527006.207853, 2.813576, -1.368048, -0.721179
1645527006.326879, 2.813799, -1.368247, -0.739680
1645527006.406728, 2.814019, -1.368449, -0.754864
1645527006.507696, 2.813896, -1.368330, -0.773539
1645527006.606793, 2.813684, -1.368121, -0.790643
1645527006.686877, 2.813742, -1.368182, -0.811762
1645527006.806773, 2.815393, -1.369967, -0.833753
1645527006.905624, 2.817048, -1.371805, -0.841258
1645527007.025563, 2.818802, -1.372583, -0.869442
1645527007.105416, 2.819791, -1.373758, -0.871012
1645527007.225599, 2.820820, -1.375010, -0.892655
1645527007.304406, 2.821620, -1.376007, -0.898763
1645527007.424631, 2.821515, -1.375874, -0.914471
1645527007.504232, 2.821773, -1.376213, -0.931052
1645527007.623482, 2.821973, -1.376489, -0.960548
1645527007.723269, 2.821900, -1.376385, -0.983761
1645527007.823129, 2.822134, -1.376741, -1.002261
1645527007.903091, 2.822361, -1.377102, -1.018667
1645527008.022079, 2.822473, -1.377284, -1.046069
1645527008.122065, 2.822535, -1.377395, -1.070329
1645527008.221961, 2.823193, -1.375706, -1.101769
1645527008.301796, 2.823099, -1.375515, -1.113986
1645527008.421867, 2.823241, -1.375826, -1.158492
1645527008.521853, 2.823392, -1.376178, -1.180134
1645527008.620957, 2.823392, -1.376178, -1.207710
1645527008.700791, 2.823511, -1.376498, -1.233716
1645527008.799622, 2.823620, -1.376821, -1.263037
1645527008.899776, 2.823620, -1.376821, -1.287821
1645527008.999658, 2.827385, -1.378027, -1.317408
1645527009.119765, 2.827407, -1.378109, -1.345508
1645527009.218553, 2.827471, -1.378401, -1.366103
1645527009.318616, 2.827520, -1.378652, -1.395075
1645527009.399375, 2.827541, -1.378778, -1.412354
1645527009.518530, 2.827553, -1.378863, -1.434869
1645527009.617316, 2.827576, -1.379032, -1.474138
1645527009.697428, 2.827583, -1.379117, -1.497875
1645527009.818212, 2.825548, -1.375524, -1.561906
1645527009.917246, 2.825547, -1.375567, -1.591926
1645527009.997189, 2.825540, -1.375866, -1.633465
1645527010.136371, 2.825504, -1.376248, -1.688443
1645527010.235990, 2.825507, -1.376205, -1.731378
1645527010.296033, 2.822631, -1.374317, -1.760268
1645527010.435918, 2.822613, -1.374400, -1.823972
1645527010.494953, 2.822593, -1.374483, -1.849803
1645527010.615251, 2.822552, -1.374605, -1.905654
1645527010.694890, 2.822521, -1.374684, -1.946494
1645527010.813882, 2.820563, -1.373161, -2.000001
1645527010.913728, 2.820581, -1.373122, -2.046950
1645527011.013790, 2.820520, -1.373234, -2.097565
1645527011.113734, 2.820407, -1.373415, -2.145212
1645527011.232873, 2.820360, -1.373486, -2.196874
1645527011.312613, 2.821807, -1.373782, -2.243216
1645527011.412664, 2.821805, -1.373781, -2.289293
1645527011.512554, 2.821749, -1.373845, -2.334671
1645527011.612542, 2.821568, -1.374026, -2.387904
1645527011.692499, 2.821473, -1.374112, -2.424207
1645527011.791432, 2.820199, -1.372618, -2.474150
1645527011.911410, 2.820062, -1.372721, -2.534189
1645527012.011357, 2.819957, -1.372793, -2.581313
1645527012.131311, 2.819773, -1.372902, -2.642225
1645527012.230361, 2.819698, -1.372942, -2.693363
1645527012.330299, 2.817245, -1.370698, -2.742158
1645527012.410077, 2.817047, -1.370777, -2.785093
1645527012.450178, 2.816967, -1.370806, -2.801325
1645527012.609105, 2.816762, -1.370868, -2.885275
1645527012.709043, 2.816763, -1.370868, -2.937286
1645527012.829046, 2.815233, -1.369236, -3.000215
1645527012.928021, 2.815148, -1.369244, -3.053971
1645527013.027984, 2.814978, -1.369258, -3.106156
1645527013.087896, 2.810796, -1.366512, -3.141201
1645527013.227754, 2.810583, -1.366508, 3.068332
1645527013.287815, 2.810413, -1.366495, 3.034472
1645527013.407908, 2.810159, -1.366463, 2.969197
1645527013.506743, 2.810097, -1.364946, 2.922951
1645527013.606783, 2.809808, -1.364872, 2.870067
1645527013.726845, 2.809848, -1.364887, 2.806712
1645527013.825664, 2.809568, -1.364785, 2.754875
1645527013.925551, 2.806707, -1.362929, 2.699789
1645527013.985656, 2.806591, -1.362874, 2.664010
1645527014.104390, 2.806480, -1.362811, 2.603796
1645527014.204448, 2.806408, -1.362765, 2.550912
1645527014.304415, 2.805496, -1.361970, 2.497272
1645527014.404333, 2.805395, -1.361890, 2.443865
1645527014.503240, 2.803486, -1.360187, 2.390458
1645527014.564279, 2.801609, -1.358386, 2.350141
1645527014.723191, 2.796533, -1.350406, 2.263856
1645527014.803132, 2.795613, -1.349286, 2.218652
1645527014.902997, 2.794577, -1.347825, 2.168037
1645527015.022016, 2.791060, -1.342281, 2.086356
1645527015.122013, 2.786067, -1.336250, 2.038181
1645527015.201950, 2.785427, -1.334950, 1.987217
1645527015.302067, 2.784750, -1.333292, 1.936952
1645527015.400994, 2.783780, -1.330695, 1.869931
1645527015.500795, 2.783420, -1.329640, 1.823764
1645527015.620806, 2.782644, -1.326363, 1.740686
1645527015.720852, 2.782194, -1.323369, 1.694435
1645527015.819819, 2.781702, -1.318276, 1.627938
1645527015.919860, 2.780113, -1.311996, 1.574787
1645527016.000748, 2.780182, -1.306538, 1.525743
1645527016.099929, 2.780762, -1.298073, 1.472685
1645527016.199749, 2.781979, -1.288170, 1.402523
1645527016.298652, 2.783823, -1.278581, 1.347894
1645527016.318769, 2.783737, -1.275062, 1.331929
1645527016.498594, 2.785400, -1.268931, 1.252342
1645527016.538667, 2.785493, -1.268647, 1.247979
1645527016.557576, 2.785561, -1.268445, 1.242917
1645527016.578641, 2.785643, -1.268203, 1.231922
1645527016.598652, 2.785757, -1.267881, 1.223195
1645527016.718544, 2.785771, -1.267841, 1.215865
1645527016.757453, 2.785771, -1.267841, 1.214294
1645527016.797435, 2.785771, -1.267841, 1.213247
1645527016.857447, 2.785786, -1.267801, 1.214818
1645527017.037320, 2.786035, -1.267120, 1.231573
1645527017.356191, 2.786226, -1.266554, 1.292310
1645527017.833897, 2.786249, -1.266472, 1.307145
1645527019.270395, 2.786249, -1.266472, 1.306971
1645527020.266852, 2.786249, -1.266472, 1.306971
1645527020.426825, 2.786249, -1.266472, 1.306971
1645527020.526904, 2.786249, -1.266472, 1.306971
1645527020.626643, 2.786249, -1.266472, 1.306971
1645527020.725692, 2.786249, -1.266472, 1.306971
1645527020.825662, 2.786249, -1.266472, 1.306971
1645527020.925564, 2.786249, -1.266472, 1.306971
1645527021.026687, 2.786249, -1.266472, 1.306971
1645527021.144693, 2.786249, -1.266472, 1.306971
1645527021.205450, 2.786249, -1.266472, 1.306971
1645527021.304626, 2.786249, -1.266472, 1.306971
1645527021.424452, 2.786249, -1.266472, 1.306971
1645527021.504483, 2.786249, -1.266472, 1.307145
1645527021.604579, 2.786360, -1.266061, 1.307145
1645527021.723341, 2.786447, -1.265731, 1.319886
1645527021.823264, 2.786520, -1.265441, 1.330882
1645527021.923317, 2.786590, -1.265151, 1.348859
1645527022.022116, 2.786672, -1.264776, 1.361949
1645527022.122108, 2.786830, -1.263981, 1.388478
1645527022.222070, 2.786898, -1.263604, 1.398950
1645527022.322045, 2.787053, -1.262635, 1.425828
1645527022.421066, 2.787132, -1.262087, 1.433333
1645527022.520915, 2.787192, -1.261578, 1.467890
1645527022.621091, 2.787230, -1.261196, 1.479933
1645527022.700794, 2.787258, -1.260856, 1.510302
1645527022.839956, 2.787279, -1.260473, 1.532817
1645527022.900925, 2.786118, -1.260172, 1.564031
1645527023.019704, 2.786117, -1.260172, 1.586022
1645527023.079767, 2.786114, -1.260044, 1.609410
1645527023.219698, 2.786100, -1.259789, 1.642222
1645527023.298577, 2.786094, -1.259746, 1.676081
1645527023.418723, 2.786047, -1.259365, 1.702436
1645527023.498546, 2.785927, -1.258564, 1.744673
1645527023.597459, 2.786702, -1.256641, 1.775356
1645527023.717395, 2.786771, -1.256931, 1.818641
1645527023.817298, 2.786693, -1.256643, 1.854420
1645527023.917209, 2.786770, -1.256887, 1.894737
1645527023.997206, 2.786657, -1.256565, 1.927375
1645527024.116248, 2.786722, -1.256723, 1.976069
1645527024.216103, 2.787603, -1.256339, 2.022866
1645527024.316107, 2.787602, -1.256340, 2.059168
1645527024.416063, 2.787520, -1.256190, 2.106816
1645527024.514961, 2.787585, -1.256300, 2.148878
1645527024.616165, 2.787563, -1.256263, 2.194431
1645527024.714964, 2.791344, -1.256115, 2.238753
1645527024.814804, 2.791427, -1.256213, 2.280990
1645527024.914803, 2.791257, -1.256022, 2.329859
1645527025.013844, 2.791345, -1.256114, 2.365813
1645527025.093759, 2.791254, -1.256025, 2.408922
1645527025.193835, 2.792406, -1.256458, 2.452227
1645527025.312730, 2.792475, -1.256508, 2.505983
1645527025.412688, 2.792196, -1.256312, 2.554154
1645527025.472593, 2.792303, -1.256382, 2.579636
1645527025.592794, 2.792230, -1.256338, 2.636708
1645527025.691700, 2.792603, -1.255393, 2.680401
1645527025.831481, 2.792567, -1.255370, 2.747421
1645527025.891409, 2.792487, -1.255340, 2.776045
1645527025.971586, 2.792607, -1.255385, 2.816536
1645527026.130430, 2.792567, -1.255369, 2.890364
1645527026.170492, 2.793655, -1.255449, 2.904567
1645527026.310040, 2.793574, -1.255424, 2.972635
1645527026.410138, 2.793363, -1.255392, 3.026391
1645527026.529223, 2.793575, -1.255413, 3.079275
1645527026.569062, 2.793703, -1.255419, 3.102837
1645527026.689149, 2.794071, -1.255625, -3.122806
1645527026.809021, 2.794241, -1.255618, -3.063465
1645527026.908118, 2.794198, -1.255619, -3.014246
1645527027.008193, 2.794115, -1.255636, -2.963632
1645527027.108106, 2.794536, -1.254541, -2.909861
1645527027.186922, 2.794494, -1.254550, -2.870416
1645527027.326852, 2.794496, -1.254554, -2.801127
1645527027.406723, 2.794655, -1.254494, -2.759588
1645527027.506642, 2.796512, -1.253373, -2.703132
1645527027.625724, 2.796247, -1.253510, -2.648852
1645527027.705673, 2.796433, -1.253406, -2.605393
1645527027.805519, 2.796540, -1.253337, -2.551463
1645527027.905630, 2.796542, -1.253339, -2.506259
1645527028.005610, 2.796304, -1.255422, -2.450010
1645527028.124145, 2.796303, -1.255421, -2.385083
1645527028.225395, 2.796273, -1.255452, -2.331676
1645527028.324386, 2.796419, -1.255297, -2.283156
1645527028.424285, 2.796893, -1.255847, -2.226320
1645527028.523311, 2.796817, -1.255950, -2.172913
1645527028.743130, 2.796972, -1.255695, -2.060165
1645527028.823097, 2.797271, -1.255214, -2.013203
1645527028.902053, 2.797396, -1.254943, -1.973933
1645527029.002031, 2.797440, -1.254823, -1.917035
1645527029.122097, 2.797385, -1.254985, -1.854029
1645527029.181118, 2.797584, -1.255144, -1.821073
1645527029.320937, 2.797616, -1.254976, -1.745151
1645527029.420905, 2.797630, -1.254849, -1.688777
1645527029.520993, 2.797697, -1.254170, -1.637115
1645527029.619732, 2.800818, -1.255378, -1.585143
1645527029.680858, 2.800816, -1.255506, -1.552331
1645527029.739725, 2.800812, -1.255335, -1.518821
1645527029.999673, 2.801685, -1.253504, -1.357300
1645527030.119532, 2.801747, -1.253752, -1.291850
1645527030.218521, 2.801747, -1.253752, -1.241585
1645527030.318617, 2.801763, -1.253791, -1.181720
1645527030.418413, 2.802578, -1.251686, -1.121556
1645527030.518525, 2.802596, -1.251725, -1.063786
1645527030.617289, 2.802659, -1.251836, -1.011251
1645527030.717251, 2.802638, -1.251798, -0.952434
1645527030.817259, 2.804062, -1.247472, -0.893944
1645527030.936087, 2.804144, -1.247571, -0.831810
1645527031.016392, 2.804232, -1.247664, -0.784861
1645527031.116275, 2.804294, -1.247722, -0.725694
1645527031.216234, 2.805100, -1.246170, -0.671470
1645527031.296041, 2.805100, -1.246171, -0.624695
1645527031.415211, 2.805134, -1.246196, -0.554358
1645527031.514894, 2.805208, -1.246239, -0.501998
1645527031.594942, 2.805344, -1.245888, -0.453069
1645527031.734779, 2.805381, -1.245908, -0.371737
1645527031.833882, 2.805543, -1.245963, -0.310825
1645527031.893716, 2.805502, -1.245951, -0.280282
1645527032.033670, 2.805937, -1.247657, -0.200014
1645527032.133760, 2.805979, -1.247667, -0.141720
1645527032.232654, 2.805936, -1.247662, -0.084648
1645527032.292667, 2.805936, -1.247664, -0.049916
1645527032.432545, 2.805398, -1.245646, 0.029767
1645527032.492492, 2.805483, -1.245641, 0.065023
1645527032.592627, 2.805398, -1.245650, 0.123317
1645527032.731500, 2.805899, -1.245543, 0.210409
1645527032.812409, 2.805815, -1.245559, 0.253169
1645527032.891395, 2.808431, -1.244660, 0.299999
1645527033.011336, 2.808471, -1.244646, 0.368590
1645527033.111210, 2.808551, -1.244616, 0.428455
1645527033.230207, 2.809600, -1.243290, 0.493530
1645527033.290180, 2.809599, -1.243289, 0.532626
1645527033.430257, 2.809707, -1.243221, 0.614133
1645527033.509171, 2.809812, -1.243149, 0.657068
1645527033.609021, 2.807647, -1.242648, 0.715635
1645527033.709116, 2.807616, -1.242677, 0.777070
1645527033.808044, 2.807707, -1.242587, 0.833794
1645527033.927981, 2.807820, -1.242460, 0.903781
1645527034.007969, 2.808843, -1.241664, 0.955742
1645527034.107918, 2.808818, -1.241698, 1.017526
1645527034.226832, 2.808967, -1.241440, 1.083151
1645527034.267742, 2.809027, -1.241326, 1.109680
1645527034.286744, 2.811364, -1.239197, 1.123007
1645527034.306779, 2.811346, -1.239236, 1.134701
1645527034.526804, 2.811422, -1.239037, 1.260016
1645527034.586508, 2.811435, -1.238996, 1.298064
1645527034.606406, 2.811435, -1.238996, 1.308710
1645527034.645606, 2.811446, -1.238955, 1.330701
1645527035.603060, 2.814494, -1.238218, 1.904098
1645527036.161930, 2.814456, -1.238142, 2.237282
1645527037.098608, 2.814455, -1.238143, 2.277075
1645527038.354804, 2.814455, -1.238143, 2.277075
1645527038.514826, 2.814455, -1.238143, 2.277075
1645527038.614854, 2.814455, -1.238143, 2.277075
1645527038.694705, 2.818757, -1.234276, 2.281415
1645527038.833791, 2.818757, -1.234276, 2.281415
1645527038.913584, 2.818757, -1.234276, 2.281415
1645527039.033625, 2.818757, -1.234276, 2.281415
1645527039.132541, 2.818757, -1.234276, 2.281415
1645527039.232412, 2.818757, -1.234276, 2.281415
1645527039.312374, 2.818757, -1.234276, 2.281415
1645527039.412409, 2.818757, -1.234276, 2.281415
1645527039.532441, 2.818757, -1.234276, 2.281415
1645527039.612273, 2.818757, -1.234276, 2.281589
1645527039.711260, 2.818645, -1.234147, 2.281589
1645527039.831159, 2.818337, -1.233793, 2.297472
1645527039.931193, 2.818138, -1.233571, 2.313005
1645527039.990139, 2.819628, -1.232177, 2.328958
1645527040.130078, 2.819418, -1.231964, 2.355836
1645527040.210019, 2.819267, -1.231814, 2.383063
1645527040.309962, 2.819269, -1.231812, 2.405054
1645527040.428853, 2.818975, -1.231564, 2.449560
1645527040.508794, 2.818812, -1.231428, 2.468410
1645527040.608814, 2.818979, -1.231560, 2.507854
1645527040.728774, 2.818667, -1.231336, 2.538747
1645527040.827644, 2.818881, -1.231792, 2.573999
1645527040.927639, 2.818409, -1.231501, 2.597910
1645527040.987927, 2.818482, -1.231544, 2.622519
1645527041.107447, 2.818519, -1.231565, 2.656728
1645527041.207605, 2.818407, -1.231503, 2.700710
1645527041.307580, 2.818368, -1.231486, 2.728984
1645527041.447335, 2.819676, -1.229443, 2.781875
1645527041.506272, 2.819596, -1.229413, 2.795489
1645527041.626287, 2.819516, -1.229385, 2.851514
1645527041.705264, 2.819556, -1.229397, 2.865476
1645527041.805194, 2.819308, -1.229334, 2.911902
1645527041.905215, 2.819267, -1.229324, 2.938431
1645527042.045127, 2.817343, -1.229356, 2.988301
1645527042.124108, 2.817343, -1.229356, 3.002788
1645527042.224206, 2.817427, -1.229367, 3.031935
1645527042.324208, 2.817300, -1.229355, 3.062652
1645527042.424006, 2.817257, -1.229351, 3.083422
1645527042.522954, 2.817215, -1.229349, 3.104191
1645527042.622785, 2.817172, -1.229349, 3.131418
1645527042.722907, 2.816959, -1.229349, -3.129950
1645527042.822775, 2.816831, -1.229353, -3.109704
1645527042.862839, 2.816916, -1.229350, -3.103247
1645527043.022756, 2.818015, -1.228962, -3.061130
1645527043.121699, 2.817887, -1.228973, -3.043327
1645527043.221625, 2.817887, -1.228973, -3.045073
1645527043.321623, 2.817887, -1.228973, -3.045073
1645527043.440656, 2.817887, -1.228973, -3.044898
1645527043.461594, 2.817887, -1.228973, -3.044898
1645527043.640534, 2.817887, -1.228973, -3.045073
1645527043.699370, 2.817887, -1.228973, -3.045073
1645527043.819362, 2.817887, -1.228973, -3.045073
1645527043.900365, 2.817887, -1.228973, -3.045073
1645527043.999310, 2.817887, -1.228973, -3.045073
1645527044.118209, 2.817887, -1.228973, -3.045073
1645527044.219273, 2.817887, -1.228973, -3.045073
1645527044.298150, 2.817887, -1.228973, -3.045073
1645527044.398135, 2.817887, -1.228973, -3.045073
1645527044.498144, 2.817887, -1.228973, -3.045073
1645527044.596961, 2.817887, -1.228973, -3.045073
1645527044.717046, 2.817887, -1.228973, -3.045073
1645527044.777163, 2.817887, -1.228973, -3.045073
1645527044.836955, 2.817887, -1.228973, -3.045073
1645527045.015886, 2.817887, -1.228973, -3.045073
1645527045.116003, 2.817887, -1.228973, -3.045073
1645527045.215725, 2.817887, -1.228973, -3.045073
1645527045.314749, 2.817887, -1.228973, -3.045073
1645527045.414628, 2.817887, -1.228973, -3.045073
1645527045.534771, 2.817887, -1.228973, -3.045073
1645527045.594734, 2.817887, -1.228973, -3.045073
1645527045.713611, 2.817887, -1.228973, -3.045073
1645527045.814783, 2.817887, -1.228973, -3.045073
1645527045.914586, 2.817887, -1.228973, -3.045073
1645527045.993410, 2.817887, -1.228973, -3.045073
1645527046.113544, 2.817887, -1.228973, -3.045073
1645527046.213543, 2.817887, -1.228973, -3.045073
1645527046.312403, 2.817887, -1.228973, -3.045073
1645527046.412523, 2.817887, -1.228973, -3.045073
1645527046.532221, 2.817887, -1.228973, -3.045073
1645527046.632110, 2.817887, -1.228973, -3.045073
1645527046.731076, 2.817887, -1.228973, -3.045073
1645527046.831054, 2.817887, -1.228973, -3.045073
1645527046.931013, 2.817887, -1.228973, -3.045073
1645527047.010010, 2.817887, -1.228973, -3.045073
1645527047.110002, 2.817887, -1.228973, -3.045073
1645527047.210833, 2.817887, -1.228973, -3.045073
1645527047.309928, 2.817887, -1.228973, -3.045073
1645527047.428671, 2.817887, -1.228973, -3.045073
1645527047.508837, 2.817887, -1.228973, -3.045073
1645527047.629575, 2.817887, -1.228973, -3.045073
1645527047.728910, 2.817887, -1.228973, -3.045073
1645527047.828749, 2.817887, -1.228973, -3.045073
1645527047.887661, 2.817887, -1.228973, -3.045073
1645527048.007600, 2.817887, -1.228973, -3.045073
1645527048.127731, 2.817887, -1.228973, -3.045073
1645527048.207470, 2.817887, -1.228973, -3.045073
1645527048.326576, 2.817887, -1.228973, -3.045073
1645527048.426537, 2.817887, -1.228973, -3.045073
1645527048.526434, 2.817887, -1.228973, -3.045073
1645527048.605426, 2.817887, -1.228973, -3.045073
1645527048.725223, 2.817887, -1.228973, -3.045073
1645527048.825428, 2.817887, -1.228973, -3.045073
1645527048.885281, 2.817887, -1.228973, -3.045073
1645527049.004183, 2.817887, -1.228973, -3.045073
1645527049.105215, 2.817887, -1.228973, -3.045073
1645527049.224068, 2.817887, -1.228973, -3.045073
1645527049.324146, 2.817887, -1.228973, -3.045073
1645527049.423056, 2.817887, -1.228973, -3.045073
1645527049.522968, 2.817887, -1.228973, -3.045073
1645527049.622841, 2.817887, -1.228973, -3.045073
1645527049.702762, 2.817887, -1.228973, -3.045073
1645527049.802774, 2.817887, -1.228973, -3.045073
1645527049.922925, 2.817887, -1.228973, -3.045073
1645527050.021742, 2.817887, -1.228973, -3.045073
1645527050.101675, 2.817887, -1.228973, -3.045073
1645527050.221703, 2.817887, -1.228973, -3.045073
1645527050.320588, 2.817887, -1.228973, -3.045073
1645527050.420627, 2.817887, -1.228973, -3.045073
1645527050.520681, 2.817887, -1.228973, -3.045073
1645527050.620569, 2.817887, -1.228973, -3.045073
1645527050.719465, 2.817887, -1.228973, -3.045073
1645527050.819387, 2.817887, -1.228973, -3.045073
1645527050.919440, 2.817887, -1.228973, -3.045073
1645527051.018374, 2.817887, -1.228973, -3.045073
1645527051.119465, 2.817887, -1.228973, -3.045073
1645527051.219319, 2.817887, -1.228973, -3.045073
1645527051.318063, 2.817887, -1.228973, -3.045073
1645527051.418289, 2.817887, -1.228973, -3.045073
1645527051.518127, 2.817887, -1.228973, -3.045073
1645527051.616949, 2.817887, -1.228973, -3.045073
1645527051.717100, 2.817887, -1.228973, -3.045073
1645527051.817241, 2.817887, -1.228973, -3.045073
1645527051.916003, 2.817887, -1.228973, -3.045073
1645527052.015795, 2.817887, -1.228973, -3.045073
1645527052.115939, 2.817887, -1.228973, -3.045073
1645527052.215665, 2.817887, -1.228973, -3.045073
1645527052.314716, 2.817887, -1.228973, -3.045073
1645527052.415491, 2.817887, -1.228973, -3.045073
1645527052.515810, 2.817887, -1.228973, -3.045073
1645527052.614457, 2.817887, -1.228973, -3.045073
1645527052.694501, 2.817887, -1.228973, -3.045073
1645527052.834541, 2.817887, -1.228973, -3.045073
1645527052.893487, 2.817887, -1.228973, -3.045073
1645527053.033337, 2.817887, -1.228973, -3.045073
1645527053.133573, 2.817887, -1.228973, -3.045073
1645527053.212458, 2.817887, -1.228973, -3.045073
1645527053.312422, 2.817887, -1.228973, -3.045073
1645527053.412161, 2.817887, -1.228973, -3.045073
1645527053.532166, 2.817887, -1.228973, -3.045073
1645527053.631404, 2.817887, -1.228973, -3.045073
1645527053.731004, 2.817887, -1.228973, -3.045073
1645527053.830919, 2.817887, -1.228973, -3.045073
1645527053.929963, 2.817887, -1.228973, -3.045073
1645527053.970844, 2.817887, -1.228973, -3.045073
1645527054.229773, 2.817887, -1.228973, -3.045073
1645527054.309887, 2.817887, -1.228973, -3.045073
1645527054.409759, 2.817887, -1.228973, -3.045073
1645527054.529617, 2.817887, -1.228973, -3.045073
1645527054.628787, 2.817887, -1.228973, -3.045073
1645527054.728879, 2.817887, -1.228973, -3.045073
1645527054.807619, 2.817887, -1.228973, -3.045073
1645527054.907553, 2.817887, -1.228973, -3.045073
1645527054.947573, 2.817887, -1.228973, -3.045073
1645527055.107599, 2.817887, -1.228973, -3.045073
1645527055.206585, 2.817887, -1.228973, -3.045073
1645527055.306633, 2.817887, -1.228973, -3.045073
1645527055.426487, 2.817887, -1.228973, -3.045073
1645527055.525343, 2.817887, -1.228973, -3.045073
1645527055.625320, 2.817887, -1.228973, -3.045073
1645527055.705213, 2.817887, -1.228973, -3.045073
1645527055.805171, 2.817887, -1.228973, -3.045073
1645527055.924325, 2.817887, -1.228973, -3.045073
1645527056.024136, 2.817887, -1.228973, -3.045073
1645527056.144235, 2.817887, -1.228973, -3.045073
1645527056.223975, 2.817887, -1.228973, -3.045073
1645527056.323914, 2.817887, -1.228973, -3.045073
1645527056.362858, 2.817887, -1.228973, -3.045073
1645527056.522857, 2.817887, -1.228973, -3.045073
1645527056.602877, 2.817887, -1.228973, -3.045073
1645527056.742758, 2.817887, -1.228973, -3.045073
1645527056.781720, 2.817887, -1.228973, -3.045073
1645527056.901591, 2.817887, -1.228973, -3.045073
1645527056.961672, 2.817887, -1.228973, -3.045073
1645527057.100461, 2.817887, -1.228973, -3.045073
1645527057.220462, 2.817887, -1.228973, -3.045073
1645527057.300418, 2.817887, -1.228973, -3.045073
1645527057.420611, 2.817887, -1.228973, -3.045073
1645527057.519433, 2.817887, -1.228973, -3.045073
1645527057.620494, 2.817887, -1.228973, -3.045073
1645527057.719527, 2.817887, -1.228973, -3.045073
1645527057.839272, 2.817887, -1.228973, -3.045073
1645527057.918187, 2.817887, -1.228973, -3.045073
1645527058.018176, 2.817887, -1.228973, -3.045073
1645527058.118162, 2.817887, -1.228973, -3.045073
1645527058.218060, 2.817887, -1.228973, -3.045073
1645527058.258030, 2.817887, -1.228973, -3.045073
1645527058.417948, 2.817887, -1.228973, -3.045073
1645527058.516871, 2.817887, -1.228973, -3.045073
1645527058.536969, 2.817887, -1.228973, -3.045073
1645527058.557850, 2.817887, -1.228973, -3.045073
1645527058.596731, 2.817887, -1.228973, -3.045073
1645527058.636828, 2.817887, -1.228973, -3.045073
1645527059.633349, 2.817887, -1.228973, -3.045073
1645527059.753304, 2.817887, -1.228973, -3.045073
1645527059.913437, 2.817887, -1.228973, -3.045073
1645527060.969821, 2.817887, -1.228973, -3.045073
1645527062.525300, 2.817887, -1.228973, -3.045073
1645527062.584975, 2.817887, -1.228973, -3.045073
1645527062.684077, 2.817887, -1.228973, -3.045073
1645527062.823646, 2.817887, -1.228973, -3.045073
1645527062.924030, 2.817887, -1.228973, -3.045073
1645527063.003838, 2.817887, -1.228973, -3.045073
1645527063.102895, 2.817887, -1.228973, -3.045073
1645527063.202816, 2.817887, -1.228973, -3.045073
1645527063.323844, 2.817887, -1.228973, -3.045073
1645527063.421709, 2.817887, -1.228973, -3.045073
1645527063.541723, 2.817887, -1.228973, -3.045073
1645527063.621611, 2.817887, -1.228973, -3.045073
1645527063.721705, 2.817887, -1.228973, -3.045073
1645527063.820595, 2.817887, -1.228973, -3.045073
1645527063.921520, 2.817887, -1.228973, -3.045073
1645527064.020765, 2.817887, -1.228973, -3.045073
1645527064.120525, 2.817887, -1.228973, -3.045073
1645527064.200448, 2.817887, -1.228973, -3.045073
1645527064.320398, 2.817887, -1.228973, -3.045073
1645527064.399392, 2.817887, -1.228973, -3.045073
1645527064.499276, 2.817887, -1.228973, -3.045073
1645527064.599202, 2.817887, -1.228973, -3.045073
1645527064.718171, 2.817887, -1.228973, -3.045073
1645527064.818191, 2.817887, -1.228973, -3.045073
1645527064.918395, 2.817887, -1.228973, -3.045073
1645527065.017043, 2.817887, -1.228973, -3.045073
1645527065.117170, 2.817887, -1.228973, -3.045073
1645527065.217007, 2.817887, -1.228973, -3.045073
1645527065.337032, 2.817887, -1.228973, -3.045073
1645527065.416122, 2.817887, -1.228973, -3.045073
1645527065.496795, 2.817887, -1.228973, -3.045073
1645527065.616721, 2.817887, -1.228973, -3.045073
1645527065.735939, 2.817887, -1.228973, -3.045073
1645527065.834793, 2.817887, -1.228973, -3.045073
1645527065.894835, 2.817887, -1.228973, -3.045073
1645527066.034685, 2.817887, -1.228973, -3.045073
1645527066.114690, 2.817887, -1.228973, -3.045073
1645527066.194515, 2.817887, -1.228973, -3.045073
1645527066.334629, 2.817887, -1.228973, -3.045073
1645527066.413460, 2.817887, -1.228973, -3.045073
1645527066.513427, 2.817887, -1.228973, -3.045073
1645527066.592587, 2.817887, -1.228973, -3.045073
1645527066.712289, 2.817887, -1.228973, -3.045073
1645527066.812248, 2.817887, -1.228973, -3.045073
1645527066.913302, 2.817887, -1.228973, -3.045073
1645527067.031430, 2.817887, -1.228973, -3.045073
1645527067.131216, 2.817887, -1.228973, -3.045073
1645527067.231110, 2.817887, -1.228973, -3.045073
1645527067.331046, 2.817887, -1.228973, -3.045073
1645527067.411125, 2.817887, -1.228973, -3.045073
1645527067.510032, 2.817887, -1.228973, -3.045073
1645527067.630812, 2.817887, -1.228973, -3.045073
1645527067.729845, 2.817887, -1.228973, -3.045073
1645527067.829778, 2.817887, -1.228973, -3.045073
1645527067.929807, 2.817887, -1.228973, -3.045073
1645527068.028828, 2.817887, -1.228973, -3.045073
1645527068.108730, 2.817887, -1.228973, -3.045073
1645527068.208575, 2.817887, -1.228973, -3.045073
1645527068.307590, 2.817887, -1.228973, -3.045073
1645527068.407704, 2.817887, -1.228973, -3.045073
1645527068.527652, 2.817887, -1.228973, -3.045073
1645527068.626469, 2.817887, -1.228973, -3.045073
1645527068.706598, 2.817887, -1.228973, -3.045073
1645527068.826421, 2.817887, -1.228973, -3.045073
1645527068.906263, 2.817887, -1.228973, -3.045073
1645527069.025223, 2.817887, -1.228973, -3.045073
1645527069.125217, 2.817887, -1.228973, -3.045073
1645527069.205319, 2.817887, -1.228973, -3.045073
1645527069.305192, 2.817887, -1.228973, -3.045073
1645527069.425173, 2.817887, -1.228973, -3.045073
1645527069.524100, 2.817887, -1.228973, -3.045073
1645527069.645021, 2.817887, -1.228973, -3.045073
1645527069.722862, 2.817887, -1.228973, -3.045073
1645527069.823920, 2.817887, -1.228973, -3.045073
1645527069.922876, 2.817887, -1.228973, -3.045073
1645527070.022771, 2.817887, -1.228973, -3.045073
1645527070.122778, 2.817887, -1.228973, -3.045073
1645527070.222694, 2.817887, -1.228973, -3.045073
1645527070.321773, 2.817887, -1.228973, -3.045073
1645527070.401765, 2.817887, -1.228973, -3.045073
1645527070.521646, 2.817887, -1.228973, -3.045073
1645527070.620713, 2.817887, -1.228973, -3.045073
1645527070.700817, 2.817887, -1.228973, -3.045073
1645527070.801635, 2.817887, -1.228973, -3.045073
1645527070.919382, 2.817887, -1.228973, -3.045073
1645527071.039585, 2.817887, -1.228973, -3.045073
1645527071.119521, 2.817887, -1.228973, -3.045073
1645527071.219415, 2.817887, -1.228973, -3.045073
1645527071.318471, 2.817887, -1.228973, -3.045073
1645527071.419335, 2.817887, -1.228973, -3.045073
1645527071.519298, 2.817887, -1.228973, -3.045073
1645527071.618052, 2.817887, -1.228973, -3.045073
1645527071.718179, 2.817887, -1.228973, -3.045073
1645527071.818187, 2.817887, -1.228973, -3.045073
1645527071.897075, 2.817887, -1.228973, -3.045073
1645527072.017484, 2.817887, -1.228973, -3.045073
1645527072.117008, 2.817887, -1.228973, -3.045073
1645527072.195693, 2.817887, -1.228973, -3.045073
1645527072.315980, 2.817887, -1.228973, -3.045073
1645527072.416118, 2.817887, -1.228973, -3.045073
1645527072.515796, 2.817887, -1.228973, -3.045073
1645527072.614789, 2.817887, -1.228973, -3.045073
1645527072.714750, 2.817887, -1.228973, -3.045073
