1645526860.202171, 0.019245, -0.007443, -0.003148
1645526860.302222, 0.019245, -0.007443, -0.003148
1645526860.401487, 0.019245, -0.007443, -0.003148
1645526860.500974, 0.019245, -0.007443, -0.003148
1645526860.620957, 0.019245, -0.007443, -0.003148
1645526860.699942, 0.019245, -0.007443, -0.003148
1645526860.799941, 0.019245, -0.007443, -0.003148
1645526860.898711, 0.019245, -0.007443, -0.003148
1645526861.018757, 0.019245, -0.007443, -0.003148
1645526861.078630, 0.019245, -0.007443, -0.003148
1645526861.197634, 0.019245, -0.007443, -0.003148
1645526861.317444, 0.019245, -0.007443, -0.003148
1645526861.378338, 0.019245, -0.007443, -0.003148
1645526861.496378, 0.019245, -0.007443, -0.003148
1645526861.596134, 0.019245, -0.007443, -0.003148
1645526861.696081, 0.019245, -0.007443, -0.003148
1645526861.795041, 0.019245, -0.007443, -0.003148
1645526861.895063, 0.019245, -0.007443, -0.003148
1645526862.015013, 0.019245, -0.007443, -0.003148
1645526862.094879, 0.019245, -0.007443, -0.003148
1645526862.193817, 0.019245, -0.007443, -0.003148
1645526862.293742, 0.019245, -0.007443, -0.003148
1645526862.393674, 0.019245, -0.007443, -0.003148
1645526862.493607, 0.019245, -0.007443, -0.003148
1645526862.612476, 0.019245, -0.007443, -0.003148
1645526862.712507, 0.019245, -0.007443, -0.003148
1645526862.811340, 0.019245, -0.007443, -0.003148
1645526862.872247, 0.019245, -0.007443, -0.003148
1645526863.011237, 0.019245, -0.007443, -0.003148
1645526863.150102, 0.019245, -0.007443, -0.003148
1645526863.229977, 0.019245, -0.007443, -0.003148
1645526863.408987, 0.019245, -0.007443, -0.003148
1645526863.508845, 0.019245, -0.007443, -0.003148
1645526863.608835, 0.019245, -0.007443, -0.003148
1645526863.707834, 0.019245, -0.007443, -0.003148
1645526863.807829, 0.019245, -0.007443, -0.003148
1645526863.907615, 0.019245, -0.007443, -0.003148
1645526864.006469, 0.019245, -0.007443, -0.003148
1645526864.106446, 0.019245, -0.007443, -0.003148
1645526864.206316, 0.019245, -0.007443, -0.003148
1645526864.306426, 0.019245, -0.007443, -0.003148
1645526864.405423, 0.019245, -0.007443, -0.003148
1645526864.505280, 0.019245, -0.007443, -0.003148
1645526864.605273, 0.019245, -0.007443, -0.003148
1645526864.704004, 0.019245, -0.007443, -0.003148
1645526864.823944, 0.019245, -0.007443, -0.003148
1645526864.883875, 0.019245, -0.007443, -0.003148
1645526865.002753, 0.019245, -0.007443, -0.003148
1645526865.042692, 0.019245, -0.007443, -0.003148
1645526865.182575, 0.019245, -0.007443, -0.003148
1645526865.302531, 0.019245, -0.007443, -0.003148
1645526865.401401, 0.019245, -0.007443, -0.003148
1645526865.501564, 0.019245, -0.007443, -0.003148
1645526865.580290, 0.019245, -0.007443, -0.003148
1645526865.680296, 0.019245, -0.007443, -0.003148
1645526865.800194, 0.019245, -0.007443, -0.003148
1645526865.879158, 0.019245, -0.007443, -0.003148
1645526866.018899, 0.019245, -0.007443, -0.003148
1645526866.098892, 0.019245, -0.007443, -0.003148
1645526866.198876, 0.019245, -0.007443, -0.003148
1645526866.297790, 0.019245, -0.007443, -0.003148
1645526866.417879, 0.019245, -0.007443, -0.003148
1645526866.517704, 0.019245, -0.007443, -0.003148
1645526866.616529, 0.019245, -0.007443, -0.003148
1645526866.716400, 0.019245, -0.007443, -0.003148
1645526866.816278, 0.019245, -0.007443, -0.003148
1645526866.895304, 0.019245, -0.007443, -0.003148
1645526866.995156, 0.019245, -0.007443, -0.003148
1645526867.094145, 0.019245, -0.007443, -0.003148
1645526867.193897, 0.019245, -0.007443, -0.003148
1645526867.293905, 0.019245, -0.007443, -0.003148
1645526867.413866, 0.019245, -0.007443, -0.003148
1645526867.492754, 0.019245, -0.007443, -0.003148
1645526867.592712, 0.019245, -0.007443, -0.003148
1645526867.692641, 0.019245, -0.007443, -0.003148
1645526867.712830, 0.019245, -0.007443, -0.003148
1645526867.851627, 0.019245, -0.007443, -0.003148
1645526868.011400, 0.019245, -0.007443, -0.003148
1645526868.110364, 0.019245, -0.007443, -0.003148
1645526868.190183, 0.019245, -0.007443, -0.003148
1645526868.310147, 0.019245, -0.007443, -0.003148
1645526868.389262, 0.019245, -0.007443, -0.003148
1645526868.489214, 0.019245, -0.007443, -0.003148
1645526868.608979, 0.019245, -0.007443, -0.003148
1645526868.668869, 0.019245, -0.007443, -0.003148
1645526868.768858, 0.019245, -0.007443, -0.003148
1645526868.907806, 0.019245, -0.007443, -0.003148
1645526868.947958, 0.019245, -0.007443, -0.003148
1645526869.106632, 0.019245, -0.007443, -0.003148
1645526869.206596, 0.019245, -0.007443, -0.003148
1645526869.305391, 0.019245, -0.007443, -0.003148
1645526869.385379, 0.019245, -0.007443, -0.003148
1645526869.505451, 0.019245, -0.007443, -0.003148
1645526869.604378, 0.019245, -0.007443, -0.003148
1645526869.685099, 0.019245, -0.007443, -0.003148
1645526869.804105, 0.019245, -0.007443, -0.003148
1645526869.923022, 0.019245, -0.007443, -0.003148
1645526869.962949, 0.019245, -0.007443, -0.003148
1645526870.062946, 0.019245, -0.007443, -0.003148
1645526870.201952, 0.019245, -0.007443, -0.003148
1645526870.301770, 0.019245, -0.007443, -0.003148
1645526870.401798, 0.019245, -0.007443, -0.003148
1645526870.520539, 0.019245, -0.007443, -0.003148
1645526870.581617, 0.019245, -0.007443, -0.003148
1645526870.700275, 0.019245, -0.007443, -0.003148
1645526870.800394, 0.019245, -0.007443, -0.003148
1645526870.899315, 0.019245, -0.007443, -0.003148
1645526870.999246, 0.019245, -0.007443, -0.003148
1645526871.118231, 0.019245, -0.007443, -0.003148
1645526871.178965, 0.019245, -0.007443, -0.003148
1645526871.317993, 0.019245, -0.007443, -0.003148
1645526871.416939, 0.019245, -0.007443, -0.003148
1645526871.516981, 0.019245, -0.007443, -0.003148
1645526871.596862, 0.019245, -0.007443, -0.003148
1645526871.696831, 0.019245, -0.007443, -0.003148
1645526871.796773, 0.019245, -0.007443, -0.003148
1645526871.895602, 0.019245, -0.007443, -0.003148
1645526872.014369, 0.019245, -0.007443, -0.003148
1645526872.095410, 0.019245, -0.007443, -0.003148
1645526872.194357, 0.019245, -0.007443, -0.003148
1645526872.294259, 0.019245, -0.007443, -0.003148
1645526872.353366, 0.019245, -0.007443, -0.003148
1645526872.413150, 0.019245, -0.007443, -0.003148
1645526872.553116, 0.019245, -0.007443, -0.003148
1645526872.593093, 0.019245, -0.007443, -0.003148
1645526872.632016, 0.019245, -0.007443, -0.003148
1645526872.652063, 0.019245, -0.007443, -0.003148
1645526872.692995, 0.019245, -0.007443, -0.003148
1645526872.732035, 0.019245, -0.007443, -0.003148
1645526872.771874, 0.019245, -0.007443, -0.003148
1645526872.811895, 0.019245, -0.007443, -0.003148
1645526872.891986, 0.019245, -0.007443, -0.003148
1645526873.050694, 0.019245, -0.007443, -0.003148
1645526873.090702, 0.019245, -0.007443, -0.003148
1645526873.130573, 0.019245, -0.007443, -0.003148
1645526873.170575, 0.019245, -0.007443, -0.003148
1645526873.329444, 0.019245, -0.007443, -0.003148
1645526873.409595, 0.019245, -0.007443, -0.003148
1645526873.489628, 0.019245, -0.007443, -0.003148
1645526873.548380, 0.019245, -0.007443, -0.003148
1645526873.628273, 0.019245, -0.007443, -0.003148
1645526873.768214, 0.019245, -0.007443, -0.003148
1645526873.847086, 0.019245, -0.007443, -0.003148
1645526874.047011, 0.019245, -0.007443, -0.003148
1645526874.285804, 0.019245, -0.007443, -0.003148
1645526874.405770, 0.019245, -0.007443, -0.003148
1645526875.621118, 0.019245, -0.007443, -0.003148
1645526875.740847, 0.019245, -0.007443, -0.003148
1645526875.779826, 0.019245, -0.007443, -0.003148
1645526876.078553, 0.019245, -0.007443, -0.003148
1645526876.557344, 0.019245, -0.007443, -0.003148
1645526876.637163, 0.019245, -0.007443, -0.003148
1645526877.134776, 0.019245, -0.007443, -0.003148
1645526877.792505, 0.019245, -0.007443, -0.003148
1645526878.888449, 0.019245, -0.007443, -0.003148
1645526879.804844, 0.019245, -0.007443, -0.003148
1645526880.202443, 0.019245, -0.007443, -0.003148
1645526880.302342, 0.019245, -0.007443, -0.003148
1645526880.382362, 0.019245, -0.007443, -0.003148
1645526880.501467, 0.019245, -0.007443, -0.003148
1645526880.601168, 0.019245, -0.007443, -0.003148
1645526880.721238, 0.019245, -0.007443, -0.003148
1645526880.800057, 0.019245, -0.007443, -0.003148
1645526880.899948, 0.019245, -0.007443, -0.003148
1645526881.000004, 0.019245, -0.007443, -0.003148
1645526881.098917, 0.019245, -0.007443, -0.003148
1645526881.198871, 0.019245, -0.007443, -0.003148
1645526881.318748, 0.019245, -0.007443, -0.003148
1645526881.397858, 0.019245, -0.007443, -0.003148
1645526881.517710, 0.019245, -0.007443, -0.002974
1645526881.537675, 0.019373, -0.007443, -0.002974
1645526881.757375, 0.040944, -0.007925, -0.042593
1645526881.916227, 0.064482, -0.009340, -0.094603
1645526882.015266, 0.079544, -0.010867, -0.108042
1645526882.095159, 0.091615, -0.012284, -0.133001
1645526882.195960, 0.106734, -0.014406, -0.145567
1645526882.314055, 0.124588, -0.017261, -0.179252
1645526882.373952, 0.133812, -0.018978, -0.192516
1645526882.453978, 0.145770, -0.021377, -0.204559
1645526882.692755, 0.186033, -0.017734, -0.236250
1645526882.792621, 0.201144, -0.021469, -0.249514
1645526882.912528, 0.219383, -0.026228, -0.263826
1645526882.992394, 0.231425, -0.029560, -0.280232
1645526883.112459, 0.249735, -0.035014, -0.301176
1645526883.191263, 0.261705, -0.038746, -0.304841
1645526883.291284, 0.276779, -0.043552, -0.314790
1645526883.370162, 0.288975, -0.047557, -0.320898
1645526883.490131, 0.307281, -0.053729, -0.331370
1645526883.589957, 0.322431, -0.058982, -0.335210
1645526883.709899, 0.340742, -0.065401, -0.342366
1645526883.788877, 0.371785, -0.059815, -0.334790
1645526883.908468, 0.390287, -0.066336, -0.345436
1645526884.008692, 0.405634, -0.071926, -0.356083
1645526884.087700, 0.417977, -0.076540, -0.359748
1645526884.207699, 0.436433, -0.083558, -0.369347
1645526884.307627, 0.451773, -0.089530, -0.373187
1645526884.406507, 0.467323, -0.095665, -0.378772
1645526884.486483, 0.479521, -0.100538, -0.381914
1645526884.585604, 0.494913, -0.106726, -0.382612
1645526884.705281, 0.513381, -0.114180, -0.384357
1645526884.805244, 0.529060, -0.120569, -0.392211
1645526884.904071, 0.544619, -0.127025, -0.395353
1645526884.983845, 0.556968, -0.132203, -0.399018
1645526885.103903, 0.575770, -0.140188, -0.405127
1645526885.163900, 0.586146, -0.145794, -0.399981
1645526885.302525, 0.608211, -0.155152, -0.401901
1645526885.382703, 0.620770, -0.160491, -0.402948
1645526885.482847, 0.636418, -0.167175, -0.403995
1645526885.542660, 0.645867, -0.171218, -0.405915
1645526885.701728, 0.671118, -0.182128, -0.409929
1645526885.801539, 0.686724, -0.188908, -0.408882
1645526885.900473, 0.702566, -0.195790, -0.410976
1645526886.000179, 0.718519, -0.202735, -0.411151
1645526886.100144, 0.734431, -0.209669, -0.410627
1645526886.199003, 0.750460, -0.216655, -0.410976
1645526886.298919, 0.766495, -0.223625, -0.408533
1645526886.398923, 0.782301, -0.230482, -0.410278
1645526886.498884, 0.804543, -0.235837, -0.409321
1645526886.617630, 0.823937, -0.244281, -0.411939
1645526886.677870, 0.833511, -0.248465, -0.412288
1645526886.797672, 0.852811, -0.256911, -0.412986
1645526886.896628, 0.868936, -0.263997, -0.415604
1645526886.996507, 0.885124, -0.271149, -0.416477
1645526887.096490, 0.901476, -0.278353, -0.412811
1645526887.195341, 0.917888, -0.285528, -0.411241
1645526887.295324, 0.934142, -0.292636, -0.415255
1645526887.395053, 0.950612, -0.299891, -0.413510
1645526887.494118, 0.966976, -0.307069, -0.412811
1645526887.593979, 0.983187, -0.314168, -0.412811
1645526887.712872, 1.003028, -0.322869, -0.413684
1645526887.792862, 1.006651, -0.329641, -0.411669
1645526887.912948, 1.026980, -0.338501, -0.410273
1645526887.992740, 1.040163, -0.344224, -0.408004
1645526888.071754, 1.053159, -0.349842, -0.408527
1645526888.131846, 1.063181, -0.354172, -0.406433
1645526888.311388, 1.092937, -0.366913, -0.402942
1645526888.391406, 1.106356, -0.372626, -0.401371
1645526888.490344, 1.123045, -0.379695, -0.399975
1645526888.610248, 1.143039, -0.388147, -0.399452
1645526888.690090, 1.156479, -0.393811, -0.397706
1645526888.789107, 1.173273, -0.400851, -0.395961
1645526888.909069, 1.193583, -0.409321, -0.393343
1645526889.007745, 1.210481, -0.416333, -0.392819
1645526889.087813, 1.234281, -0.430073, -0.383669
1645526889.187935, 1.251245, -0.436926, -0.383669
1645526889.307831, 1.271580, -0.445109, -0.381574
1645526889.406710, 1.288482, -0.451885, -0.380876
1645526889.506567, 1.305678, -0.458731, -0.375465
1645526889.605685, 1.322938, -0.465531, -0.375640
1645526889.705637, 1.340043, -0.472259, -0.374767
1645526889.805549, 1.357269, -0.479028, -0.373197
1645526889.905248, 1.374903, -0.485924, -0.371626
1645526889.964311, 1.385355, -0.489993, -0.371102
1645526890.124204, 1.412988, -0.500712, -0.366390
1645526890.204144, 1.426924, -0.506057, -0.364994
1645526890.303109, 1.444215, -0.512658, -0.363946
1645526890.362941, 1.439784, -0.517657, -0.355775
1645526890.502867, 1.464294, -0.526748, -0.355426
1645526890.601763, 1.481648, -0.533182, -0.354903
1645526890.641766, 1.488686, -0.535791, -0.354379
1645526890.662779, 1.492245, -0.537108, -0.352808
1645526890.681906, 1.495687, -0.538376, -0.351936
1645526890.701701, 1.499130, -0.539640, -0.351237
1645526891.559054, 1.651084, -0.594593, -0.343209
1645526891.598152, 1.640200, -0.598084, -0.339546
1645526891.718008, 1.661556, -0.605615, -0.337452
1645526891.836943, 1.682851, -0.613063, -0.333961
1645526892.673404, 1.833589, -0.663584, -0.291026
1645526893.390771, 1.890049, -0.677427, -0.157683
1645526894.267193, 1.890049, -0.677427, -0.157683
1645526894.705067, 1.890049, -0.677427, -0.157683
1645526895.760845, 1.890049, -0.677427, -0.157683
1645526895.899969, 1.897765, -0.682777, -0.161570
1645526895.999567, 1.897765, -0.682777, -0.161570
1645526896.079791, 1.897765, -0.682777, -0.161570
1645526896.198755, 1.897765, -0.682777, -0.161570
1645526896.298687, 1.902732, -0.683588, -0.161570
1645526896.399842, 1.909057, -0.684538, -0.131550
1645526896.497735, 1.915572, -0.685368, -0.117064
1645526896.537735, 1.908776, -0.687794, -0.110490
1645526896.717607, 1.909158, -0.687832, -0.083961
1645526896.796310, 1.909158, -0.687832, -0.084659
1645526896.896301, 1.909158, -0.687832, -0.083961
1645526896.996251, 1.909158, -0.687832, -0.084659
1645526897.095167, 1.909158, -0.687832, -0.084310
1645526897.215065, 1.909158, -0.687832, -0.084310
1645526897.295082, 1.909158, -0.687832, -0.084310
1645526897.413924, 1.909158, -0.687832, -0.084310
1645526897.493846, 1.909158, -0.687832, -0.084310
1645526897.593736, 1.909158, -0.687832, -0.084310
1645526897.712674, 1.911198, -0.688005, -0.084659
1645526897.792624, 1.915957, -0.688406, -0.076979
1645526897.852540, 1.920551, -0.688733, -0.063366
1645526897.992684, 1.934687, -0.689538, -0.042073
1645526898.091379, 1.947049, -0.689885, -0.012751
1645526898.212224, 1.965258, -0.689987, 0.012032
1645526898.291190, 1.977282, -0.689761, 0.027566
1645526898.410215, 1.995563, -0.689047, 0.056887
1645526898.470142, 2.004587, -0.688496, 0.069803
1645526898.610025, 2.045281, -0.688648, 0.101511
1645526898.710011, 2.060584, -0.686965, 0.119662
1645526898.809940, 2.076026, -0.685012, 0.136417
1645526898.888927, 2.088441, -0.683262, 0.145318
1645526899.008749, 2.107080, -0.680452, 0.156314
1645526899.087738, 2.119543, -0.678442, 0.165390
1645526899.207679, 2.138287, -0.675219, 0.177782
1645526899.307613, 2.153849, -0.672359, 0.186334
1645526899.406399, 2.169471, -0.669363, 0.192966
1645526899.506346, 2.185075, -0.666276, 0.198551
1645526899.606798, 2.200828, -0.663061, 0.205881
1645526899.705079, 2.216602, -0.659737, 0.209547
1645526899.805431, 2.232365, -0.656362, 0.212514
1645526899.905271, 2.245171, -0.657979, 0.219119
1645526899.983885, 2.257778, -0.655144, 0.222784
1645526900.103993, 2.276901, -0.650767, 0.230638
1645526900.203964, 2.292957, -0.646950, 0.237445
1645526900.302905, 2.308908, -0.643059, 0.241983
1645526900.422570, 2.328060, -0.638257, 0.249313
1645526900.502616, 2.341031, -0.634929, 0.254549
1645526900.622442, 2.360296, -0.629881, 0.258738
1645526900.721375, 2.376281, -0.625606, 0.265545
1645526900.821314, 2.392439, -0.621155, 0.273748
1645526900.921219, 2.408641, -0.616544, 0.283347
1645526901.020303, 2.424672, -0.611804, 0.292248
1645526901.100133, 2.437653, -0.607878, 0.296437
1645526901.199069, 2.448767, -0.599261, 0.298950
1645526901.299046, 2.464982, -0.594244, 0.302266
1645526901.418942, 2.484677, -0.588070, 0.305756
1645526901.517853, 2.500980, -0.582907, 0.306804
1645526901.597991, 2.514069, -0.578752, 0.309247
1645526901.697821, 2.530474, -0.573488, 0.313261
1645526901.796750, 2.546812, -0.568157, 0.317974
1645526901.916513, 2.566399, -0.561644, 0.323733
1645526902.016564, 2.582890, -0.556097, 0.326002
1645526902.115625, 2.599289, -0.550540, 0.327573
1645526902.215538, 2.615836, -0.544891, 0.330016
1645526902.295541, 2.629067, -0.540353, 0.331064
1645526902.414456, 2.648902, -0.533511, 0.332634
1645526902.494266, 2.674380, -0.531927, 0.332836
1645526902.614129, 2.694238, -0.525021, 0.337548
1645526902.694257, 2.707513, -0.520349, 0.338944
1645526902.813020, 2.727538, -0.513275, 0.340864
1645526902.912936, 2.744254, -0.507334, 0.342086
1645526902.972838, 2.754377, -0.503727, 0.343133
1645526903.111847, 2.777745, -0.495362, 0.344180
1645526903.192698, 2.791272, -0.490507, 0.344704
1645526903.311671, 2.811379, -0.483281, 0.345577
1645526903.410607, 2.828147, -0.477232, 0.348893
1645526903.510605, 2.844770, -0.471157, 0.351685
1645526903.610413, 2.861654, -0.464928, 0.355700
1645526903.709637, 2.887902, -0.457626, 0.353761
1645526903.809503, 2.904818, -0.451359, 0.354982
1645526903.909355, 2.921609, -0.445123, 0.356728
1645526904.028012, 2.941024, -0.437869, 0.362313
1645526904.108165, 2.954485, -0.432714, 0.370167
1645526904.188003, 2.967916, -0.427483, 0.373134
1645526904.307982, 2.988200, -0.419515, 0.374705
1645526904.426777, 3.008473, -0.411523, 0.376275
1645526904.506742, 3.021640, -0.406317, 0.377672
1645526904.606829, 3.037174, -0.400139, 0.377672
1645526904.706740, 3.052519, -0.394063, 0.375054
1645526904.805879, 3.067004, -0.388365, 0.374705
1645526904.905493, 3.080578, -0.383029, 0.373134
1645526905.005771, 3.087987, -0.382392, 0.366699
1645526905.104468, 3.100771, -0.377495, 0.364430
1645526905.204565, 3.117478, -0.371156, 0.361463
1645526905.304218, 3.134540, -0.364674, 0.364954
1645526905.403141, 3.150790, -0.358454, 0.366699
1645526905.444486, 3.156880, -0.356112, 0.369841
1645526905.563165, 3.175478, -0.348870, 0.373506
1645526905.721982, 3.197486, -0.340046, 0.389912
1645526905.802008, 3.207920, -0.335705, 0.399337
1645526905.901759, 3.220628, -0.330279, 0.413474
1645526905.980859, 3.229873, -0.326195, 0.419932
1645526906.120731, 3.244566, -0.319563, 0.430055
1645526906.200620, 3.252466, -0.315919, 0.437385
1645526906.279702, 3.260528, -0.312120, 0.445064
1645526906.399738, 3.271755, -0.306733, 0.454140
1645526906.519583, 3.276842, -0.304224, 0.457107
1645526906.579389, 3.277761, -0.303774, 0.448031
1645526906.698273, 3.279351, -0.303046, 0.412078
1645526906.799183, 3.280763, -0.302443, 0.373157
1645526906.918188, 3.282724, -0.301723, 0.327255
1645526907.017254, 3.284105, -0.301279, 0.283621
1645526907.097974, 3.285215, -0.300976, 0.237894
1645526907.216763, 3.292234, -0.300085, 0.188682
1645526907.296777, 3.293326, -0.299892, 0.154474
1645526907.396898, 3.294888, -0.299675, 0.115204
1645526907.515800, 3.296628, -0.299498, 0.076283
1645526907.575791, 3.297479, -0.299438, 0.058480
1645526907.715809, 3.299311, -0.299364, 0.012229
1645526907.814606, 3.300803, -0.299361, -0.014823
1645526907.914520, 3.302040, -0.299395, -0.043796
1645526907.973564, 3.302501, -0.300043, -0.059421
1645526908.113287, 3.304201, -0.300179, -0.102705
1645526908.213418, 3.304456, -0.300207, -0.120333
1645526908.313165, 3.304456, -0.300207, -0.119286
1645526908.352127, 3.304456, -0.300207, -0.119111
1645526908.431999, 3.304456, -0.300207, -0.119111
1645526908.611869, 3.304456, -0.300207, -0.119111
1645526908.631860, 3.304456, -0.300207, -0.119111
1645526908.650943, 3.304456, -0.300207, -0.119111
1645526908.730844, 3.304456, -0.300207, -0.119111
1645526909.408484, 3.332323, -0.304130, -0.185608
1645526909.488524, 3.338258, -0.305334, -0.217548
1645526909.568306, 3.324250, -0.308365, -0.244499
1645526910.006891, 3.324283, -0.308400, -0.378540
1645526910.045899, 3.324481, -0.308480, -0.393375
1645526910.185776, 3.324482, -0.308478, -0.442943
1645526910.205791, 3.324520, -0.308497, -0.450797
1645526910.285736, 3.324940, -0.308705, -0.483260
1645526910.325753, 3.324903, -0.308686, -0.494430
1645526910.364766, 3.324865, -0.308665, -0.506124
1645526910.405666, 3.324865, -0.308666, -0.525497
1645526910.624508, 3.325264, -0.308912, -0.601942
1645526910.903224, 3.325507, -0.309085, -0.698459
1645526911.461911, 3.325507, -0.309085, -0.697935
1645526912.378250, 3.325507, -0.309085, -0.697935
1645526912.477301, 3.343724, -0.311905, -0.698827
1645526912.595970, 3.343724, -0.311905, -0.698827
1645526912.696765, 3.338132, -0.314614, -0.695689
1645526912.795637, 3.338132, -0.314614, -0.695689
1645526912.895914, 3.338132, -0.314614, -0.695689
1645526912.995781, 3.338132, -0.314614, -0.695689
1645526913.094674, 3.338132, -0.314614, -0.695689
1645526913.174838, 3.338132, -0.314614, -0.695689
1645526913.314632, 3.338132, -0.314614, -0.695689
1645526913.393499, 3.338132, -0.314614, -0.695689
1645526913.493512, 3.338132, -0.314614, -0.695689
1645526913.593515, 3.338132, -0.314614, -0.695689
1645526913.692344, 3.338132, -0.314614, -0.695689
1645526913.792368, 3.338132, -0.314614, -0.695689
1645526913.911971, 3.338132, -0.314614, -0.695689
1645526914.011096, 3.342585, -0.318330, -0.697260
1645526914.091069, 3.346698, -0.321854, -0.719600
1645526914.210835, 3.356188, -0.330306, -0.743685
1645526914.309844, 3.357959, -0.331971, -0.764804
1645526914.409692, 3.359333, -0.333311, -0.784002
1645526914.529888, 3.362939, -0.337061, -0.831126
1645526914.608583, 3.365591, -0.340009, -0.854863
1645526914.708627, 3.361323, -0.341668, -0.898340
1645526914.828646, 3.362034, -0.342627, -0.950176
1645526914.907498, 3.364429, -0.346052, -0.979149
1645526915.007499, 3.366473, -0.349199, -1.025051
1645526915.107336, 3.366430, -0.349126, -1.065368
1645526915.206471, 3.366847, -0.349918, -1.100973
1645526915.306082, 3.372148, -0.356605, -1.140077
1645526915.406029, 3.376155, -0.365882, -1.197847
1645526915.505896, 3.380243, -0.377190, -1.252825
1645526915.604919, 3.384539, -0.391305, -1.306581
1645526915.704932, 3.378331, -0.406450, -1.355925
1645526915.804741, 3.381242, -0.421262, -1.409681
1645526915.903864, 3.383301, -0.436344, -1.464659
1645526916.003553, 3.384620, -0.451595, -1.519113
1645526916.063600, 3.379476, -0.460402, -1.548140
1645526916.203315, 3.379305, -0.482103, -1.617954
1645526916.302183, 3.378279, -0.497463, -1.666299
1645526916.402473, 3.376522, -0.513100, -1.708711
1645526916.462310, 3.375122, -0.522463, -1.740127
1645526916.582174, 3.374199, -0.539637, -1.793591
1645526916.700800, 3.369662, -0.558106, -1.838272
1645526916.801164, 3.365254, -0.573256, -1.877192
1645526916.901074, 3.360190, -0.588379, -1.918208
1645526916.999731, 3.354592, -0.603359, -1.944213
1645526917.099846, 3.348430, -0.618346, -1.985054
1645526917.199779, 3.346023, -0.631827, -2.029805
1645526917.278499, 3.340173, -0.643349, -2.059127
1645526917.418498, 3.329057, -0.663418, -2.099269
1645526917.498685, 3.322308, -0.674735, -2.127543
1645526917.617551, 3.311694, -0.691181, -2.164544
1645526917.717301, 3.302224, -0.704853, -2.191422
1645526917.817217, 3.292483, -0.718175, -2.218824
1645526917.896168, 3.284431, -0.728660, -2.235928
1645526918.015975, 3.271331, -0.745308, -2.261990
1645526918.115863, 3.260596, -0.758066, -2.286076
1645526918.195934, 3.251836, -0.768025, -2.301784
1645526918.314799, 3.238143, -0.783010, -2.320284
1645526918.414830, 3.226516, -0.795433, -2.332851
1645526918.514712, 3.214760, -0.807557, -2.353097
1645526918.594726, 3.205219, -0.817014, -2.369328
1645526918.713486, 3.190378, -0.831359, -2.377706
1645526918.813489, 3.178005, -0.843102, -2.389225
1645526918.893859, 3.167822, -0.852567, -2.398475
1645526919.012242, 3.152663, -0.866323, -2.412612
1645526919.112133, 3.139730, -0.877770, -2.424481
1645526919.212143, 3.126781, -0.888940, -2.435302
1645526919.292185, 3.116200, -0.897892, -2.448915
1645526919.391188, 3.104859, -0.910612, -2.460164
1645526919.491010, 3.091333, -0.921420, -2.477093
1645526919.609927, 3.074870, -0.934151, -2.490881
1645526919.709822, 3.061000, -0.944657, -2.498386
1645526919.809774, 3.046865, -0.955164, -2.507636
1645526919.868762, 3.038471, -0.961314, -2.512349
1645526919.988735, 3.021346, -0.973730, -2.518458
1645526920.088633, 3.006971, -0.983980, -2.526137
1645526920.208614, 2.989641, -0.996183, -2.530500
1645526920.307410, 2.975034, -1.006401, -2.532769
1645526920.407373, 2.960654, -1.016422, -2.531722
1645526920.527141, 2.943059, -1.028693, -2.535038
1645526920.606163, 2.931290, -1.036867, -2.534689
1645526920.726101, 2.914089, -1.048808, -2.532769
1645526920.826031, 2.897716, -1.059570, -2.528648
1645526920.905105, 2.885887, -1.067881, -2.528648
1645526921.005046, 2.871239, -1.078189, -2.528473
1645526921.124980, 2.853565, -1.090644, -2.523935
1645526921.203961, 2.841993, -1.098876, -2.521492
1645526921.303890, 2.827404, -1.109412, -2.501595
1645526921.403718, 2.813121, -1.120220, -2.485712
1645526921.482628, 2.801689, -1.129070, -2.477859
1645526921.602588, 2.784750, -1.142438, -2.467212
1645526921.702595, 2.770753, -1.153750, -2.449759
1645526921.781560, 2.759635, -1.163057, -2.436320
1645526921.901347, 2.743377, -1.177181, -2.411536
1645526922.001297, 2.729953, -1.189358, -2.392861
1645526922.100065, 2.716866, -1.201711, -2.372615
1645526922.200077, 2.698448, -1.214038, -2.348626
1645526922.299956, 2.685838, -1.227056, -2.325587
1645526922.399064, 2.673618, -1.240267, -2.304818
1645526922.518871, 2.659111, -1.256699, -2.279336
1645526922.598876, 2.649748, -1.267770, -2.261185
1645526922.697849, 2.638219, -1.281975, -2.241811
1645526922.797796, 2.627099, -1.296233, -2.219995
1645526922.877493, 2.618374, -1.307867, -2.204636
1645526923.017518, 2.603441, -1.328645, -2.180027
1645526923.097538, 2.595213, -1.340635, -2.159955
1645526923.217208, 2.576800, -1.358819, -2.136736
1645526923.316161, 2.567083, -1.374370, -2.116839
1645526923.415072, 2.557655, -1.390198, -2.094673
1645526923.495035, 2.550395, -1.402945, -2.078965
1645526923.614925, 2.539822, -1.422438, -2.053484
1645526923.694968, 2.533078, -1.435514, -2.036379
1645526923.793952, 2.524918, -1.452031, -2.020497
1645526923.913672, 2.515423, -1.471883, -2.008454
1645526923.993818, 2.509736, -1.484194, -1.997459
1645526924.072654, 2.504116, -1.496676, -1.985416
1645526924.192730, 2.496531, -1.514258, -1.972151
1645526924.312369, 2.488943, -1.532440, -1.957141
1645526924.371492, 2.485511, -1.540897, -1.955047
1645526924.491376, 2.478612, -1.558163, -1.940386
1645526924.611189, 2.478094, -1.579759, -1.925867
1645526924.691143, 2.473647, -1.591801, -1.923773
1645526924.909972, 2.461307, -1.625476, -1.920456
1645526925.009874, 2.455894, -1.640388, -1.916442
1645526925.108828, 2.450466, -1.655431, -1.916268
1645526925.188912, 2.446279, -1.667113, -1.913475
1645526925.308731, 2.439884, -1.685117, -1.909810
1645526925.407704, 2.434799, -1.699603, -1.905447
1645526925.487691, 2.430803, -1.711126, -1.904225
1645526925.587623, 2.426743, -1.722854, -1.904050
1645526925.687679, 2.425739, -1.725755, -1.895498
1645526925.786374, 2.425427, -1.726730, -1.852039
1645526925.906377, 2.424793, -1.729077, -1.819751
1645526926.006134, 2.424547, -1.730070, -1.792000
1645526926.105155, 2.424547, -1.730070, -1.788509
1645526926.226043, 2.424547, -1.730070, -1.788509
1645526926.305104, 2.424547, -1.730070, -1.788509
1645526926.344871, 2.424547, -1.730070, -1.788509
1645526926.503902, 2.424547, -1.730070, -1.788509
1645526926.603934, 2.424547, -1.730070, -1.788509
1645526926.663942, 2.424547, -1.730070, -1.788509
1645526926.683574, 2.424547, -1.730070, -1.788509
1645526926.803088, 2.424547, -1.730070, -1.788509
1645526926.842613, 2.424547, -1.730070, -1.788509
1645526926.882528, 2.424547, -1.730070, -1.788509
1645526926.922572, 2.424547, -1.730070, -1.788509
1645526927.022610, 2.424547, -1.730070, -1.788509
1645526927.639847, 2.424547, -1.730070, -1.788509
1645526927.798874, 2.424547, -1.730070, -1.788509
1645526927.899013, 2.424547, -1.730070, -1.788509
1645526927.918894, 2.424547, -1.730070, -1.788509
1645526927.958976, 2.424547, -1.730070, -1.788509
1645526928.017768, 2.424547, -1.730070, -1.788509
1645526928.656276, 2.424547, -1.730070, -1.788509
1645526929.054161, 2.424547, -1.730070, -1.788509
1645526929.752702, 2.424547, -1.730070, -1.788509
1645526930.867827, 2.424547, -1.730070, -1.788509
1645526930.987801, 2.424547, -1.730070, -1.788509
1645526931.106612, 2.424547, -1.730070, -1.788509
1645526931.206608, 2.424547, -1.730070, -1.788509
1645526931.306421, 2.424547, -1.730070, -1.788509
1645526931.406547, 2.424547, -1.730070, -1.788509
1645526931.525322, 2.424547, -1.730070, -1.788509
1645526931.585401, 2.424547, -1.730070, -1.788509
1645526931.724070, 2.424547, -1.730070, -1.788509
1645526931.804023, 2.424547, -1.730070, -1.788509
1645526931.924040, 2.424547, -1.730070, -1.788509
1645526932.022908, 2.424547, -1.730070, -1.788509
1645526932.062943, 2.424547, -1.730070, -1.788509
1645526932.182989, 2.424547, -1.730070, -1.788509
1645526932.282692, 2.424547, -1.730070, -1.788509
1645526932.421582, 2.424547, -1.730070, -1.788509
1645526932.501704, 2.424547, -1.730070, -1.788509
1645526932.620449, 2.424547, -1.730070, -1.788509
1645526932.701344, 2.424547, -1.730070, -1.788509
1645526932.800439, 2.424547, -1.730070, -1.788509
1645526932.900195, 2.424547, -1.730070, -1.788509
1645526933.020191, 2.424547, -1.730070, -1.788509
1645526933.079110, 2.424547, -1.730070, -1.788509
1645526933.219046, 2.424547, -1.730070, -1.788509
1645526933.277961, 2.424547, -1.730070, -1.788509
1645526933.417876, 2.424547, -1.730070, -1.788509
1645526933.497671, 2.424547, -1.730070, -1.788509
1645526933.597771, 2.424547, -1.730070, -1.788509
1645526933.716677, 2.424547, -1.730070, -1.788509
1645526933.816719, 2.424547, -1.730070, -1.788509
1645526933.916373, 2.424547, -1.730070, -1.788509
1645526934.015380, 2.424547, -1.730070, -1.788509
1645526934.115373, 2.424547, -1.730070, -1.788509
1645526934.175221, 2.424547, -1.730070, -1.788509
1645526934.294317, 2.424547, -1.730070, -1.788509
1645526934.394178, 2.424547, -1.730070, -1.788509
1645526934.493018, 2.424547, -1.730070, -1.788509
1645526934.592868, 2.424547, -1.730070, -1.788509
1645526934.712774, 2.424547, -1.730070, -1.788509
1645526934.812973, 2.424547, -1.730070, -1.788509
1645526934.911885, 2.424547, -1.730070, -1.788509
1645526935.011808, 2.424547, -1.730070, -1.788509
1645526935.111702, 2.424547, -1.730070, -1.788509
1645526935.210448, 2.424547, -1.730070, -1.788509
1645526935.310433, 2.424547, -1.730070, -1.788509
1645526935.390290, 2.424547, -1.730070, -1.788509
1645526935.509537, 2.424547, -1.730070, -1.788509
1645526935.609376, 2.424547, -1.730070, -1.788509
1645526935.709314, 2.424547, -1.730070, -1.788509
1645526935.808038, 2.424547, -1.730070, -1.788509
1645526935.907955, 2.424547, -1.730070, -1.788509
1645526935.967824, 2.424547, -1.730070, -1.788509
1645526936.087790, 2.424547, -1.730070, -1.788509
1645526936.206842, 2.424547, -1.730070, -1.788509
1645526936.306893, 2.424547, -1.730070, -1.788509
1645526936.386722, 2.424547, -1.730070, -1.788509
1645526936.505774, 2.424547, -1.730070, -1.788509
1645526936.605676, 2.424547, -1.730070, -1.788509
1645526936.704395, 2.424547, -1.730070, -1.788509
1645526936.824286, 2.424547, -1.730070, -1.788509
1645526936.884247, 2.424547, -1.730070, -1.788509
1645526937.003208, 2.424547, -1.730070, -1.788509
1645526937.084071, 2.424547, -1.730070, -1.788509
1645526937.202980, 2.424547, -1.730070, -1.788509
1645526937.302117, 2.424547, -1.730070, -1.788509
1645526937.402085, 2.424547, -1.730070, -1.788509
1645526937.502061, 2.424547, -1.730070, -1.788509
1645526937.600896, 2.424547, -1.730070, -1.788509
1645526937.700658, 2.424547, -1.730070, -1.788509
1645526937.821501, 2.424547, -1.730070, -1.788509
1645526937.919308, 2.424547, -1.730070, -1.788509
1645526938.019359, 2.424547, -1.730070, -1.788509
1645526938.099138, 2.424547, -1.730070, -1.788509
1645526938.218168, 2.424547, -1.730070, -1.788509
1645526938.318183, 2.424547, -1.730070, -1.788509
1645526938.417942, 2.424547, -1.730070, -1.788509
1645526938.497998, 2.423507, -1.734775, -1.788335
1645526938.597131, 2.422302, -1.740274, -1.779608
1645526938.696766, 2.420730, -1.748266, -1.748018
1645526938.796936, 2.419132, -1.755916, -1.711206
1645526938.915668, 2.419198, -1.755323, -1.664257
1645526939.015680, 2.419189, -1.755451, -1.633539
1645526939.115615, 2.419157, -1.756090, -1.606312
1645526939.215493, 2.419150, -1.756303, -1.571056
1645526939.314383, 2.419155, -1.756900, -1.548192
1645526939.414225, 2.419186, -1.757667, -1.515904
1645526939.494429, 2.414616, -1.758666, -1.502222
1645526939.613219, 2.414633, -1.758879, -1.463127
1645526939.713189, 2.414739, -1.759768, -1.439041
1645526939.813191, 2.414854, -1.760527, -1.403785
1645526939.911807, 2.414956, -1.761115, -1.389823
1645526939.991905, 2.415082, -1.761742, -1.355440
1645526940.111614, 2.415381, -1.763074, -1.340255
1645526940.230567, 2.416643, -1.767989, -1.301858
1645526940.310536, 2.418413, -1.769474, -1.277777
1645526940.410465, 2.418746, -1.770532, -1.247932
1645526940.509517, 2.419219, -1.771902, -1.224021
1645526940.609387, 2.419635, -1.773022, -1.203077
1645526940.709341, 2.420184, -1.774410, -1.180911
1645526940.788343, 2.420724, -1.775709, -1.172010
1645526940.908106, 2.421434, -1.777353, -1.148972
1645526940.967995, 2.421733, -1.778014, -1.142340
1645526941.087141, 2.422432, -1.779523, -1.128377
1645526941.207007, 2.423192, -1.781098, -1.113716
1645526941.226960, 2.423323, -1.781366, -1.111273
1645526941.405859, 2.424482, -1.783647, -1.090154
1645526941.525759, 2.425221, -1.785042, -1.075319
1645526941.585683, 2.421603, -1.781324, -1.068040
1645526941.724631, 2.422563, -1.783035, -1.050238
1645526941.804676, 2.423144, -1.784028, -1.033308
1645526941.905519, 2.423871, -1.785234, -1.020218
1645526942.004472, 2.424681, -1.786538, -1.008175
1645526942.103270, 2.425507, -1.787832, -0.994387
1645526942.204260, 2.426189, -1.788864, -0.975188
1645526942.303154, 2.427010, -1.790059, -0.958608
1645526942.403006, 2.427830, -1.791202, -0.929112
1645526942.503064, 2.428628, -1.792256, -0.912531
1645526942.582137, 2.429311, -1.793130, -0.898045
1645526942.682067, 2.430035, -1.794025, -0.877624
1645526942.781066, 2.426854, -1.793782, -0.856486
1645526942.900836, 2.427932, -1.794992, -0.825245
1645526943.000697, 2.428782, -1.795890, -0.791735
1645526943.119709, 2.429452, -1.796547, -0.744262
1645526943.199680, 2.430030, -1.797053, -0.701326
1645526943.299489, 2.422787, -1.798552, -0.652200
1645526943.398374, 2.423063, -1.798754, -0.610138
1645526943.498110, 2.423027, -1.798730, -0.560745
1645526943.618225, 2.423211, -1.798839, -0.499658
1645526943.637371, 2.423136, -1.798798, -0.491455
1645526943.797219, 2.423290, -1.798872, -0.426355
1645526943.897001, 2.418661, -1.797272, -0.376966
1645526943.995842, 2.418660, -1.797274, -0.332634
1645526944.116163, 2.418742, -1.797299, -0.273642
1645526944.215888, 2.418618, -1.797265, -0.229485
1645526944.315725, 2.418701, -1.797285, -0.184805
1645526944.354770, 2.418575, -1.797263, -0.172239
1645526944.394652, 2.420126, -1.800155, -0.158960
1645526944.593506, 2.426309, -1.800877, -0.078151
1645526944.634666, 2.428010, -1.801000, -0.058429
1645526944.793486, 2.436443, -1.800162, 0.007896
1645526944.892232, 2.448463, -1.799823, 0.061827
1645526944.933420, 2.453355, -1.799471, 0.091847
1645526945.052238, 2.472118, -1.797293, 0.144556
1645526945.191900, 2.494480, -1.793474, 0.194647
1645526945.211958, 2.492271, -1.793615, 0.206039
1645526945.410881, 2.524790, -1.785872, 0.269220
1645526945.470785, 2.534489, -1.783184, 0.272361
1645526945.530775, 2.544013, -1.780503, 0.283531
1645526945.709706, 2.571908, -1.771693, 0.326292
1645526945.789715, 2.584324, -1.767407, 0.342873
1645526946.008316, 2.618196, -1.754622, 0.379001
1645526946.108363, 2.633456, -1.748451, 0.391044
1645526946.128541, 2.636453, -1.747216, 0.394709
1645526946.168218, 2.642667, -1.744612, 0.403436
1645526946.407199, 2.679209, -1.728239, 0.438866
1645526946.487062, 2.691422, -1.722442, 0.448989
1645526946.506261, 2.694342, -1.721036, 0.450909
1645526946.546026, 2.700404, -1.718093, 0.454225
1645526946.805896, 2.738308, -1.697993, 0.481399
1645526947.263342, 2.806510, -1.661666, 0.504612
1645526947.742087, 2.879183, -1.621591, 0.504263
1645526948.339837, 2.947090, -1.584896, 0.488904
1645526948.698526, 2.947240, -1.584816, 0.488904
1645526948.797335, 2.947240, -1.584816, 0.488555
1645526948.897495, 2.947240, -1.584816, 0.488381
1645526949.017207, 2.947240, -1.584816, 0.488206
1645526949.116064, 2.947240, -1.584816, 0.488206
1645526949.195992, 2.947240, -1.584816, 0.488206
1645526949.315998, 2.947240, -1.584816, 0.488206
1645526949.374941, 2.947240, -1.584816, 0.488206
1645526949.514766, 2.952664, -1.581936, 0.487857
1645526949.574579, 2.957487, -1.579380, 0.486461
1645526949.713576, 2.974729, -1.570385, 0.474418
1645526949.773737, 2.982972, -1.566180, 0.466913
1645526949.893438, 2.999151, -1.558106, 0.456965
1645526949.992320, 3.012722, -1.551492, 0.447016
1645526950.092256, 3.026443, -1.544995, 0.436195
1645526950.192382, 3.040334, -1.538558, 0.429388
1645526950.311261, 3.057166, -1.530963, 0.418218
1645526950.411123, 3.071445, -1.524659, 0.410713
1645526950.491021, 3.082869, -1.519703, 0.406699
1645526950.610108, 3.100084, -1.512347, 0.400940
1645526950.689913, 3.111672, -1.507450, 0.397449
1645526950.830069, 3.128490, -1.499580, 0.386079
1645526950.888800, 3.137220, -1.496029, 0.386777
1645526950.988681, 3.152030, -1.489995, 0.386951
1645526951.108735, 3.169843, -1.482740, 0.386777
1645526951.207724, 3.184973, -1.476588, 0.383810
1645526951.327651, 3.202623, -1.469498, 0.380145
1645526951.427495, 3.217605, -1.463550, 0.374559
1645526951.506343, 3.229595, -1.458848, 0.372640
1645526951.586394, 3.241720, -1.454139, 0.366007
1645526951.726406, 3.262964, -1.446054, 0.359375
1645526951.805245, 3.275146, -1.441494, 0.356757
1645526951.925278, 3.293194, -1.434849, 0.344540
1645526952.025199, 3.308714, -1.429361, 0.332846
1645526952.104087, 3.321455, -1.424972, 0.327436
1645526952.203966, 3.336232, -1.421231, 0.310098
1645526952.303861, 3.352188, -1.416245, 0.290725
1645526952.422742, 3.371579, -1.410535, 0.282173
1645526952.522685, 3.387609, -1.405944, 0.274843
1645526952.622635, 3.403945, -1.401336, 0.274145
1645526952.701766, 3.416917, -1.397684, 0.274494
1645526952.801435, 3.433174, -1.393112, 0.273796
1645526952.901633, 3.449191, -1.388631, 0.271527
1645526953.000635, 3.465766, -1.384089, 0.260706
1645526953.100240, 3.482226, -1.379776, 0.247790
1645526953.200241, 3.498903, -1.375622, 0.239936
1645526953.299150, 3.515532, -1.371633, 0.229464
1645526953.399094, 3.532316, -1.367744, 0.225799
1645526953.499041, 3.548714, -1.367104, 0.218021
1645526953.578941, 3.562287, -1.364095, 0.221686
1645526953.697773, 3.582671, -1.359497, 0.220988
1645526953.797699, 3.599603, -1.355680, 0.222733
1645526953.897682, 3.616692, -1.351783, 0.225351
1645526953.996647, 3.633571, -1.347926, 0.224129
1645526954.117548, 3.653994, -1.343306, 0.220115
1645526954.196373, 3.667729, -1.340239, 0.219591
1645526954.276435, 3.681386, -1.337211, 0.216624
1645526954.375327, 3.698545, -1.333436, 0.216450
1645526954.475264, 3.715874, -1.329633, 0.215577
1645526954.615182, 3.739868, -1.324370, 0.215752
1645526954.714089, 3.759798, -1.323885, 0.214396
1645526954.813991, 3.777096, -1.320144, 0.211255
1645526954.873999, 3.787522, -1.317913, 0.209509
1645526954.992842, 3.808462, -1.313462, 0.209335
1645526955.092806, 3.825899, -1.309757, 0.209335
1645526955.192810, 3.843170, -1.306095, 0.207938
1645526955.311800, 3.864408, -1.301606, 0.208462
1645526955.391734, 3.878347, -1.298675, 0.206542
1645526955.511671, 3.899389, -1.294294, 0.204448
1645526955.571630, 3.909954, -1.292104, 0.204099
1645526955.710284, 3.934512, -1.287035, 0.203051
1645526955.810158, 3.952436, -1.283369, 0.201306
1645526955.910109, 3.968089, -1.280794, 0.201125
1645526956.009039, 3.985891, -1.277170, 0.201474
1645526956.109124, 4.003816, -1.273511, 0.200601
1645526956.209047, 4.021535, -1.269906, 0.200077
1645526956.307950, 4.039384, -1.266299, 0.198332
1645526956.407846, 4.057152, -1.262721, 0.199379
1645526956.507775, 4.074960, -1.259126, 0.198332
1645526956.606769, 4.092856, -1.255539, 0.197983
1645526956.687681, 4.107159, -1.252681, 0.196238
1645526956.826556, 4.132131, -1.247724, 0.194143
1645526956.905514, 4.146527, -1.244901, 0.192922
1645526957.005522, 4.164651, -1.241361, 0.191874
1645526957.105529, 4.176634, -1.243648, 0.187419
1645526957.205350, 4.194775, -1.240201, 0.188640
1645526957.304277, 4.212412, -1.236840, 0.189513
1645526957.404076, 4.230114, -1.233370, 0.198240
1645526957.503985, 4.244579, -1.230457, 0.200334
1645526957.584011, 4.253435, -1.228635, 0.209235
1645526957.702884, 4.265266, -1.226045, 0.231924
1645526957.782845, 4.269452, -1.225031, 0.241524
1645526957.881763, 4.277788, -1.222860, 0.276430
1645526957.921677, 4.282701, -1.221427, 0.301738
1645526958.101678, 4.309138, -1.212681, 0.336993
1645526958.220719, 4.327824, -1.206042, 0.344498
1645526958.300434, 4.340506, -1.201484, 0.345371
1645526958.400419, 4.356304, -1.195761, 0.350956
1645526958.479403, 4.373108, -1.196857, 0.350906
1645526958.599207, 4.392111, -1.189839, 0.356491
1645526958.699059, 4.408010, -1.183897, 0.359633
1645526958.818203, 4.427004, -1.176736, 0.362251
1645526958.917876, 4.442990, -1.170661, 0.364694
1645526958.977865, 4.452584, -1.166975, 0.370977
1645526959.097847, 4.471717, -1.159347, 0.396808
1645526959.196788, 4.483066, -1.154541, 0.405884
1645526959.296841, 4.488639, -1.152067, 0.444107
1645526959.396482, 4.495922, -1.148419, 0.491754
1645526959.495388, 4.504793, -1.142077, 0.530788
1645526959.595631, 4.518237, -1.133982, 0.558016
1645526959.715507, 4.532523, -1.124896, 0.581577
1645526959.794302, 4.543159, -1.117864, 0.586813
1645526959.914208, 4.560475, -1.106396, 0.583672
1645526959.993313, 4.570665, -1.099694, 0.578436
1645526960.093099, 4.584048, -1.090939, 0.581228
1645526960.212907, 4.599618, -1.080853, 0.565695
1645526960.312931, 4.610735, -1.073777, 0.568837
1645526960.372062, 4.617102, -1.069724, 0.561157
1645526960.511855, 4.631407, -1.060828, 0.557666
1645526960.612109, 4.640882, -1.054988, 0.541260
1645526960.710697, 4.649928, -1.049508, 0.545973
1645526960.810670, 4.658530, -1.044367, 0.523633
1645526960.910647, 4.669493, -1.038023, 0.526425
1645526961.009537, 4.684654, -1.029313, 0.511590
1645526961.089336, 4.696848, -1.022460, 0.514731
1645526961.209465, 4.715405, -1.011602, 0.513525
1645526961.308318, 4.727616, -1.004692, 0.516841
1645526961.408306, 4.739727, -0.997779, 0.522077
1645526961.508217, 4.750994, -0.991280, 0.524695
1645526961.607100, 4.761217, -0.985360, 0.527139
1645526961.707052, 4.771643, -0.979281, 0.526964
1645526961.806015, 4.782059, -0.973270, 0.516492
1645526961.906120, 4.788221, -0.969786, 0.513351
1645526962.005904, 4.791796, -0.967790, 0.502006
1645526962.104896, 4.800200, -0.963340, 0.465529
1645526962.204742, 4.812878, -0.957037, 0.464830
1645526962.284576, 4.823123, -0.951971, 0.444585
1645526962.363628, 4.831138, -0.948172, 0.446679
1645526962.503829, 4.846812, -0.940617, 0.444061
1645526962.623393, 4.859014, -0.934700, 0.462736
1645526962.643561, 4.860541, -0.933938, 0.460467
1645526962.663374, 4.862374, -0.933028, 0.458722
1645526962.762299, 4.872551, -0.927922, 0.481411
1645526962.822110, 4.877083, -0.925544, 0.485949
1645526962.842166, 4.878402, -0.924847, 0.485949
1645526962.981990, 4.891063, -0.917957, 0.525917
1645526963.022074, 4.896213, -0.914937, 0.542149
1645526963.101088, 4.904669, -0.909800, 0.552970
1645526963.141006, 4.908620, -0.907352, 0.561347
1645526963.181908, 4.912367, -0.904979, 0.576182
1645526963.241003, 4.918351, -0.901039, 0.591541
1645526963.359906, 4.933743, -0.890458, 0.625575
1645526963.439729, 4.942684, -0.883901, 0.643378
1645526963.480720, 4.946500, -0.881028, 0.653151
1645526963.559840, 4.953977, -0.875220, 0.679506
1645526963.598748, 4.956026, -0.873549, 0.693643
1645526963.678650, 4.956912, -0.872814, 0.703417
1645526963.758677, 4.956912, -0.872814, 0.699228
1645526963.798587, 4.956912, -0.872814, 0.701846
1645526964.037603, 4.956912, -0.872814, 0.700973
1645526964.256384, 4.956912, -0.872814, 0.701323
1645526965.093826, 4.956912, -0.872814, 0.701323
1645526966.528759, 4.956912, -0.872814, 0.701323
1645526966.707596, 4.956912, -0.872814, 0.701323
1645526966.807315, 4.956609, -0.873493, 0.699951
1645526966.886272, 4.956609, -0.873493, 0.699951
1645526967.006343, 4.956609, -0.873493, 0.699951
1645526967.106241, 4.956609, -0.873493, 0.699951
1645526967.205299, 4.956609, -0.873493, 0.699951
1645526967.305226, 4.956609, -0.873493, 0.699951
1645526967.385054, 4.956609, -0.873493, 0.699951
1645526967.484105, 4.956609, -0.873493, 0.699951
1645526967.604198, 4.956609, -0.873493, 0.699951
1645526967.703830, 4.956609, -0.873493, 0.699951
1645526967.802717, 4.956609, -0.873493, 0.699951
1645526967.922787, 4.961274, -0.869564, 0.702394
1645526968.022565, 4.966362, -0.865148, 0.728923
1645526968.081447, 4.967411, -0.864210, 0.732763
1645526968.141517, 4.967760, -0.863896, 0.739221
1645526968.241609, 4.967476, -0.864155, 0.757372
1645526968.400223, 4.967413, -0.864212, 0.790883
1645526968.500301, 4.968988, -0.862591, 0.806765
1645526968.580164, 4.973998, -0.855701, 0.832257
1645526968.699142, 4.978582, -0.850476, 0.869084
1645526968.799040, 4.984947, -0.842681, 0.911321
1645526968.918859, 4.991404, -0.834197, 0.930694
1645526968.998911, 4.995011, -0.829280, 0.951812
1645526969.117871, 5.002129, -0.818959, 0.985497
1645526969.197615, 5.006122, -0.812806, 1.011502
1645526969.297727, 5.010508, -0.805691, 1.024941
1645526969.397728, 5.010358, -0.797738, 1.064136
1645526969.517587, 5.016374, -0.786496, 1.107769
1645526969.596461, 5.018997, -0.781180, 1.122604
1645526969.696379, 5.022894, -0.772881, 1.151402
1645526969.816214, 5.029232, -0.758059, 1.182469
1645526969.895154, 5.032455, -0.750025, 1.203239
1645526969.995054, 5.036009, -0.740609, 1.217550
1645526970.114999, 5.040348, -0.728212, 1.256646
1645526970.194187, 5.041884, -0.723465, 1.262056
1645526970.293816, 5.046073, -0.715911, 1.303735
1645526970.392878, 5.048407, -0.706956, 1.334453
1645526970.492897, 5.049908, -0.700475, 1.360808
1645526970.612781, 5.050596, -0.697003, 1.411073
1645526970.691550, 5.050870, -0.695233, 1.422767
1645526970.811362, 5.051523, -0.690158, 1.466226
1645526970.911333, 5.051667, -0.688587, 1.502354
1645526971.011247, 5.051711, -0.687863, 1.517713
1645526971.031292, 5.051724, -0.687608, 1.521727
1645526971.130480, 5.052271, -0.688567, 1.539957
1645526971.310143, 5.052356, -0.685626, 1.550254
1645526971.408838, 5.052402, -0.682812, 1.562472
1645526971.528672, 5.052400, -0.682854, 1.577830
1645526971.608784, 5.052397, -0.682556, 1.588826
1645526971.707880, 5.052395, -0.682470, 1.601916
1645526971.807825, 5.052387, -0.682257, 1.619195
1645526971.907718, 5.052370, -0.681959, 1.640313
1645526972.006630, 5.052347, -0.681662, 1.656370
1645526972.086494, 5.052327, -0.681449, 1.675220
1645526972.206407, 5.052224, -0.680560, 1.695989
1645526972.306396, 5.052122, -0.679799, 1.716584
1645526972.405091, 5.055774, -0.680299, 1.729150
1645526972.526067, 5.055539, -0.678912, 1.750966
1645526972.605045, 5.055384, -0.678073, 1.760915
1645526972.723944, 5.055209, -0.677195, 1.776099
1645526972.824915, 5.055049, -0.676444, 1.792854
1645526972.883770, 5.054953, -0.676029, 1.804548
1645526973.023777, 5.054923, -0.675904, 1.833171
1645526973.202565, 5.054802, -0.675496, 1.880819
1645526973.262542, 5.054788, -0.675455, 1.893211
1645526973.501477, 5.057215, -0.674771, 1.969762
1645526973.621266, 5.057301, -0.674965, 2.020202
1645526973.700415, 5.057301, -0.674965, 2.018806
1645526973.800451, 5.057283, -0.674927, 2.024914
1645526973.920048, 5.056356, -0.673054, 2.030150
1645526974.019016, 5.053363, -0.667017, 2.031372
1645526974.118985, 5.048982, -0.658194, 2.031896
1645526974.218809, 5.044622, -0.649265, 2.017060
1645526974.297927, 5.042837, -0.645533, 2.014268
1645526974.417687, 5.040889, -0.641313, 1.992102
1645526974.517751, 5.039688, -0.638580, 1.970460
1645526974.596738, 5.039787, -0.638816, 1.965399
1645526974.716506, 5.038641, -0.635922, 1.936252
1645526974.796614, 5.038247, -0.634885, 1.919496
1645526974.895574, 5.038146, -0.634604, 1.900821
1645526975.015589, 5.038037, -0.634281, 1.879703
1645526975.076425, 5.038025, -0.634240, 1.869231
1645526975.175322, 5.037906, -0.633830, 1.844971
1645526975.314243, 5.037705, -0.633089, 1.815824
1645526975.394809, 5.037686, -0.633006, 1.789469
1645526975.533988, 5.037702, -0.633090, 1.748105
1645526975.593753, 5.035322, -0.630811, 1.726847
1645526975.712931, 5.035304, -0.630684, 1.692115
1645526975.792640, 5.035271, -0.630387, 1.658954
1645526975.892614, 5.035264, -0.630302, 1.639232
1645526976.011607, 5.035250, -0.630090, 1.605198
1645526976.091517, 5.035252, -0.630132, 1.588617
1645526976.191404, 5.035249, -0.629876, 1.567324
1645526976.310451, 5.034655, -0.627939, 1.522863
1645526976.410435, 5.034659, -0.627897, 1.506457
1645526976.510254, 5.034680, -0.627642, 1.461078
1645526976.590230, 5.034680, -0.627642, 1.439262
1645526976.709219, 5.034744, -0.627220, 1.396850
1645526976.789118, 5.034751, -0.627178, 1.358278
1645526976.909029, 5.034847, -0.626762, 1.308362
1645526976.987961, 5.032155, -0.623902, 1.276092
1645526977.107986, 5.032230, -0.623657, 1.223383
1645526977.207932, 5.033104, -0.621435, 1.177481
1645526977.306788, 5.034695, -0.617803, 1.132102
1645526977.406659, 5.032725, -0.616438, 1.099570
1645526977.486618, 5.032643, -0.616588, 1.058032
1645526977.605598, 5.034276, -0.613888, 1.010210
1645526977.705523, 5.037470, -0.609047, 0.955581
1645526977.805642, 5.038406, -0.607724, 0.908457
1645526977.904484, 5.039830, -0.609632, 0.867950
1645526978.004315, 5.040311, -0.609090, 0.824840
1645526978.124162, 5.040397, -0.608995, 0.771084
1645526978.223062, 5.040615, -0.608791, 0.725880
1645526978.303117, 5.040614, -0.608790, 0.690275
1645526978.403999, 5.040487, -0.610551, 0.631270
1645526978.522019, 5.040803, -0.610333, 0.578910
1645526978.621741, 5.040805, -0.610336, 0.532659
1645526978.702774, 5.040879, -0.610294, 0.489375
1645526978.801773, 5.040918, -0.610276, 0.445742
1645526978.920682, 5.043390, -0.614143, 0.382216
1645526979.001602, 5.043628, -0.614052, 0.342422
1645526979.120736, 5.043589, -0.614068, 0.287095
1645526979.219584, 5.043712, -0.614033, 0.234735
1645526979.319574, 5.044045, -0.613961, 0.184470
1645526979.419247, 5.045334, -0.615299, 0.136651
1645526979.499193, 5.045250, -0.615310, 0.095985
1645526979.599127, 5.045335, -0.615305, 0.046417
1645526979.718074, 5.045420, -0.615302, -0.011528
1645526979.818083, 5.045505, -0.615304, -0.063713
1645526979.898077, 5.045873, -0.618269, -0.105191
1645526979.996965, 5.045831, -0.618261, -0.154584
1645526980.096767, 5.046041, -0.618298, -0.206071
1645526980.196714, 5.046166, -0.618329, -0.256337
1645526980.295839, 5.046084, -0.618304, -0.305555
1645526980.355575, 5.043763, -0.619478, -0.342178
1645526980.435690, 5.043763, -0.619478, -0.382670
1645526980.614399, 5.043958, -0.619564, -0.472904
1645526980.655334, 5.044034, -0.619603, -0.498211
1645526980.674365, 5.043959, -0.619562, -0.508683
1645526980.714437, 5.043959, -0.619562, -0.528580
1645526981.530710, 5.047252, -0.626641, -0.963586
1645526981.850503, 5.048687, -0.629162, -1.121363
1645526983.782064, 5.048614, -0.629008, -1.211073
1645526984.679389, 5.048614, -0.629008, -1.211073
1645526984.798379, 5.048614, -0.629008, -1.211073
1645526984.898173, 5.048614, -0.629008, -1.211073
1645526984.978230, 5.047590, -0.630479, -1.207893
1645526985.096980, 5.047590, -0.630479, -1.207893
1645526985.178159, 5.047590, -0.630479, -1.207893
1645526985.297223, 5.047590, -0.630479, -1.207893
1645526985.395929, 5.047590, -0.630479, -1.207893
1645526985.515921, 5.047590, -0.630479, -1.207893
1645526985.616827, 5.047590, -0.630479, -1.207893
1645526985.695667, 5.047590, -0.630479, -1.207893
1645526985.814553, 5.047590, -0.630479, -1.207893
1645526985.914441, 5.047590, -0.630479, -1.208067
1645526986.014349, 5.049693, -0.636021, -1.210860
1645526986.113416, 5.052125, -0.642805, -1.239832
1645526986.193242, 5.053113, -0.645712, -1.250653
1645526986.313097, 5.052933, -0.645143, -1.290796
1645526986.412955, 5.052885, -0.644979, -1.304060
1645526986.511788, 5.052949, -0.645227, -1.340189
1645526986.591909, 5.052998, -0.645435, -1.352755
1645526986.711959, 5.055716, -0.645723, -1.399183
1645526986.831911, 5.055751, -0.645933, -1.429900
1645526986.890659, 5.055745, -0.645891, -1.453986
1645526987.010698, 5.055722, -0.645679, -1.478770
1645526987.089596, 5.055729, -0.645764, -1.510011
1645526987.209608, 5.055716, -0.645508, -1.533398
1645526987.309398, 5.055719, -0.645722, -1.580871
1645526987.408386, 5.056181, -0.644522, -1.600100
1645526987.488239, 5.056176, -0.644607, -1.638847
1645526987.608277, 5.056185, -0.644565, -1.672706
1645526987.707200, 5.056178, -0.644607, -1.715990
1645526987.807138, 5.056160, -0.644734, -1.744439
1645526987.907046, 5.056173, -0.644649, -1.788945
1645526988.005995, 5.056811, -0.644789, -1.827837
1645526988.105870, 5.056854, -0.644624, -1.860650
1645526988.205924, 5.056829, -0.644706, -1.909344
1645526988.324782, 5.056886, -0.644545, -1.948440
1645526988.404855, 5.056873, -0.644586, -1.990502
1645526988.504598, 5.058983, -0.644468, -2.025392
1645526988.604575, 5.058310, -0.645800, -2.068328
1645526988.703498, 5.057309, -0.647536, -2.108470
1645526988.823152, 5.055975, -0.649669, -2.176538
1645526988.883162, 5.055411, -0.650471, -2.194515
1645526989.003305, 5.054080, -0.654217, -2.263063
1645526989.102017, 5.052131, -0.656479, -2.301460
1645526989.202086, 5.050965, -0.657782, -2.358707
1645526989.282075, 5.049866, -0.658854, -2.383142
1645526989.400909, 5.044815, -0.663438, -2.452082
1645526989.520985, 5.044307, -0.672151, -2.480987
1645526989.600824, 5.040442, -0.675029, -2.537535
1645526989.719824, 5.032832, -0.680064, -2.578376
1645526989.799751, 5.024328, -0.685203, -2.630561
1645526989.919707, 5.008549, -0.693585, -2.677685
1645526989.999617, 5.000369, -0.699666, -2.731273
1645526990.118461, 4.983244, -0.706684, -2.782586
1645526990.218382, 4.968492, -0.711907, -2.825696
1645526990.318309, 4.953175, -0.716648, -2.866362
1645526990.417404, 4.937888, -0.720723, -2.905806
1645526990.517270, 4.923228, -0.724184, -2.947805
1645526990.597228, 4.912033, -0.726265, -2.979396
1645526990.715807, 4.902047, -0.727820, -2.991439
1645526990.816005, 4.900107, -0.728117, -2.982887
1645526990.915867, 4.899729, -0.728181, -2.941871
1645526991.014897, 4.899270, -0.728277, -2.910979
1645526991.114685, 4.898774, -0.728403, -2.869440
1645526991.195794, 4.898283, -0.728546, -2.840642
1645526991.313476, 4.897838, -0.728695, -2.795438
1645526991.393466, 4.897359, -0.728875, -2.764546
1645526991.513389, 4.896843, -0.729772, -2.716136
1645526991.613417, 4.896340, -0.730007, -2.678437
1645526991.712209, 4.896151, -0.730105, -2.639865
1645526991.832016, 4.895559, -0.730444, -2.588727
1645526991.912023, 4.895307, -0.730605, -2.560104
1645526991.972046, 4.897527, -0.730233, -2.526697
1645526992.110852, 4.897047, -0.730587, -2.471371
1645526992.230706, 4.896687, -0.730888, -2.422501
1645526992.310610, 4.896527, -0.731030, -2.386373
1645526992.409590, 4.896131, -0.731417, -2.344311
1645526992.509562, 4.894067, -0.731462, -2.304025
1645526992.628679, 4.893650, -0.731947, -2.252014
1645526992.688425, 4.893597, -0.732014, -2.227405
1645526992.808345, 4.893269, -0.732461, -2.172951
1645526992.888464, 4.893151, -0.732638, -2.137346
1645526993.008248, 4.889162, -0.732980, -2.080728
1645526993.087232, 4.889080, -0.733130, -2.049661
1645526993.187068, 4.888909, -0.733474, -2.001141
1645526993.286111, 4.888789, -0.733747, -1.958729
1645526993.405866, 4.888684, -0.734026, -1.904798
1645526993.505810, 4.886268, -0.734560, -1.854278
1645526993.605915, 4.886198, -0.734806, -1.808376
1645526993.704742, 4.886143, -0.735056, -1.765441
1645526993.804601, 4.886081, -0.735391, -1.715699
1645526993.904658, 4.886025, -0.735814, -1.669797
1645526994.003681, 4.884367, -0.738071, -1.629815
1645526994.103369, 4.884352, -0.738455, -1.576408
1645526994.223628, 4.884361, -0.739094, -1.522826
1645526994.322337, 4.884376, -0.739350, -1.481287
1645526994.402290, 4.884410, -0.739689, -1.437654
1645526994.522168, 4.883938, -0.740155, -1.382046
1645526994.621330, 4.883829, -0.739655, -1.326370
1645526994.700968, 4.883895, -0.739902, -1.283086
1645526994.802059, 4.884324, -0.741185, -1.236978
1645526994.900936, 4.884426, -0.741465, -1.185840
1645526995.019934, 4.884495, -0.741621, -1.124754
1645526995.079714, 4.884588, -0.741813, -1.098748
1645526995.199718, 4.884752, -0.742112, -1.037138
1645526995.318714, 4.884821, -0.742220, -0.976052
1645526995.419760, 4.882095, -0.743888, -0.926761
1645526995.518650, 4.882177, -0.743987, -0.878590
1645526995.598532, 4.882258, -0.744086, -0.835830
1645526995.718300, 4.885486, -0.744382, -0.774305
1645526995.797348, 4.885549, -0.744440, -0.734861
1645526995.916956, 4.885741, -0.744608, -0.672204
1645526995.995957, 4.885910, -0.744738, -0.636250
1645526996.115870, 4.887940, -0.744931, -0.573518
1645526996.215836, 4.888085, -0.745021, -0.518714
1645526996.315824, 4.888272, -0.745123, -0.465831
1645526996.414710, 4.888389, -0.745176, -0.417311
1645526996.514633, 4.891758, -0.747966, -0.360265
1645526996.593629, 4.891918, -0.748024, -0.320646
1645526996.713424, 4.892123, -0.748084, -0.256767
1645526996.813761, 4.892288, -0.748127, -0.197949
1645526996.913326, 4.892315, -0.749345, -0.143540
1645526997.012272, 4.892442, -0.749360, -0.092751
1645526997.112198, 4.892527, -0.749367, -0.037598
1645526997.212157, 4.892655, -0.749371, 0.018951
1645526997.291085, 4.892783, -0.749368, 0.059617
1645526997.410992, 4.892302, -0.751219, 0.125621
1645526997.489986, 4.892429, -0.751201, 0.168033
1645526997.610100, 4.892345, -0.751217, 0.235228
1645526997.729907, 4.890370, -0.749326, 0.302539
1645526997.808812, 4.890328, -0.749336, 0.344252
1645526997.908609, 4.890805, -0.749151, 0.398183
1645526998.008629, 4.890921, -0.749097, 0.455779
1645526998.107607, 4.892649, -0.748357, 0.504978
1645526998.207409, 4.892797, -0.748272, 0.560829
1645526998.307491, 4.892975, -0.748154, 0.619123
1645526998.367290, 4.892974, -0.748153, 0.649143
1645526998.506257, 4.890774, -0.749208, 0.728018
1645526998.606174, 4.890776, -0.749209, 0.786661
1645526998.646281, 4.890865, -0.749118, 0.805685
1645526998.745902, 4.890922, -0.749054, 0.863107
1645526998.905055, 4.890999, -0.748952, 0.950024
1645526998.925039, 4.891808, -0.749171, 0.961160
1645526999.103850, 4.891873, -0.749061, 1.062215
1645526999.223893, 4.891990, -0.748834, 1.129061
1645526999.263762, 4.891954, -0.748911, 1.151576
1645526999.303737, 4.891146, -0.750304, 1.171628
1645527000.081105, 4.891345, -0.749262, 1.619305
1645527000.737848, 4.891158, -0.748259, 2.006070
1645527000.897547, 4.891080, -0.748107, 2.099096
1645527001.693851, 4.890474, -0.747457, 2.559514
1645527002.391368, 4.889797, -0.747216, 2.976473
1645527002.511146, 4.889712, -0.747203, 3.047333
1645527002.610029, 4.891682, -0.742237, 3.096320
1645527002.710137, 4.891554, -0.742235, -3.124033
1645527002.789310, 4.891511, -0.742238, -3.078829
1645527002.909145, 4.894004, -0.740381, -3.004530
1645527002.989083, 4.893920, -0.740395, -2.954788
1645527003.108821, 4.893878, -0.740404, -2.881659
1645527003.207922, 4.893919, -0.740390, -2.822667
1645527003.287887, 4.893878, -0.740404, -2.805737
1645527003.407540, 4.893878, -0.740404, -2.810973
1645527003.526545, 4.892910, -0.740736, -2.810798
1645527003.626456, 4.888228, -0.742333, -2.817082
1645527003.726388, 4.883775, -0.743807, -2.842389
1645527003.805430, 4.883531, -0.743885, -2.854781
1645527003.905382, 4.883695, -0.743840, -2.882008
1645527004.005276, 4.883572, -0.743873, -2.901555
1645527004.104067, 4.883738, -0.743833, -2.930702
1645527004.223956, 4.883445, -0.743894, -2.963340
1645527004.304063, 4.883025, -0.743963, -2.980968
1645527004.402850, 4.879773, -0.744423, -3.024252
1645527004.502841, 4.878757, -0.744541, -3.044847
1645527004.602643, 4.878629, -0.744551, -3.074692
1645527004.701594, 4.878587, -0.744554, -3.084117
1645527004.801637, 4.878331, -0.744565, -3.113962
1645527004.901498, 4.877862, -0.744567, 3.139029
1645527005.020345, 4.881669, -0.745938, 3.100400
1645527005.120285, 4.882053, -0.745957, 3.068984
1645527005.200272, 4.881883, -0.745942, 3.040360
1645527005.299217, 4.881502, -0.745898, 3.003359
1645527005.399147, 4.881502, -0.745896, 2.967056
1645527005.499210, 4.881125, -0.745822, 2.930579
1645527005.617761, 4.880747, -0.747384, 2.883010
1645527005.717778, 4.880582, -0.747341, 2.840599
1645527005.777792, 4.880501, -0.747314, 2.817735
1645527005.897717, 4.880219, -0.747216, 2.768866
1645527005.996752, 4.880141, -0.747181, 2.725931
1645527006.076795, 4.884470, -0.747142, 2.694553
1645527006.196551, 4.884243, -0.747023, 2.643415
1645527006.295695, 4.884279, -0.747048, 2.598385
1645527006.395755, 4.884027, -0.746888, 2.558766
1645527006.495407, 4.884132, -0.746960, 2.513737
1645527006.595254, 4.882987, -0.746697, 2.469157
1645527006.714243, 4.883086, -0.746778, 2.421161
1645527006.794126, 4.883084, -0.746780, 2.385730
1645527006.894080, 4.883055, -0.746749, 2.341050
1645527006.992884, 4.882966, -0.746657, 2.298988
1645527007.092982, 4.884702, -0.745614, 2.251908
1645527007.192855, 4.884781, -0.745715, 2.206355
1645527007.291990, 4.884733, -0.745645, 2.160627
1645527007.411693, 4.884667, -0.745535, 2.106696
1645527007.491875, 4.884666, -0.745535, 2.067601
1645527007.590619, 4.884446, -0.744566, 2.024947
1645527007.690541, 4.884462, -0.744606, 1.978172
1645527007.810384, 4.884412, -0.744488, 1.917784
1645527007.909357, 4.884385, -0.744407, 1.874325
1645527007.989399, 4.884362, -0.744325, 1.834183
1645527008.129288, 4.882252, -0.743517, 1.776070
1645527008.208138, 4.882228, -0.743392, 1.743432
1645527008.308077, 4.882112, -0.742504, 1.689676
1645527008.407916, 4.881746, -0.738726, 1.633302
1645527008.508063, 4.880455, -0.734690, 1.586572
1645527008.606859, 4.880476, -0.734264, 1.529325
1645527008.706745, 4.880841, -0.728775, 1.476267
1645527008.826751, 4.882325, -0.717187, 1.402614
1645527008.905698, 4.883131, -0.708652, 1.356138
1645527008.986602, 4.885993, -0.696534, 1.305698
1645527009.105751, 4.891510, -0.678112, 1.244088
1645527009.205574, 4.897132, -0.662779, 1.185445
1645527009.324273, 4.902856, -0.646766, 1.115936
1645527009.404235, 4.908037, -0.636627, 1.071779
1645527009.504231, 4.915573, -0.623598, 1.006853
1645527009.623061, 4.923837, -0.611326, 0.937040
1645527009.682966, 4.928037, -0.606773, 0.905418
1645527009.782944, 4.938345, -0.594329, 0.837524
1645527009.883047, 4.947390, -0.584748, 0.774692
1645527010.001902, 4.958374, -0.574519, 0.709243
1645527010.101770, 4.968866, -0.567913, 0.647675
1645527010.201893, 4.979924, -0.559919, 0.581352
1645527010.300866, 4.987948, -0.554896, 0.536323
1645527010.400611, 4.998444, -0.548287, 0.479803
1645527010.500723, 5.011824, -0.541775, 0.416098
1645527010.599512, 5.022598, -0.537254, 0.366356
1645527010.699589, 5.033130, -0.533529, 0.303699
1645527010.799343, 5.041381, -0.533503, 0.244949
1645527010.898343, 5.054309, -0.530549, 0.193811
1645527010.998399, 5.062811, -0.529168, 0.133248
1645527011.098326, 5.075344, -0.527666, 0.092757
1645527011.197111, 5.085594, -0.526921, 0.051218
1645527011.317054, 5.101635, -0.526604, 0.003687
1645527011.396899, 5.110120, -0.526708, -0.026507
1645527011.495924, 5.122906, -0.527145, -0.048324
1645527011.595768, 5.132526, -0.527729, -0.073282
1645527011.695856, 5.144046, -0.528661, -0.101033
1645527011.814717, 5.155565, -0.530022, -0.132623
1645527011.914702, 5.163884, -0.531191, -0.157058
1645527012.034416, 5.172628, -0.532359, -0.206418
1645527012.093362, 5.181419, -0.534276, -0.232947
1645527012.213378, 5.193312, -0.537341, -0.265235
1645527012.313258, 5.204277, -0.540410, -0.290543
1645527012.412169, 5.213567, -0.543280, -0.306425
1645527012.512090, 5.223638, -0.546509, -0.324926
1645527012.593130, 5.230610, -0.548922, -0.340983
1645527012.691990, 5.243857, -0.553673, -0.353549
1645527012.810963, 5.256096, -0.558321, -0.366290
1645527012.910937, 5.267754, -0.562819, -0.374319
1645527013.010791, 5.277234, -0.566561, -0.373969
1645527013.090770, 5.284102, -0.569257, -0.376937
1645527013.169776, 5.290602, -0.571837, -0.378333
1645527013.309634, 5.303023, -0.579579, -0.411009
1645527013.409636, 5.311835, -0.583586, -0.444693
1645527013.509628, 5.324609, -0.589886, -0.480124
1645527013.588288, 5.336878, -0.596425, -0.498101
1645527013.708313, 5.353200, -0.605330, -0.505955
1645527013.827238, 5.369386, -0.614480, -0.518346
1645527013.907117, 5.379697, -0.620333, -0.516252
1645527014.007122, 5.392871, -0.627792, -0.509445
1645527014.107040, 5.408372, -0.636331, -0.488676
1645527014.205912, 5.422391, -0.643667, -0.468081
1645527014.325881, 5.433058, -0.648837, -0.430033
1645527014.425774, 5.446609, -0.654783, -0.388145
1645527014.484863, 5.455795, -0.658457, -0.365805
1645527014.604689, 5.475025, -0.665468, -0.328804
1645527014.704534, 5.490786, -0.670642, -0.296515
1645527014.803680, 5.508892, -0.675590, -0.264564
1645527014.903475, 5.523429, -0.679331, -0.236988
1645527015.003274, 5.540009, -0.683155, -0.200685
1645527015.102361, 5.553826, -0.685827, -0.182184
1645527015.202290, 5.559575, -0.686865, -0.157401
1645527015.282143, 5.560714, -0.687034, -0.135235
1645527015.382262, 5.565666, -0.687646, -0.102772
1645527015.482120, 5.571260, -0.688336, -0.050386
1645527015.580965, 5.577099, -0.688543, -0.010593
1645527015.700737, 5.584261, -0.688429, 0.046131
1645527015.819803, 5.591196, -0.687966, 0.100585
1645527015.900786, 5.592298, -0.687843, 0.127288
1645527016.019355, 5.594368, -0.687559, 0.151549
1645527016.119456, 5.598651, -0.685997, 0.181054
1645527016.178404, 5.600119, -0.685723, 0.192224
1645527016.298201, 5.601162, -0.685506, 0.218928
1645527016.378278, 5.602449, -0.685204, 0.246853
1645527016.398242, 5.602656, -0.685152, 0.252089
1645527016.577232, 5.607493, -0.683765, 0.297991
1645527016.657162, 5.609200, -0.683224, 0.331851
1645527016.677312, 5.609725, -0.683043, 0.338657
1645527016.697289, 5.609725, -0.683043, 0.343370
1645527016.816993, 5.611044, -0.682555, 0.374262
1645527016.855839, 5.611798, -0.682256, 0.386654
1645527016.896007, 5.612034, -0.682159, 0.396602
1645527016.915892, 5.612270, -0.682060, 0.400617
1645527016.935877, 5.612545, -0.681944, 0.404980
1645527016.975930, 5.612897, -0.681791, 0.417197
1645527017.015683, 5.613482, -0.681531, 0.427320
1645527017.074692, 5.614140, -0.681227, 0.443726
1645527017.094779, 5.614332, -0.681135, 0.449835
1645527017.134628, 5.614639, -0.680986, 0.462925
1645527017.174731, 5.611421, -0.680606, 0.472098
1645527017.533436, 5.615125, -0.678496, 0.576119
1645527017.653329, 5.616684, -0.677451, 0.608582
1645527019.187253, 5.617137, -0.677132, 0.636682
1645527019.904182, 5.617137, -0.677132, 0.636682
1645527020.502238, 5.617137, -0.677132, 0.636682
1645527020.602134, 5.615911, -0.680660, 0.635576
1645527020.720905, 5.615911, -0.680660, 0.635576
1645527020.820994, 5.615911, -0.680660, 0.635576
1645527020.920892, 5.615911, -0.680660, 0.635576
1645527021.019837, 5.615911, -0.680660, 0.635576
1645527021.119927, 5.615911, -0.680660, 0.635576
1645527021.219669, 5.615911, -0.680660, 0.635576
1645527021.318629, 5.615911, -0.680660, 0.635576
1645527021.378591, 5.615911, -0.680660, 0.635576
1645527021.518530, 5.615911, -0.680660, 0.635401
1645527021.617497, 5.617558, -0.679445, 0.635401
1645527021.697392, 5.621814, -0.676307, 0.636099
1645527021.797373, 5.631670, -0.668978, 0.639590
1645527021.896215, 5.641220, -0.661881, 0.636972
1645527022.016027, 5.654912, -0.651851, 0.628594
1645527022.096040, 5.662609, -0.646265, 0.624580
1645527022.195027, 5.670511, -0.640599, 0.618821
1645527022.314783, 5.684642, -0.630668, 0.604509
1645527022.414897, 5.696435, -0.622529, 0.604683
1645527022.473902, 5.701803, -0.618819, 0.605207
1645527022.593786, 5.712958, -0.611032, 0.611141
1645527022.693713, 5.720783, -0.605554, 0.614108
1645527022.812593, 5.729889, -0.599079, 0.623882
1645527022.912448, 5.740715, -0.591198, 0.634354
1645527023.011402, 5.749065, -0.585060, 0.633481
1645527023.111295, 5.757690, -0.578722, 0.634005
1645527023.191400, 5.763253, -0.574624, 0.632783
1645527023.290261, 5.773954, -0.566789, 0.631212
1645527023.410211, 5.787981, -0.556494, 0.632085
1645527023.530081, 5.797755, -0.549342, 0.635227
1645527023.589202, 5.802490, -0.545847, 0.635925
1645527023.709132, 5.811543, -0.539154, 0.637496
1645527023.829004, 5.819997, -0.530028, 0.638991
1645527023.928802, 5.822871, -0.527890, 0.645798
1645527024.007777, 5.823280, -0.527582, 0.652256
1645527024.087694, 5.823855, -0.527140, 0.668662
1645527024.306355, 5.825210, -0.526036, 0.717705
1645527024.386306, 5.825719, -0.525581, 0.741966
1645527024.506254, 5.826528, -0.524823, 0.786471
1645527024.605306, 5.826943, -0.524393, 0.822076
1645527024.705558, 5.826745, -0.524371, 0.862400
1645527024.804987, 5.827099, -0.523945, 0.907255
1645527024.923949, 5.827737, -0.523091, 0.952808
1645527025.003859, 5.827954, -0.522774, 0.991554
1645527025.043889, 5.828140, -0.522488, 1.007436
1645527025.282747, 5.831493, -0.518922, 1.116882
1645527025.422685, 5.831885, -0.518070, 1.176747
1645527025.521589, 5.832168, -0.517356, 1.216191
1645527025.562601, 5.832285, -0.517036, 1.236612
1645527025.681446, 5.831318, -0.517154, 1.291046
1645527025.781401, 5.831484, -0.516536, 1.338519
1645527025.900244, 5.831699, -0.515536, 1.390879
1645527025.980281, 5.831770, -0.515116, 1.421596
1645527026.060265, 5.834017, -0.515981, 1.464055
1645527026.219052, 5.834074, -0.515215, 1.534567
1645527026.318940, 5.834089, -0.514491, 1.576978
1645527026.418008, 5.834077, -0.514107, 1.624102
1645527026.518179, 5.834034, -0.513469, 1.669131
1645527026.617959, 5.832904, -0.512960, 1.713443
1645527026.717062, 5.832812, -0.512370, 1.748873
1645527026.777752, 5.832796, -0.512286, 1.771038
1645527026.876621, 5.832678, -0.511745, 1.807167
1645527026.995662, 5.832552, -0.511249, 1.838583
1645527027.115791, 5.832374, -0.510634, 1.876107
1645527027.175658, 5.832282, -0.510350, 1.889372
1645527027.275490, 5.835982, -0.508073, 1.915650
1645527027.394329, 5.835940, -0.507953, 1.950906
1645527027.494342, 5.835677, -0.507323, 1.980227
1645527027.574299, 5.835626, -0.507206, 2.001346
1645527027.713395, 5.835608, -0.507167, 2.000124
1645527027.813202, 5.835608, -0.507167, 1.999950
1645527027.873225, 5.835608, -0.507167, 1.999950
1645527028.011799, 5.835608, -0.507167, 2.000124
1645527028.091795, 5.835608, -0.507167, 2.000124
1645527028.191770, 5.835608, -0.507167, 2.000124
1645527028.291723, 5.835608, -0.507167, 2.000124
1645527028.410685, 5.835608, -0.507167, 2.000124
1645527028.510514, 5.835608, -0.507167, 2.000124
1645527028.610415, 5.835608, -0.507167, 2.000124
1645527028.809382, 5.835608, -0.507167, 2.000124
1645527028.909445, 5.835608, -0.507167, 2.000124
1645527029.008098, 5.835608, -0.507167, 2.000124
1645527029.087950, 5.835608, -0.507167, 2.000124
1645527029.207909, 5.835608, -0.507167, 2.000124
1645527029.306868, 5.835608, -0.507167, 2.000124
1645527029.406834, 5.835608, -0.507167, 2.000124
1645527029.487929, 5.835608, -0.507167, 2.000124
1645527029.605810, 5.835608, -0.507167, 2.000124
1645527029.705802, 5.835608, -0.507167, 2.000124
1645527029.786540, 5.835608, -0.507167, 2.000124
1645527029.904716, 5.835608, -0.507167, 2.000124
1645527030.005569, 5.835608, -0.507167, 2.000124
1645527030.124368, 5.835608, -0.507167, 2.000124
1645527030.224246, 5.835608, -0.507167, 2.000124
1645527030.304072, 5.835608, -0.507167, 2.000124
1645527030.423137, 5.835608, -0.507167, 2.000124
1645527030.523037, 5.835608, -0.507167, 2.000124
1645527030.621880, 5.835608, -0.507167, 2.000124
1645527030.702846, 5.835608, -0.507167, 2.000124
1645527030.821709, 5.835608, -0.507167, 2.000124
1645527030.920628, 5.835608, -0.507167, 2.000124
1645527031.001615, 5.835608, -0.507167, 2.000124
1645527031.080655, 5.835608, -0.507167, 2.000124
1645527031.200399, 5.835608, -0.507167, 2.000124
1645527031.300356, 5.835608, -0.507167, 2.000124
1645527031.399258, 5.835608, -0.507167, 2.000124
1645527031.499181, 5.835608, -0.507167, 2.000124
1645527031.599006, 5.835608, -0.507167, 2.000124
1645527031.697814, 5.835608, -0.507167, 2.000124
1645527031.797903, 5.835608, -0.507167, 2.000124
1645527031.897806, 5.835608, -0.507167, 2.000124
1645527031.996793, 5.835608, -0.507167, 2.000124
1645527032.136708, 5.835608, -0.507167, 2.000124
1645527032.216657, 5.835608, -0.507167, 2.000124
1645527032.315567, 5.835608, -0.507167, 2.000124
1645527032.395593, 5.835608, -0.507167, 2.000124
1645527032.495531, 5.835608, -0.507167, 2.000124
1645527032.594449, 5.835608, -0.507167, 2.000124
1645527032.694267, 5.835608, -0.507167, 2.000124
1645527032.814133, 5.835608, -0.507167, 2.000124
1645527032.912962, 5.835608, -0.507167, 2.000124
1645527033.013000, 5.835608, -0.507167, 2.000124
1645527033.092881, 5.835608, -0.507167, 2.000124
1645527033.192057, 5.835608, -0.507167, 2.000124
1645527033.291846, 5.835608, -0.507167, 2.000124
1645527033.391873, 5.835608, -0.507167, 2.000124
1645527033.530814, 5.835608, -0.507167, 2.000124
1645527033.630728, 5.835608, -0.507167, 2.000124
1645527033.710566, 5.835608, -0.507167, 2.000124
1645527033.789602, 5.835608, -0.507167, 2.000124
1645527033.909453, 5.834898, -0.505616, 2.000124
1645527034.009396, 5.832017, -0.499290, 1.984242
1645527034.128433, 5.827203, -0.487944, 1.956316
1645527034.208276, 5.826436, -0.486047, 1.944099
1645527034.288180, 5.826574, -0.486405, 1.934151
1645527034.328174, 5.826590, -0.486444, 1.923853
1645527034.387105, 5.826459, -0.486084, 1.911287
1645527034.547096, 5.826431, -0.486003, 1.872890
1645527034.646853, 5.826469, -0.486125, 1.854389
1645527034.666953, 5.826493, -0.486207, 1.849328
1645527034.686963, 5.826470, -0.486125, 1.843045
1645527034.725936, 5.826390, -0.485837, 1.829431
1645527034.805882, 5.826369, -0.485755, 1.806916
1645527034.845767, 5.826398, -0.485879, 1.798364
1645527034.885919, 5.826389, -0.485838, 1.788067
1645527034.925742, 5.826389, -0.485838, 1.773755
1645527034.965532, 5.826347, -0.485629, 1.762061
1645527034.985600, 5.826331, -0.485545, 1.757174
1645527035.025616, 5.826315, -0.485461, 1.748099
1645527035.065610, 5.826315, -0.485461, 1.737452
1645527035.104715, 5.826322, -0.485503, 1.730122
1645527035.144403, 5.826316, -0.485461, 1.722442
1645527035.184639, 5.826316, -0.485461, 1.714065
1645527035.244439, 5.826304, -0.485376, 1.697833
1645527035.324507, 5.825095, -0.485744, 1.678797
1645527035.483320, 5.825069, -0.485489, 1.644414
1645527035.802279, 5.825078, -0.485745, 1.570063
1645527036.559496, 5.825079, -0.485660, 1.548596
1645527037.635867, 5.825079, -0.485660, 1.548596
1645527038.432260, 5.825079, -0.485660, 1.548596
1645527038.591947, 5.825079, -0.485660, 1.548596
1645527038.692019, 5.825079, -0.485660, 1.548596
1645527038.810987, 5.825079, -0.485660, 1.548596
1645527038.890683, 5.825079, -0.485660, 1.548596
1645527039.010729, 5.825079, -0.485660, 1.548596
1645527039.109753, 5.825079, -0.485660, 1.548596
1645527039.209604, 5.825079, -0.485660, 1.548596
1645527039.309589, 5.825079, -0.485660, 1.548596
1645527039.388623, 5.825079, -0.485660, 1.548596
1645527039.528419, 5.825079, -0.485660, 1.548596
1645527039.608235, 5.825079, -0.485660, 1.548596
1645527039.687310, 5.825079, -0.485660, 1.548596
1645527039.787241, 5.825082, -0.485532, 1.548596
1645527039.927129, 5.825268, -0.475299, 1.567969
1645527040.027071, 5.825265, -0.469286, 1.574601
1645527040.126004, 5.825249, -0.465405, 1.580186
1645527040.206006, 5.825184, -0.461013, 1.595894
1645527040.305041, 5.825144, -0.459563, 1.611777
1645527040.404915, 5.825156, -0.459819, 1.621900
1645527040.504825, 5.825110, -0.459053, 1.643193
1645527040.603918, 5.825023, -0.457990, 1.662566
1645527040.703599, 5.824679, -0.454639, 1.690316
1645527040.803607, 5.824661, -0.454469, 1.720336
1645527040.923374, 5.824591, -0.454048, 1.759082
1645527041.002341, 5.824493, -0.453546, 1.779852
1645527041.122256, 5.824374, -0.453005, 1.811966
1645527041.222219, 5.824312, -0.452756, 1.838844
1645527041.302168, 5.824265, -0.452592, 1.862406
1645527041.401066, 5.824123, -0.452145, 1.894694
1645527041.501033, 5.824026, -0.451863, 1.921223
1645527041.601060, 5.827131, -0.449920, 1.949932
1645527041.719815, 5.826908, -0.449366, 1.984839
1645527041.799864, 5.826838, -0.449210, 2.008750
1645527041.918665, 5.826615, -0.448749, 2.031264
1645527041.999722, 5.826444, -0.448406, 2.049241
1645527042.079199, 5.826285, -0.448104, 2.062331
1645527042.198431, 5.826078, -0.447731, 2.098983
1645527042.317645, 5.825836, -0.447329, 2.136333
1645527042.417280, 5.829532, -0.446505, 2.161403
1645527042.497334, 5.829533, -0.446504, 2.187409
1645527042.597442, 5.829281, -0.446160, 2.221966
1645527042.716022, 5.829152, -0.445991, 2.258967
1645527042.815984, 5.828985, -0.445797, 2.291605
1645527042.915837, 5.828615, -0.445383, 2.317261
1645527043.014823, 5.828615, -0.445383, 2.339427
1645527043.094820, 5.829702, -0.446273, 2.361292
1645527043.214717, 5.824921, -0.441708, 2.399864
1645527043.293808, 5.819187, -0.436541, 2.421157
1645527043.373723, 5.810160, -0.428726, 2.437737
1645527043.612424, 5.791675, -0.413607, 2.477356
1645527043.732461, 5.778422, -0.403558, 2.509819
1645527043.793287, 5.771141, -0.398272, 2.523956
1645527043.891171, 5.760125, -0.390584, 2.544551
1645527044.011140, 5.749763, -0.385153, 2.571092
1645527044.131030, 5.740281, -0.379162, 2.584008
1645527044.229913, 5.731304, -0.373652, 2.611060
1645527044.289912, 5.726476, -0.370841, 2.616122
1645527044.410796, 5.714401, -0.363952, 2.647887
1645527044.509908, 5.705784, -0.359448, 2.668307
1645527044.608909, 5.695531, -0.354302, 2.692742
1645527044.668687, 5.690326, -0.351843, 2.711940
1645527044.808558, 5.687608, -0.350608, 2.746498
1645527044.907558, 5.686937, -0.350334, 2.777914
1645527044.967488, 5.686098, -0.350018, 2.789433
1645527045.107264, 5.684838, -0.349344, 2.820978
1645527045.207198, 5.683984, -0.349073, 2.845413
1645527045.307094, 5.682798, -0.348723, 2.869498
1645527045.406244, 5.682016, -0.348512, 2.900041
1645527045.526212, 5.681586, -0.349534, 2.943922
1645527045.605949, 5.680790, -0.349384, 2.979702
1645527045.705087, 5.679185, -0.349160, 3.025429
1645527045.804936, 5.674048, -0.348677, 3.076218
1645527045.904857, 5.669194, -0.348418, 3.125437
1645527046.023398, 5.666923, -0.348140, -3.107667
1645527046.083516, 5.663856, -0.348280, -3.070143
1645527046.222589, 5.661355, -0.348560, -3.008533
1645527046.282233, 5.657978, -0.349044, -2.978513
1645527046.422260, 5.649291, -0.350821, -2.899624
1645527046.522072, 5.642492, -0.355045, -2.846480
1645527046.621401, 5.636171, -0.357116, -2.795168
1645527046.721134, 5.629891, -0.359556, -2.737048
1645527046.821049, 5.623265, -0.364947, -2.678328
1645527046.919935, 5.616782, -0.368377, -2.624397
1645527046.999887, 5.609008, -0.372990, -2.570117
1645527047.099816, 5.602316, -0.377556, -2.510776
1645527047.198704, 5.589993, -0.383676, -2.453191
1645527047.298534, 5.577801, -0.394346, -2.381981
1645527047.398618, 5.566398, -0.405617, -2.328749
1645527047.517693, 5.553656, -0.420018, -2.250558
1645527047.597377, 5.541735, -0.429092, -2.200018
1645527047.697359, 5.532427, -0.442408, -2.149927
1645527047.816262, 5.522291, -0.459000, -2.089538
1645527047.916000, 5.514277, -0.473525, -2.055155
1645527047.996061, 5.508253, -0.485244, -2.030895
1645527048.095995, 5.501177, -0.500012, -2.000003
1645527048.194976, 5.494376, -0.515092, -1.972752
1645527048.315765, 5.486772, -0.533545, -1.947619
1645527048.414842, 5.480711, -0.549124, -1.934005
1645527048.514024, 5.474787, -0.564893, -1.924406
1645527048.614666, 5.469014, -0.580718, -1.915505
1645527048.713764, 5.463358, -0.596586, -1.908873
1645527048.793590, 5.458970, -0.609237, -1.897004
1645527048.892639, 5.453591, -0.625380, -1.886009
1645527048.992611, 5.448350, -0.641613, -1.880249
1645527049.092444, 5.443132, -0.658033, -1.876235
1645527049.191595, 5.437962, -0.674423, -1.876235
1645527049.311248, 5.431728, -0.694190, -1.876933
1645527049.371177, 5.428626, -0.703988, -1.878504
1645527049.510177, 5.423312, -0.729227, -1.881679
1645527049.610006, 5.418000, -0.745617, -1.889708
1645527049.730144, 5.411445, -0.765144, -1.900703
1645527049.808845, 5.406909, -0.778331, -1.903496
1645527049.908857, 5.401204, -0.794724, -1.911175
1645527050.008899, 5.395332, -0.811057, -1.922869
1645527050.128839, 5.388024, -0.830588, -1.938228
1645527050.207787, 5.382966, -0.843538, -1.953936
1645527050.307513, 5.376250, -0.859773, -1.973833
1645527050.386497, 5.370728, -0.872579, -1.985352
1645527050.506431, 5.362096, -0.891702, -2.004201
1645527050.606472, 5.354567, -0.907719, -2.022353
1645527050.726261, 5.345180, -0.926579, -2.049056
1645527050.825125, 5.336313, -0.944582, -2.072223
1645527050.925001, 5.327683, -0.960033, -2.089327
1645527050.984891, 5.322435, -0.969166, -2.100497
1645527051.123891, 5.309498, -0.990497, -2.131041
1645527051.203977, 5.301836, -1.002504, -2.152159
1645527051.303840, 5.292044, -1.017143, -2.174499
1645527051.422754, 5.279795, -1.034335, -2.205566
1645527051.483731, 5.272980, -1.043510, -2.219529
1645527051.602611, 5.260021, -1.060281, -2.240996
1645527051.702513, 5.248878, -1.074141, -2.259846
1645527051.821555, 5.234481, -1.091740, -2.276614
1645527051.901502, 5.225166, -1.102573, -2.288831
1645527051.961237, 5.217930, -1.110804, -2.297383
1645527052.001427, 5.213134, -1.116184, -2.303143
1645527052.159990, 5.193852, -1.137153, -2.330196
1645527052.319968, 5.173700, -1.157945, -2.354805
1645527052.339027, 5.171170, -1.160482, -2.357946
1645527052.498863, 5.150346, -1.180662, -2.387617
1645527052.598871, 5.137016, -1.192941, -2.410132
1645527052.718016, 5.120599, -1.207402, -2.434043
1645527052.777720, 5.112308, -1.214439, -2.444864
1645527052.917760, 5.088699, -1.229818, -2.478093
1645527052.977657, 5.080065, -1.236499, -2.492580
1645527053.057439, 5.068220, -1.245440, -2.497466
1645527053.196486, 5.047688, -1.260781, -2.502004
1645527053.296285, 5.032956, -1.271701, -2.506542
1645527053.395235, 5.018135, -1.282573, -2.511255
1645527053.495152, 5.003191, -1.293419, -2.517189
1645527053.615119, 4.985205, -1.306319, -2.521552
1645527053.714116, 4.970163, -1.317029, -2.526439
1645527053.774105, 4.961099, -1.323415, -2.529581
1645527053.913747, 4.939774, -1.338240, -2.537435
1645527054.012862, 4.924566, -1.348714, -2.542496
1645527054.092769, 4.912285, -1.357046, -2.548605
1645527054.212652, 4.893599, -1.369610, -2.551223
1645527054.311648, 4.875561, -1.379567, -2.558309
1645527054.411392, 4.860099, -1.389739, -2.560404
1645527054.511273, 4.844441, -1.400001, -2.564418
1645527054.611520, 4.828848, -1.410130, -2.566163
1645527054.710285, 4.812986, -1.420392, -2.568258
1645527054.810230, 4.798651, -1.429638, -2.570701
1645527054.890117, 4.792548, -1.433551, -2.573668
1645527055.028893, 4.793159, -1.433161, -2.573145
1645527055.109027, 4.793159, -1.433161, -2.573668
1645527055.209119, 4.793159, -1.433161, -2.573668
1645527055.289376, 4.793159, -1.433161, -2.574192
1645527055.408728, 4.793159, -1.433161, -2.573668
1645527055.507818, 4.793159, -1.433161, -2.573668
1645527055.607741, 4.793159, -1.433161, -2.573668
1645527055.707640, 4.791684, -1.434101, -2.574017
1645527055.806393, 4.785782, -1.437853, -2.581871
1645527055.906398, 4.775082, -1.444470, -2.593390
1645527056.006266, 4.764370, -1.450985, -2.598801
1645527056.125151, 4.748973, -1.460136, -2.612589
1645527056.224126, 4.735778, -1.467816, -2.618174
1645527056.305316, 4.725089, -1.473951, -2.627424
1645527056.424016, 4.708962, -1.482946, -2.636849
1645527056.503891, 4.697901, -1.489029, -2.643132
1645527056.622916, 4.681690, -1.497782, -2.646972
1645527056.682874, 4.673354, -1.502270, -2.649241
1645527056.802830, 4.650149, -1.507191, -2.654421
1645527056.921767, 4.633414, -1.516049, -2.657563
1645527056.961663, 4.628052, -1.518864, -2.659483
1645527057.081604, 4.611182, -1.527647, -2.663671
1645527057.220573, 4.591371, -1.537894, -2.666464
1645527057.320372, 4.577102, -1.545210, -2.670478
1645527057.400399, 4.565578, -1.551055, -2.672398
1645527057.500228, 4.551178, -1.558394, -2.667860
1645527057.619244, 4.533840, -1.567296, -2.665766
1645527057.719026, 4.519402, -1.574750, -2.664021
1645527057.798168, 4.507930, -1.580696, -2.662973
1645527057.898029, 4.493361, -1.588266, -2.660530
1645527057.937936, 4.487654, -1.591249, -2.657737
1645527058.078092, 4.467321, -1.602061, -2.649360
1645527058.196931, 4.449872, -1.611483, -2.643077
1645527058.296871, 4.438472, -1.617722, -2.639800
1645527058.376693, 4.426926, -1.624075, -2.636659
1645527058.495660, 4.409474, -1.633757, -2.633692
1645527058.595703, 4.394915, -1.641886, -2.630201
1645527058.655704, 4.386178, -1.646795, -2.629154
1645527058.675736, 4.383279, -1.648426, -2.628630
1645527058.695716, 4.380381, -1.650059, -2.628107
1645527058.735721, 4.374551, -1.653351, -2.626710
1645527059.771774, 4.223885, -1.744513, -2.568416
1645527059.990643, 4.192070, -1.765210, -2.561610
1645527060.746972, 4.171117, -1.778985, -2.558643
1645527062.480624, 4.171117, -1.778985, -2.558817
1645527062.579710, 4.171117, -1.778985, -2.558817
1645527062.699569, 4.171117, -1.778985, -2.558817
1645527062.819252, 4.172910, -1.774669, -2.562540
1645527062.918444, 4.172910, -1.774669, -2.562540
1645527062.998300, 4.172910, -1.774669, -2.562540
1645527063.118206, 4.172910, -1.774669, -2.562365
1645527063.197068, 4.172803, -1.774739, -2.562540
1645527063.297104, 4.166950, -1.778567, -2.558002
1645527063.416903, 4.159192, -1.783768, -2.549973
1645527063.515909, 4.150146, -1.789879, -2.543516
1645527063.615804, 4.138999, -1.797528, -2.539327
1645527063.695848, 4.129444, -1.804106, -2.535662
1645527063.814642, 4.114148, -1.814752, -2.532346
1645527063.894644, 4.104222, -1.821691, -2.528331
1645527064.014554, 4.089121, -1.832393, -2.522223
1645527064.093642, 4.079124, -1.839528, -2.520303
1645527064.213385, 4.064056, -1.850349, -2.515590
1645527064.313366, 4.051455, -1.859488, -2.512449
1645527064.412293, 4.038915, -1.868638, -2.510005
1645527064.512226, 4.026052, -1.878068, -2.506166
1645527064.612125, 4.011561, -1.883685, -2.507956
1645527064.711102, 3.998930, -1.892998, -2.503942
1645527064.810961, 3.986089, -1.902531, -2.502371
1645527064.910938, 3.973266, -1.912088, -2.496786
1645527065.009926, 3.960499, -1.921718, -2.494517
1645527065.109751, 3.947757, -1.931383, -2.490329
1645527065.229716, 3.932284, -1.943232, -2.482824
1645527065.308870, 3.922140, -1.951098, -2.480031
1645527065.428655, 3.906981, -1.963005, -2.470083
1645527065.528611, 3.894173, -1.973209, -2.466068
1645527065.627618, 3.881505, -1.983384, -2.463625
1645527065.687504, 3.873771, -1.989622, -2.461182
1645527065.808317, 3.858403, -2.002087, -2.457516
1645527065.907130, 3.845791, -2.012399, -2.455247
1645527066.006066, 3.832965, -2.022920, -2.453502
1645527066.107114, 3.820284, -2.033350, -2.452804
1645527066.224898, 3.807191, -2.044150, -2.450710
1645527066.304944, 3.804594, -2.046297, -2.449488
1645527066.405907, 3.805054, -2.045916, -2.449662
1645527066.505038, 3.805120, -2.045861, -2.447568
1645527066.603808, 3.805120, -2.045861, -2.447742
1645527066.683759, 3.805120, -2.045861, -2.447917
1645527066.803703, 3.805120, -2.045861, -2.447219
1645527066.902514, 3.805120, -2.045861, -2.447044
1645527067.002812, 3.805120, -2.045861, -2.446695
1645527067.102449, 3.805120, -2.045861, -2.446695
1645527067.202316, 3.805120, -2.045861, -2.446695
1645527067.301212, 3.805120, -2.045861, -2.446695
1645527067.401426, 3.805120, -2.045861, -2.446695
1645527067.521264, 3.805120, -2.045861, -2.446695
1645527067.621139, 3.805120, -2.045861, -2.446695
1645527067.719974, 3.805120, -2.045861, -2.446695
1645527067.819922, 3.805120, -2.045861, -2.446695
1645527067.898820, 3.805120, -2.045861, -2.446695
1645527067.998720, 3.805120, -2.045861, -2.446695
1645527068.098675, 3.805120, -2.045861, -2.446695
1645527068.197521, 3.805120, -2.045861, -2.446695
1645527068.297505, 3.805120, -2.045861, -2.446695
1645527068.397682, 3.805120, -2.045861, -2.446695
1645527068.496543, 3.805120, -2.045861, -2.446695
1645527068.616384, 3.805120, -2.045861, -2.446695
1645527068.696121, 3.805120, -2.045861, -2.446695
1645527068.795149, 3.805120, -2.045861, -2.446695
1645527068.915043, 3.805120, -2.045861, -2.446695
1645527069.014961, 3.805120, -2.045861, -2.446695
1645527069.113929, 3.805120, -2.045861, -2.446695
1645527069.213820, 3.805120, -2.045861, -2.446695
1645527069.313960, 3.805120, -2.045861, -2.446695
1645527069.392796, 3.805120, -2.045861, -2.446695
1645527069.512885, 3.805120, -2.045861, -2.446695
1645527069.612508, 3.805120, -2.045861, -2.446695
1645527069.711719, 3.805120, -2.045861, -2.446695
1645527069.811385, 3.805120, -2.045861, -2.446695
1645527069.931335, 3.805120, -2.045861, -2.446695
1645527070.010344, 3.805120, -2.045861, -2.446695
1645527070.110201, 3.805120, -2.045861, -2.446695
1645527070.210121, 3.805120, -2.045861, -2.446695
1645527070.310037, 3.805120, -2.045861, -2.446695
1645527070.390072, 3.805120, -2.045861, -2.446695
1645527070.508973, 3.805120, -2.045861, -2.446695
1645527070.608794, 3.805120, -2.045861, -2.446695
1645527070.707927, 3.805120, -2.045861, -2.446695
1645527070.788786, 3.805120, -2.045861, -2.446695
1645527070.907746, 3.805120, -2.045861, -2.446695
1645527071.006740, 3.805120, -2.045861, -2.446695
1645527071.106658, 3.805120, -2.045861, -2.446695
1645527071.206453, 3.805120, -2.045861, -2.446695
1645527071.306372, 3.805120, -2.045861, -2.446695
1645527071.406287, 3.805120, -2.045861, -2.446695
1645527071.505270, 3.805120, -2.045861, -2.446695
1645527071.625210, 3.805120, -2.045861, -2.446695
1645527071.725119, 3.805120, -2.045861, -2.446695
1645527071.804042, 3.805120, -2.045861, -2.446695
1645527071.904060, 3.805120, -2.045861, -2.446695
1645527072.023989, 3.805120, -2.045861, -2.446695
1645527072.102829, 3.805120, -2.045861, -2.446695
1645527072.202730, 3.805120, -2.045861, -2.446695
1645527072.302647, 3.805120, -2.045861, -2.446695
1645527072.401750, 3.805120, -2.045861, -2.446695
1645527072.501560, 3.805120, -2.045861, -2.446695
1645527072.601605, 3.805120, -2.045861, -2.446695
1645527072.700309, 3.805120, -2.045861, -2.446695
1645527072.820278, 3.805120, -2.045861, -2.446695
