1645526860.128710, 3.208769, -2.807649, 1.565411
1645526860.247455, 3.208769, -2.807649, 1.565411
1645526860.347311, 3.208769, -2.807649, 1.565411
1645526860.426600, 3.208769, -2.807649, 1.565411
1645526860.566425, 3.208769, -2.807649, 1.565411
1645526860.646153, 3.208769, -2.807649, 1.565411
1645526860.745360, 3.208769, -2.807649, 1.565411
1645526860.825815, 3.208769, -2.807649, 1.565411
1645526860.944814, 3.208769, -2.807649, 1.565411
1645526861.024656, 3.208769, -2.807649, 1.565411
1645526861.143587, 3.208769, -2.807649, 1.565411
1645526861.243433, 3.208769, -2.807649, 1.565411
1645526861.343482, 3.208769, -2.807649, 1.565411
1645526861.442201, 3.208769, -2.807649, 1.565411
1645526861.543105, 3.208769, -2.807649, 1.565411
1645526861.622454, 3.208769, -2.807649, 1.565411
1645526861.741954, 3.208769, -2.807649, 1.565411
1645526861.840862, 3.208769, -2.807649, 1.565411
1645526861.940687, 3.208769, -2.807649, 1.565411
1645526862.040572, 3.208769, -2.807649, 1.565411
1645526862.159497, 3.208769, -2.807649, 1.565411
1645526862.240290, 3.208769, -2.807649, 1.565411
1645526862.359132, 3.208769, -2.807649, 1.565411
1645526862.439013, 3.208769, -2.807649, 1.565411
1645526862.558292, 3.208769, -2.807649, 1.565411
1645526862.657975, 3.208769, -2.807649, 1.565411
1645526862.758917, 3.208769, -2.807649, 1.565411
1645526862.857658, 3.208769, -2.807649, 1.565411
1645526862.957722, 3.208769, -2.807649, 1.565411
1645526863.036568, 3.208769, -2.807649, 1.565411
1645526863.156411, 3.208769, -2.807649, 1.565411
1645526863.255290, 3.208769, -2.807649, 1.565411
1645526863.356084, 3.208769, -2.807649, 1.565411
1645526863.455068, 3.208769, -2.807649, 1.565411
1645526863.534929, 3.208769, -2.807649, 1.565411
1645526863.634757, 3.208769, -2.807649, 1.565411
1645526863.753710, 3.208769, -2.807649, 1.565411
1645526863.853549, 3.208769, -2.807649, 1.565411
1645526863.953416, 3.208769, -2.807649, 1.565411
1645526864.053335, 3.208769, -2.807649, 1.565411
1645526864.152366, 3.208769, -2.807649, 1.565411
1645526864.252282, 3.208769, -2.807649, 1.565411
1645526864.352000, 3.208769, -2.807649, 1.565411
1645526864.450844, 3.208769, -2.807649, 1.565411
1645526864.570729, 3.208769, -2.807649, 1.565411
1645526864.650659, 3.208769, -2.807649, 1.565411
1645526864.770498, 3.208769, -2.807649, 1.565411
1645526864.829481, 3.208769, -2.807649, 1.565411
1645526864.949372, 3.208769, -2.807649, 1.565411
1645526865.029269, 3.208769, -2.807649, 1.565411
1645526865.168294, 3.208769, -2.807649, 1.565411
1645526865.229082, 3.208769, -2.807649, 1.565411
1645526865.347945, 3.208769, -2.807649, 1.565411
1645526865.447824, 3.208769, -2.807649, 1.565411
1645526865.507787, 3.208769, -2.807649, 1.565411
1645526865.646602, 3.208769, -2.807649, 1.565411
1645526865.747443, 3.208769, -2.807649, 1.565411
1645526865.846361, 3.208769, -2.807649, 1.565411
1645526865.926290, 3.208769, -2.807649, 1.565411
1645526866.045175, 3.208769, -2.807649, 1.565411
1645526866.125031, 3.208769, -2.807649, 1.565411
1645526866.224926, 3.208769, -2.807649, 1.565411
1645526866.344832, 3.208769, -2.807649, 1.565411
1645526866.444733, 3.208769, -2.807649, 1.565411
1645526866.543555, 3.208769, -2.807649, 1.565411
1645526866.663422, 3.208769, -2.807649, 1.565411
1645526866.722425, 3.208769, -2.807649, 1.565411
1645526866.842236, 3.208769, -2.807649, 1.565411
1645526866.942101, 3.208769, -2.807649, 1.565411
1645526867.062025, 3.208769, -2.807649, 1.565411
1645526867.141972, 3.208769, -2.807649, 1.565411
1645526867.240894, 3.208769, -2.807649, 1.565411
1645526867.340790, 3.208769, -2.807649, 1.565411
1645526867.420994, 3.208769, -2.807649, 1.565411
1645526867.540580, 3.208769, -2.807649, 1.565411
1645526867.639289, 3.208769, -2.807649, 1.565411
1645526867.759278, 3.208769, -2.807649, 1.565411
1645526867.839141, 3.208769, -2.807649, 1.565411
1645526867.938234, 3.208769, -2.807649, 1.565411
1645526868.137879, 3.208769, -2.807649, 1.565411
1645526868.257801, 3.208769, -2.807649, 1.565411
1645526868.337034, 3.208769, -2.807649, 1.565411
1645526868.436575, 3.208769, -2.807649, 1.565411
1645526868.557416, 3.208769, -2.807649, 1.565411
1645526868.616360, 3.208769, -2.807649, 1.565411
1645526868.735186, 3.208769, -2.807649, 1.565411
1645526868.835060, 3.208769, -2.807649, 1.565411
1645526868.955005, 3.208769, -2.807649, 1.565411
1645526869.033897, 3.208769, -2.807649, 1.565411
1645526869.173813, 3.208769, -2.807649, 1.565411
1645526869.254910, 3.208769, -2.807649, 1.565411
1645526869.313978, 3.208769, -2.807649, 1.565411
1645526869.453419, 3.208769, -2.807649, 1.565411
1645526869.552243, 3.208769, -2.807649, 1.565411
1645526869.612211, 3.208769, -2.807649, 1.565411
1645526869.732043, 3.208769, -2.807649, 1.565411
1645526869.832186, 3.208769, -2.807649, 1.565411
1645526869.930990, 3.208769, -2.807649, 1.565411
1645526870.010855, 3.208769, -2.807649, 1.565411
1645526870.130939, 3.208769, -2.807649, 1.565411
1645526870.249629, 3.208769, -2.807649, 1.565411
1645526870.369606, 3.208769, -2.807649, 1.565411
1645526870.449414, 3.208769, -2.807649, 1.565411
1645526870.549243, 3.208769, -2.807649, 1.565411
1645526870.649119, 3.208769, -2.807649, 1.565411
1645526870.768116, 3.208769, -2.807649, 1.565411
1645526870.847921, 3.208769, -2.807649, 1.565411
1645526870.966802, 3.208769, -2.807649, 1.565411
1645526871.027698, 3.208769, -2.807649, 1.565411
1645526871.167666, 3.208769, -2.807649, 1.565411
1645526871.246605, 3.208769, -2.807649, 1.565411
1645526871.346413, 3.208769, -2.807649, 1.565411
1645526871.465363, 3.208769, -2.807649, 1.565411
1645526871.545420, 3.208769, -2.807649, 1.565411
1645526871.665067, 3.208769, -2.807649, 1.565411
1645526871.764893, 3.208769, -2.807649, 1.565411
1645526871.863793, 3.208769, -2.807649, 1.565411
1645526871.943731, 3.208769, -2.807649, 1.565411
1645526872.043670, 3.208769, -2.807649, 1.565411
1645526872.142495, 3.208769, -2.807649, 1.565411
1645526872.202444, 3.208769, -2.807649, 1.565411
1645526872.322349, 3.208769, -2.807649, 1.565411
1645526872.362252, 3.208769, -2.807649, 1.565411
1645526872.501176, 3.208769, -2.807649, 1.565411
1645526872.541302, 3.208769, -2.807649, 1.565411
1645526872.561130, 3.208769, -2.807649, 1.565411
1645526872.601106, 3.208769, -2.807649, 1.565411
1645526872.640993, 3.208769, -2.807649, 1.565411
1645526872.681226, 3.208769, -2.807649, 1.565411
1645526872.721354, 3.208769, -2.807649, 1.565411
1645526872.761891, 3.208769, -2.807649, 1.565411
1645526872.801173, 3.208769, -2.807649, 1.565411
1645526872.960736, 3.208769, -2.807649, 1.565411
1645526873.000055, 3.208769, -2.807649, 1.565411
1645526873.039645, 3.208769, -2.807649, 1.565411
1645526873.079588, 3.208769, -2.807649, 1.565411
1645526873.119493, 3.208769, -2.807649, 1.565411
1645526873.159538, 3.208769, -2.807649, 1.565411
1645526873.199612, 3.208769, -2.807649, 1.565411
1645526873.238495, 3.208769, -2.807649, 1.565411
1645526873.279455, 3.208769, -2.807649, 1.565411
1645526873.319362, 3.208769, -2.807649, 1.565411
1645526873.358276, 3.208769, -2.807649, 1.565411
1645526873.398639, 3.208769, -2.807649, 1.565411
1645526873.438157, 3.208769, -2.807649, 1.565411
1645526873.498283, 3.208769, -2.807649, 1.565411
1645526873.597129, 3.208769, -2.807649, 1.565411
1645526873.797996, 3.208769, -2.807649, 1.565411
1645526873.837183, 3.208769, -2.807649, 1.565411
1645526874.036611, 3.208769, -2.807649, 1.565411
1645526874.075590, 3.208769, -2.807649, 1.565411
1645526874.335328, 3.208769, -2.807649, 1.565411
1645526875.530403, 3.208769, -2.807649, 1.565411
1645526875.749861, 3.208769, -2.807649, 1.565411
1645526876.068584, 3.208769, -2.807649, 1.565411
1645526876.765667, 3.208769, -2.807649, 1.565411
1645526876.905537, 3.208769, -2.807649, 1.565411
1645526877.145328, 3.208769, -2.807649, 1.565411
1645526877.761814, 3.208769, -2.807649, 1.565411
1645526878.279967, 3.208769, -2.807649, 1.565411
1645526878.937247, 3.208769, -2.807649, 1.565411
1645526879.714457, 3.208769, -2.807649, 1.565411
1645526880.132866, 3.208769, -2.807649, 1.565411
1645526880.252908, 3.208769, -2.807649, 1.565411
1645526880.332706, 3.208769, -2.807649, 1.565411
1645526880.411570, 3.208769, -2.807649, 1.565411
1645526880.531432, 3.208769, -2.807649, 1.565411
1645526880.651346, 3.208769, -2.807649, 1.565411
1645526880.750293, 3.208769, -2.807649, 1.565411
1645526880.831281, 3.208769, -2.807649, 1.565411
1645526880.950061, 3.208769, -2.807649, 1.565411
1645526881.030136, 3.208769, -2.807649, 1.565411
1645526881.149178, 3.208769, -2.807649, 1.565411
1645526881.248784, 3.208769, -2.807649, 1.565411
1645526881.348612, 3.208769, -2.807649, 1.565411
1645526881.447586, 3.208769, -2.807649, 1.565411
1645526881.487414, 3.208769, -2.807649, 1.565411
1645526881.687290, 3.208783, -2.805091, 1.565411
1645526881.846120, 3.208762, -2.797798, 1.580945
1645526881.946036, 3.208592, -2.788333, 1.604507
1645526882.065853, 3.207654, -2.772199, 1.661230
1645526882.144767, 3.206435, -2.760150, 1.694042
1645526882.244724, 3.204338, -2.745804, 1.747274
1645526882.324625, 3.206562, -2.716211, 1.800970
1645526882.444470, 3.202092, -2.699223, 1.868165
1645526882.543257, 3.197466, -2.685213, 1.918954
1645526882.643149, 3.192070, -2.671207, 1.964507
1645526882.723122, 3.202256, -2.646490, 1.998566
1645526882.862770, 3.193044, -2.627309, 2.046737
1645526882.942876, 3.187334, -2.616580, 2.083215
1645526882.962851, 3.185849, -2.613941, 2.090720
1645526883.161725, 3.169758, -2.588000, 2.169957
1645526883.261558, 3.160819, -2.575310, 2.205039
1645526883.301577, 3.156105, -2.566580, 2.237228
1645526883.440276, 3.142343, -2.549796, 2.281734
1645526883.560236, 3.129848, -2.535684, 2.316815
1645526883.660152, 3.119013, -2.524273, 2.348231
1645526883.759005, 3.107813, -2.513098, 2.372142
1645526883.858961, 3.096269, -2.502155, 2.394831
1645526883.958800, 3.084427, -2.491344, 2.413157
1645526884.038740, 3.073243, -2.490860, 2.438061
1645526884.158593, 3.058314, -2.478332, 2.451500
1645526884.257483, 3.045812, -2.468089, 2.463194
1645526884.357369, 3.033218, -2.458095, 2.480996
1645526884.436339, 3.022748, -2.450023, 2.490421
1645526884.536145, 3.009577, -2.440078, 2.501591
1645526884.636061, 2.996363, -2.430333, 2.512587
1645526884.755903, 2.980491, -2.418951, 2.528818
1645526884.814824, 2.971853, -2.412922, 2.539465
1645526884.934655, 2.955611, -2.401844, 2.545748
1645526885.054684, 2.939070, -2.390753, 2.557442
1645526885.133480, 2.927922, -2.383412, 2.561980
1645526885.253502, 2.910956, -2.372345, 2.565994
1645526885.353635, 2.896883, -2.363242, 2.569833
1645526885.453288, 2.882551, -2.354070, 2.576117
1645526885.532518, 2.892684, -2.371735, 2.588363
1645526885.651952, 2.875149, -2.360927, 2.591504
1645526885.752002, 2.860665, -2.352079, 2.596566
1645526885.850715, 2.846093, -2.343293, 2.601453
1645526885.970686, 2.828370, -2.332714, 2.604943
1645526886.050551, 2.816532, -2.325671, 2.605642
1645526886.110422, 2.807657, -2.320403, 2.606165
1645526886.229424, 2.789818, -2.309851, 2.608609
1645526886.369261, 2.768941, -2.297567, 2.611576
1645526886.409410, 2.762980, -2.294075, 2.611925
1645526886.548051, 2.741687, -2.281657, 2.614194
1645526886.647998, 2.726720, -2.272953, 2.615764
1645526886.768261, 2.708997, -2.262710, 2.619430
1645526886.827946, 2.699831, -2.257433, 2.619255
1645526886.946751, 2.685173, -2.247760, 2.624758
1645526887.066628, 2.666922, -2.237408, 2.627899
1645526887.147711, 2.654589, -2.230455, 2.628772
1645526887.246744, 2.639194, -2.221810, 2.630517
1645526887.366185, 2.620741, -2.211471, 2.631215
1645526887.465046, 2.605294, -2.202833, 2.632786
1645526887.545000, 2.592928, -2.195938, 2.633833
1645526887.645002, 2.577490, -2.187370, 2.635928
1645526887.744625, 2.561778, -2.178683, 2.637499
1645526887.844700, 2.546316, -2.170159, 2.638371
1645526887.963922, 2.527520, -2.159824, 2.639418
1645526888.063354, 2.511855, -2.151226, 2.639942
1645526888.142278, 2.499289, -2.144341, 2.640815
1645526888.262447, 2.496693, -2.132057, 2.643461
1645526888.342095, 2.484067, -2.125191, 2.643112
1645526888.441917, 2.468413, -2.116664, 2.643287
1645526888.560881, 2.449418, -2.106336, 2.644334
1645526888.660707, 2.433822, -2.097879, 2.645730
1645526888.720590, 2.424257, -2.092705, 2.644683
1645526888.839643, 2.405380, -2.082428, 2.642414
1645526888.939460, 2.389494, -2.073792, 2.643811
1645526889.019325, 2.376910, -2.066938, 2.642938
1645526889.139241, 2.357920, -2.056601, 2.641367
1645526889.218008, 2.345312, -2.049703, 2.641193
1645526889.338080, 2.326094, -2.039248, 2.643287
1645526889.418902, 2.313069, -2.032135, 2.641018
1645526889.656594, 2.281756, -2.023253, 2.650346
1645526889.736611, 2.268899, -2.016367, 2.649648
1645526889.836873, 2.252813, -2.007741, 2.649648
1645526889.915783, 2.239956, -2.000856, 2.649648
1645526890.055487, 2.217550, -1.988857, 2.649822
1645526890.135148, 2.204428, -1.981832, 2.650346
1645526890.254992, 2.185215, -1.971549, 2.650520
1645526890.294883, 2.178671, -1.968050, 2.650171
1645526890.454226, 2.152803, -1.954205, 2.650695
1645526890.553750, 2.136478, -1.945484, 2.650520
1645526890.593631, 2.130085, -1.942064, 2.649997
1645526890.613637, 2.126890, -1.940353, 2.649822
1645526890.633749, 2.123657, -1.938621, 2.649473
1645526890.673571, 2.115388, -1.942312, 2.651996
1645526891.449686, 1.988833, -1.873405, 2.633147
1645526891.609655, 1.962961, -1.858944, 2.631576
1645526891.769872, 1.936900, -1.844297, 2.628260
1645526892.028099, 1.894776, -1.820456, 2.624594
1645526892.207262, 1.865603, -1.803689, 2.616391
1645526892.945162, 1.786871, -1.757621, 2.609410
1645526893.981025, 1.786871, -1.757621, 2.608887
1645526894.578494, 1.789025, -1.756197, 2.609130
1645526895.295571, 1.789025, -1.756197, 2.609130
1645526895.754272, 1.789025, -1.756197, 2.609130
1645526895.814188, 1.789025, -1.756197, 2.609130
1645526895.933915, 1.789025, -1.756197, 2.609130
1645526896.032764, 1.789025, -1.756197, 2.609130
1645526896.172588, 1.786159, -1.754509, 2.609305
1645526896.252629, 1.781456, -1.751738, 2.608956
1645526896.351424, 1.770759, -1.745446, 2.607559
1645526896.451386, 1.758727, -1.738312, 2.605814
1645526896.551408, 1.747072, -1.731379, 2.603545
1645526896.631172, 1.737518, -1.725669, 2.601276
1645526896.750148, 1.732070, -1.722397, 2.596913
1645526896.850302, 1.732835, -1.722863, 2.593248
1645526896.949975, 1.732835, -1.722863, 2.591502
1645526897.009986, 1.732835, -1.722863, 2.591852
1645526897.129617, 1.732835, -1.722863, 2.591677
1645526897.248586, 1.732835, -1.722863, 2.592026
1645526897.348421, 1.732835, -1.722863, 2.592026
1645526897.427392, 1.732835, -1.722863, 2.592026
1645526897.488519, 1.732726, -1.722796, 2.592026
1645526897.647435, 1.725171, -1.718148, 2.579809
1645526897.727116, 1.719522, -1.714555, 2.573351
1645526897.847139, 1.708357, -1.707395, 2.567941
1645526897.945807, 1.696685, -1.699843, 2.565846
1645526898.045781, 1.684131, -1.691690, 2.564973
1645526898.144641, 1.671617, -1.683554, 2.565323
1645526898.244591, 1.659394, -1.675598, 2.562530
1645526898.304437, 1.651797, -1.670618, 2.559737
1645526898.444438, 1.634065, -1.658929, 2.556596
1645526898.564255, 1.618675, -1.648725, 2.555374
1645526898.583217, 1.616223, -1.647098, 2.555898
1645526898.842797, 1.581908, -1.631138, 2.557093
1645526898.962854, 1.566346, -1.620884, 2.560235
1645526899.041570, 1.555896, -1.614034, 2.562504
1645526899.161439, 1.540038, -1.603610, 2.559013
1645526899.261630, 1.526894, -1.594880, 2.549588
1645526899.321663, 1.519116, -1.589633, 2.545225
1645526899.440201, 1.503322, -1.578808, 2.530913
1645526899.540161, 1.490366, -1.569652, 2.522885
1645526899.639969, 1.477401, -1.560363, 2.513809
1645526899.759850, 1.461798, -1.548972, 2.507875
1645526899.838794, 1.451671, -1.541507, 2.503163
1645526899.939564, 1.438842, -1.531959, 2.500894
1645526900.038493, 1.425654, -1.522108, 2.496705
1645526900.137430, 1.412747, -1.512380, 2.494611
1645526900.237356, 1.400785, -1.503310, 2.490247
1645526900.337272, 1.390555, -1.495485, 2.483615
1645526900.456110, 1.378838, -1.486308, 2.472794
1645526900.556340, 1.378672, -1.484119, 2.476822
1645526900.655959, 1.367504, -1.475279, 2.459369
1645526900.676066, 1.365021, -1.473262, 2.456053
1645526900.854816, 1.342805, -1.454956, 2.450118
1645526900.954766, 1.332625, -1.446522, 2.449769
1645526901.054574, 1.323012, -1.438540, 2.445057
1645526901.153544, 1.314149, -1.431122, 2.444184
1645526901.253388, 1.306330, -1.424518, 2.433014
1645526901.333557, 1.299049, -1.418268, 2.433189
1645526901.473163, 1.281254, -1.402922, 2.425335
1645526901.532939, 1.274596, -1.397126, 2.425509
1645526901.631961, 1.263642, -1.387561, 2.421146
1645526901.731613, 1.252759, -1.377980, 2.419052
1645526901.851473, 1.241107, -1.367658, 2.413118
1645526901.951413, 1.231843, -1.359337, 2.406485
1645526902.030418, 1.225169, -1.353302, 2.405089
1645526902.130250, 1.217270, -1.346079, 2.391475
1645526902.230253, 1.211700, -1.340858, 2.384320
1645526902.349095, 1.211173, -1.340361, 2.380829
1645526902.449131, 1.211358, -1.340537, 2.382749
1645526902.528818, 1.211358, -1.340537, 2.382400
1645526902.668678, 1.211358, -1.340537, 2.382749
1645526902.748641, 1.211358, -1.340537, 2.382749
1645526902.827557, 1.211358, -1.340537, 2.382749
1645526902.928432, 1.211358, -1.340537, 2.382749
1645526903.066323, 1.211358, -1.340537, 2.382749
1645526903.127103, 1.211358, -1.340537, 2.382749
1645526903.246059, 1.211358, -1.340537, 2.382749
1645526903.345962, 1.211358, -1.340537, 2.382749
1645526903.465719, 1.211358, -1.340537, 2.382749
1645526903.485761, 1.211358, -1.340537, 2.382749
1645526903.644594, 1.211358, -1.340537, 2.382749
1645526903.764600, 1.211358, -1.340537, 2.382749
1645526903.844368, 1.211358, -1.340537, 2.382749
1645526903.964572, 1.211358, -1.340537, 2.382749
1645526904.043275, 1.211358, -1.340537, 2.382749
1645526904.143107, 1.211358, -1.340537, 2.382749
1645526904.242307, 1.211358, -1.340537, 2.382749
1645526904.341835, 1.211358, -1.340537, 2.382749
1645526904.441737, 1.211358, -1.340537, 2.382749
1645526904.541797, 1.211358, -1.340537, 2.382749
1645526904.640753, 1.211358, -1.340537, 2.382749
1645526904.740435, 1.211358, -1.340537, 2.382749
1645526904.841495, 1.211358, -1.340537, 2.382749
1645526904.959272, 1.211358, -1.340537, 2.382749
1645526905.040206, 1.211358, -1.340537, 2.382749
1645526905.139056, 1.211358, -1.340537, 2.382749
1645526905.258873, 1.211358, -1.340537, 2.382749
1645526905.318918, 1.211358, -1.340537, 2.382749
1645526905.457783, 1.211358, -1.340537, 2.382749
1645526905.558640, 1.211358, -1.340537, 2.382749
1645526905.637537, 1.211358, -1.340537, 2.382749
1645526905.757584, 1.211358, -1.340537, 2.382749
1645526905.856777, 1.211358, -1.340537, 2.382749
1645526905.936203, 1.211358, -1.340537, 2.382749
1645526906.016278, 1.211358, -1.340537, 2.382749
1645526906.136000, 1.211358, -1.340537, 2.382749
1645526906.234894, 1.211358, -1.340537, 2.382749
1645526906.274866, 1.211358, -1.340537, 2.382749
1645526906.434681, 1.211358, -1.340537, 2.382749
1645526906.533717, 1.211358, -1.340537, 2.382749
1645526906.673578, 1.211358, -1.340537, 2.382749
1645526906.752472, 1.211358, -1.340537, 2.382749
1645526906.833357, 1.211358, -1.340537, 2.382749
1645526906.953270, 1.211358, -1.340537, 2.382749
1645526907.052081, 1.211358, -1.340537, 2.382749
1645526907.151931, 1.211358, -1.340537, 2.382749
1645526907.230858, 1.211358, -1.340537, 2.382749
1645526907.350895, 1.211358, -1.340537, 2.382749
1645526907.450697, 1.211358, -1.340537, 2.382749
1645526907.550627, 1.211358, -1.340537, 2.382749
1645526907.650471, 1.211358, -1.340537, 2.382749
1645526907.749269, 1.211358, -1.340537, 2.382749
1645526907.869238, 1.211358, -1.340537, 2.382749
1645526907.909202, 1.211358, -1.340537, 2.382749
1645526908.067962, 1.211358, -1.340537, 2.382749
1645526908.167805, 1.211358, -1.340537, 2.382749
1645526908.207869, 1.211358, -1.340537, 2.382749
1645526908.306771, 1.211358, -1.340537, 2.382749
1645526908.367688, 1.211358, -1.340537, 2.382749
1645526908.546522, 1.211358, -1.340537, 2.382749
1645526908.586531, 1.211358, -1.340537, 2.382749
1645526908.606452, 1.211358, -1.340537, 2.382749
1645526908.645496, 1.211358, -1.340537, 2.382749
1645526908.685513, 1.211358, -1.340537, 2.382749
1645526909.343572, 1.203946, -1.333418, 2.356918
1645526909.462559, 1.200373, -1.329814, 2.334403
1645526909.622341, 1.200617, -1.337401, 2.290085
1645526909.822047, 1.200731, -1.337528, 2.227078
1645526909.961069, 1.200601, -1.337358, 2.177162
1645526910.140786, 1.200492, -1.337175, 2.115552
1645526910.180808, 1.200580, -1.337322, 2.101415
1645526910.459430, 1.200536, -1.337248, 1.998440
1645526910.539411, 1.200536, -1.337248, 1.996346
1645526910.798326, 1.200536, -1.337248, 1.997393
1645526910.858176, 1.200536, -1.337248, 1.997219
1645526911.833989, 1.200536, -1.337248, 1.997219
1645526912.551522, 1.200536, -1.337248, 1.997219
1645526912.631018, 1.204266, -1.339285, 2.001855
1645526912.730897, 1.204266, -1.339285, 2.001855
1645526912.849887, 1.204266, -1.339285, 2.001855
1645526912.949720, 1.204266, -1.339285, 2.001855
1645526913.029688, 1.204266, -1.339285, 2.001855
1645526913.129502, 1.204266, -1.339285, 2.001855
1645526913.269416, 1.204266, -1.339285, 2.001855
1645526913.348310, 1.204266, -1.339285, 2.001855
1645526913.468138, 1.204266, -1.339285, 2.001855
1645526913.528226, 1.204266, -1.339285, 2.001855
1645526913.666907, 1.204266, -1.339285, 2.001855
1645526913.746900, 1.202342, -1.335100, 2.001681
1645526913.846766, 1.198971, -1.327499, 1.975501
1645526913.945651, 1.195458, -1.319214, 1.962236
1645526914.005563, 1.194911, -1.317871, 1.950193
1645526914.146494, 1.194124, -1.315844, 1.917556
1645526914.245282, 1.194181, -1.316005, 1.901499
1645526914.325249, 1.194356, -1.316152, 1.869183
1645526914.444077, 1.194268, -1.315867, 1.858537
1645526914.544176, 1.194213, -1.315661, 1.819441
1645526914.644038, 1.194213, -1.315661, 1.808271
1645526914.762784, 1.194213, -1.315661, 1.808446
1645526914.862638, 1.194213, -1.315661, 1.808620
1645526914.942712, 1.194213, -1.315661, 1.808795
1645526915.062398, 1.194213, -1.315661, 1.808795
1645526915.161362, 1.194213, -1.315661, 1.808795
1645526915.241200, 1.194213, -1.315661, 1.808795
1645526915.341034, 1.194213, -1.315661, 1.808795
1645526915.441141, 1.194213, -1.315661, 1.808795
1645526915.540961, 1.194213, -1.315661, 1.808795
1645526915.659894, 1.194213, -1.315661, 1.808795
1645526915.759703, 1.194213, -1.315661, 1.808795
1645526915.858830, 1.194213, -1.315661, 1.808795
1645526915.958706, 1.194213, -1.315661, 1.808795
1645526916.018471, 1.194213, -1.315661, 1.808795
1645526916.157241, 1.194213, -1.315661, 1.808795
1645526916.258148, 1.194213, -1.315661, 1.808795
1645526916.357097, 1.194213, -1.315661, 1.808795
1645526916.436912, 1.194213, -1.315661, 1.808795
1645526916.535952, 1.194213, -1.315661, 1.808795
1645526916.656699, 1.194213, -1.315661, 1.808795
1645526916.755595, 1.194213, -1.315661, 1.808795
1645526916.795596, 1.194213, -1.315661, 1.808795
1645526916.934493, 1.194213, -1.315661, 1.808795
1645526917.034247, 1.194213, -1.315661, 1.808795
1645526917.154243, 1.193137, -1.311226, 1.808446
1645526917.234105, 1.192066, -1.306659, 1.788374
1645526917.333932, 1.190968, -1.301574, 1.770747
1645526917.432920, 1.190987, -1.301700, 1.751723
1645526917.552740, 1.190551, -1.299179, 1.738109
1645526917.652717, 1.190164, -1.296779, 1.698490
1645526917.751664, 1.189857, -1.294196, 1.683131
1645526917.811636, 1.191029, -1.285491, 1.657767
1645526917.971341, 1.190260, -1.269904, 1.585510
1645526917.991203, 1.190228, -1.267772, 1.574689
1645526918.090461, 1.191317, -1.258048, 1.518558
1645526918.250100, 1.193217, -1.238788, 1.426928
1645526918.289963, 1.194056, -1.233179, 1.408602
1645526918.468747, 1.199687, -1.205828, 1.320289
1645526918.529660, 1.202156, -1.196468, 1.295156
1645526918.628523, 1.211407, -1.180238, 1.242614
1645526918.728611, 1.216592, -1.166062, 1.185368
1645526918.847394, 1.223807, -1.149484, 1.124805
1645526918.967187, 1.235273, -1.136171, 1.064121
1645526919.027054, 1.239878, -1.128046, 1.036894
1645526919.147038, 1.249575, -1.112584, 0.979298
1645526919.227083, 1.256664, -1.102296, 0.946311
1645526919.325811, 1.265855, -1.089946, 0.909834
1645526919.445670, 1.277628, -1.075337, 0.865502
1645526919.545537, 1.298756, -1.067347, 0.830672
1645526919.664517, 1.311791, -1.053557, 0.789831
1645526919.744588, 1.320732, -1.044706, 0.765048
1645526919.804360, 1.327673, -1.038143, 0.747420
1645526919.964131, 1.346762, -1.020978, 0.711117
1645526920.043071, 1.356577, -1.012640, 0.692791
1645526920.142996, 1.369120, -1.002447, 0.668356
1645526920.183101, 1.374180, -0.998464, 0.662946
1645526920.342838, 1.398299, -0.980595, 0.630676
1645526920.462714, 1.414204, -0.969187, 0.609034
1645526920.541638, 1.425079, -0.961669, 0.597166
1645526920.641407, 1.438637, -0.952560, 0.582854
1645526920.740333, 1.452396, -0.943602, 0.567495
1645526920.820240, 1.463215, -0.936773, 0.557547
1645526921.160118, 1.511702, -0.907850, 0.511819
1645526921.258785, 1.526284, -0.899763, 0.497682
1645526921.298760, 1.532060, -0.896636, 0.493144
1645526921.457668, 1.555995, -0.883971, 0.479531
1645526921.518523, 1.564969, -0.879321, 0.474120
1645526921.577486, 1.574007, -0.874701, 0.468361
1645526921.836444, 1.614658, -0.858068, 0.439453
1645526921.916129, 1.626946, -0.852331, 0.432123
1645526922.056010, 1.648716, -0.842408, 0.420778
1645526922.155888, 1.664387, -0.835456, 0.412226
1645526922.235695, 1.676984, -0.829990, 0.405245
1645526922.334791, 1.692873, -0.823219, 0.400009
1645526922.434541, 1.708875, -0.816495, 0.395296
1645526922.534512, 1.724715, -0.809939, 0.386221
1645526922.673288, 1.747130, -0.800985, 0.372433
1645526922.753203, 1.760130, -0.795937, 0.366673
1645526922.873146, 1.779493, -0.788546, 0.362484
1645526922.932946, 1.783167, -0.787793, 0.358460
1645526923.051848, 1.802871, -0.780460, 0.354097
1645526923.151776, 1.819344, -0.774473, 0.340134
1645526923.251759, 1.835890, -0.768687, 0.330360
1645526923.331552, 1.849135, -0.764191, 0.320936
1645526923.450528, 1.869371, -0.757608, 0.304879
1645526923.550479, 1.886188, -0.752372, 0.298421
1645526923.630243, 1.899892, -0.748188, 0.292312
1645526923.709171, 1.913294, -0.744181, 0.288996
1645526923.829215, 1.933822, -0.738104, 0.285156
1645526923.928932, 1.950851, -0.733131, 0.284109
1645526924.008754, 1.964568, -0.729137, 0.282189
1645526924.107707, 1.986599, -0.722921, 0.279998
1645526924.247582, 2.010662, -0.716019, 0.278950
1645526924.347521, 2.028008, -0.711065, 0.277903
1645526924.427420, 2.041706, -0.707161, 0.277554
1645526924.546250, 2.062502, -0.701241, 0.276682
1645526924.626313, 2.076326, -0.697312, 0.276682
1645526924.765939, 2.100744, -0.690413, 0.274587
1645526924.846076, 2.114703, -0.686490, 0.273191
1645526924.945006, 2.132114, -0.681610, 0.273016
1645526925.044658, 2.149524, -0.676726, 0.274238
1645526925.144531, 2.167016, -0.671818, 0.273016
1645526925.244530, 2.181972, -0.669359, 0.271953
1645526925.364350, 2.203045, -0.663480, 0.271604
1645526925.463187, 2.220503, -0.658612, 0.272477
1645526925.563035, 2.238081, -0.653694, 0.273175
1645526925.623177, 2.248594, -0.650752, 0.272477
1645526925.741850, 2.269786, -0.644825, 0.272128
1645526925.841776, 2.287406, -0.639900, 0.273175
1645526925.941614, 2.305101, -0.634926, 0.275618
1645526926.040498, 2.322869, -0.629900, 0.276142
1645526926.160388, 2.344038, -0.623890, 0.277189
1645526926.260272, 2.361757, -0.618845, 0.276840
1645526926.300206, 2.367946, -0.614391, 0.275929
1645526926.460019, 2.396422, -0.606326, 0.277325
1645526926.538866, 2.410735, -0.602243, 0.278198
1645526926.599986, 2.421274, -0.599235, 0.278372
1645526926.618821, 2.424841, -0.598215, 0.278372
1645526926.738644, 2.446162, -0.592115, 0.278896
1645526926.798618, 2.457027, -0.589007, 0.278372
1645526926.818666, 2.460553, -0.587999, 0.278198
1645526926.857678, 2.467729, -0.585949, 0.278721
1645526926.957467, 2.485729, -0.580799, 0.278372
1645526927.574893, 2.578231, -0.558272, 0.278075
1645526927.734636, 2.606637, -0.550117, 0.282613
1645526927.854440, 2.628293, -0.543793, 0.284882
1645526927.874508, 2.631813, -0.542763, 0.285231
1645526927.973460, 2.649731, -0.537486, 0.288722
1645526928.790524, 2.796349, -0.492256, 0.313156
1645526929.010335, 2.836069, -0.479397, 0.312807
1645526930.266045, 2.859965, -0.471656, 0.316298
1645526930.942439, 2.861253, -0.470051, 0.315630
1645526931.042127, 2.861253, -0.470051, 0.315630
1645526931.163029, 2.861253, -0.470051, 0.315630
1645526931.262016, 2.861253, -0.470051, 0.315630
1645526931.361916, 2.861253, -0.470051, 0.315630
1645526931.460751, 2.861253, -0.470051, 0.315630
1645526931.560728, 2.861253, -0.470051, 0.315630
1645526931.639664, 2.861253, -0.470051, 0.315630
1645526931.739701, 2.861253, -0.470051, 0.315630
1645526931.860373, 2.861253, -0.470051, 0.315630
1645526931.939503, 2.861253, -0.470051, 0.315630
1645526932.039101, 2.864699, -0.468926, 0.315804
1645526932.158118, 2.872033, -0.466518, 0.319644
1645526932.257972, 2.881263, -0.463462, 0.319819
1645526932.356869, 2.893270, -0.459431, 0.330465
1645526932.456782, 2.906618, -0.454838, 0.331861
1645526932.656549, 2.934658, -0.445104, 0.334305
1645526932.736710, 2.946135, -0.441105, 0.336399
1645526932.835362, 2.960587, -0.436051, 0.336574
1645526932.955151, 2.972207, -0.426297, 0.336413
1645526933.035119, 2.983801, -0.422245, 0.336064
1645526933.155008, 3.001215, -0.416101, 0.344092
1645526933.254883, 3.015975, -0.410768, 0.350899
1645526933.333817, 3.027226, -0.406643, 0.353866
1645526933.413774, 3.038734, -0.402352, 0.360848
1645526933.433697, 3.041726, -0.401222, 0.362593
1645526933.652521, 3.072088, -0.389639, 0.367131
1645526933.732401, 3.081004, -0.386209, 0.366258
1645526933.852382, 3.093425, -0.381441, 0.366782
1645526933.952226, 3.104766, -0.377068, 0.369051
1645526934.051064, 3.119773, -0.371183, 0.380919
1645526934.130992, 3.130694, -0.366793, 0.383362
1645526934.269828, 3.147404, -0.359996, 0.392613
1645526934.349803, 3.156219, -0.356316, 0.400641
1645526934.449701, 3.165559, -0.352343, 0.406401
1645526934.549619, 3.175490, -0.345903, 0.407783
1645526934.669450, 3.188502, -0.340215, 0.415114
1645526934.748238, 3.199380, -0.335393, 0.422095
1645526934.848218, 3.211709, -0.329848, 0.422270
1645526934.967065, 3.225121, -0.323800, 0.425760
1645526935.047009, 3.233311, -0.320073, 0.429425
1645526935.147051, 3.242613, -0.315803, 0.433440
1645526935.246834, 3.253825, -0.310583, 0.438327
1645526935.366758, 3.266520, -0.304610, 0.441817
1645526935.405699, 3.269064, -0.303405, 0.443214
1645526935.565535, 3.271840, -0.302092, 0.429251
1645526935.645592, 3.272851, -0.301638, 0.413019
1645526935.765308, 3.273596, -0.301318, 0.391726
1645526935.864130, 3.274468, -0.300973, 0.354376
1645526935.924135, 3.274869, -0.300828, 0.337796
1645526936.063947, 3.276124, -0.300413, 0.282294
1645526936.163087, 3.276865, -0.300211, 0.243722
1645526936.262934, 3.275555, -0.300308, 0.202288
1645526936.342650, 3.276099, -0.300202, 0.179250
1645526936.442577, 3.276773, -0.300094, 0.136839
1645526936.541441, 3.277915, -0.299947, 0.115022
1645526936.661336, 3.278805, -0.299855, 0.080988
1645526936.761265, 3.279444, -0.299811, 0.054110
1645526936.860085, 3.280551, -0.299763, 0.028279
1645526936.960035, 3.281319, -0.299747, 0.008557
1645526937.019953, 3.281958, -0.299744, -0.005406
1645526937.140132, 3.285551, -0.302329, -0.039424
1645526937.238782, 3.286019, -0.302352, -0.062463
1645526937.358621, 3.287253, -0.302445, -0.094751
1645526937.459469, 3.287380, -0.302457, -0.117441
1645526937.558354, 3.287380, -0.302457, -0.116743
1645526937.657278, 3.287380, -0.302457, -0.117092
1645526937.757184, 3.287380, -0.302457, -0.116743
1645526937.837084, 3.287380, -0.302457, -0.116743
1645526937.936083, 3.287380, -0.302457, -0.116917
1645526938.035935, 3.287380, -0.302457, -0.116917
1645526938.156003, 3.287380, -0.302457, -0.116917
1645526938.254810, 3.287380, -0.302457, -0.116917
1645526938.355620, 3.287380, -0.302457, -0.116917
1645526938.454631, 3.287380, -0.302457, -0.116917
1645526938.574416, 3.287380, -0.302457, -0.116917
1645526938.653263, 3.287380, -0.302457, -0.116917
1645526938.734243, 3.287380, -0.302457, -0.116917
1645526938.853235, 3.287380, -0.302457, -0.116917
1645526938.953132, 3.287380, -0.302457, -0.116917
1645526939.031880, 3.287380, -0.302457, -0.116917
1645526939.151715, 3.287380, -0.302457, -0.116917
1645526939.271629, 3.287380, -0.302457, -0.116917
1645526939.351591, 3.287380, -0.302457, -0.116917
1645526939.451464, 3.287380, -0.302457, -0.116917
1645526939.550353, 3.287380, -0.302457, -0.116917
1645526939.650285, 3.287380, -0.302457, -0.116917
1645526939.750211, 3.287380, -0.302457, -0.116917
1645526939.869099, 3.287380, -0.302457, -0.116917
1645526939.948911, 3.287380, -0.302457, -0.116917
1645526940.048818, 3.287380, -0.302457, -0.116917
1645526940.148801, 3.287380, -0.302457, -0.116917
1645526940.227815, 3.287380, -0.302457, -0.116917
1645526940.347800, 3.287380, -0.302457, -0.116917
1645526940.447582, 3.287380, -0.302457, -0.116917
1645526940.546333, 3.287380, -0.302457, -0.116917
1645526940.646306, 3.287380, -0.302457, -0.116917
1645526940.746181, 3.287380, -0.302457, -0.116917
1645526940.846095, 3.287380, -0.302457, -0.116917
1645526940.944927, 3.287380, -0.302457, -0.116917
1645526941.065078, 3.287380, -0.302457, -0.116917
1645526941.124886, 3.287380, -0.302457, -0.116917
1645526941.224836, 3.287380, -0.302457, -0.116917
1645526941.343626, 3.287380, -0.302457, -0.116917
1645526941.443459, 3.287380, -0.302457, -0.116917
1645526941.543447, 3.287380, -0.302457, -0.116917
1645526941.602358, 3.287380, -0.302457, -0.116917
1645526941.742213, 3.287380, -0.302457, -0.116917
1645526941.843088, 3.287380, -0.302457, -0.116917
1645526941.941031, 3.287380, -0.302457, -0.116917
1645526942.042195, 3.287380, -0.302457, -0.116917
1645526942.160824, 3.287380, -0.302457, -0.116917
1645526942.260755, 3.287380, -0.302457, -0.116917
1645526942.359605, 3.287380, -0.302457, -0.116917
1645526942.459566, 3.287380, -0.302457, -0.116917
1645526942.539424, 3.287380, -0.302457, -0.116917
1645526942.658331, 3.287380, -0.302457, -0.116917
1645526942.759233, 3.287380, -0.302457, -0.116917
1645526942.818252, 3.287380, -0.302457, -0.116917
1645526942.937990, 3.287380, -0.302457, -0.116917
1645526943.036915, 3.287380, -0.302457, -0.116917
1645526943.137885, 3.287380, -0.302457, -0.116917
1645526943.257542, 3.287380, -0.302457, -0.116917
1645526943.356501, 3.287380, -0.302457, -0.116917
1645526943.436566, 3.287380, -0.302457, -0.116917
1645526943.555271, 3.287380, -0.302457, -0.116917
1645526943.615246, 3.287380, -0.302457, -0.116917
1645526943.755064, 3.287380, -0.302457, -0.116917
1645526943.854935, 3.287380, -0.302457, -0.116917
1645526943.955008, 3.287380, -0.302457, -0.116917
1645526944.053809, 3.287380, -0.302457, -0.116917
1645526944.153688, 3.287380, -0.302457, -0.116917
1645526944.252581, 3.287380, -0.302457, -0.116917
1645526944.313500, 3.287380, -0.302457, -0.116917
1645526944.332481, 3.287380, -0.302457, -0.116917
1645526944.512192, 3.287380, -0.302457, -0.116917
1645526944.571227, 3.287380, -0.302457, -0.116917
1645526944.711010, 3.287380, -0.302457, -0.116917
1645526944.832182, 3.287380, -0.302457, -0.116917
1645526944.871249, 3.287380, -0.302457, -0.116917
1645526944.990052, 3.287380, -0.302457, -0.116917
1645526945.149581, 3.287380, -0.302457, -0.116917
1645526945.348377, 3.287380, -0.302457, -0.116917
1645526945.448141, 3.287380, -0.302457, -0.116917
1645526945.488179, 3.287380, -0.302457, -0.116917
1645526945.647815, 3.287380, -0.302457, -0.116917
1645526945.708004, 3.287380, -0.302457, -0.116917
1645526945.827009, 3.287380, -0.302457, -0.116917
1645526946.066593, 3.287380, -0.302457, -0.116917
1645526946.086689, 3.287380, -0.302457, -0.116917
1645526946.126540, 3.287380, -0.302457, -0.116917
1645526946.325305, 3.287380, -0.302457, -0.116917
1645526946.425132, 3.287380, -0.302457, -0.116917
1645526946.445071, 3.287380, -0.302457, -0.116917
1645526946.465128, 3.287380, -0.302457, -0.116917
1645526946.743788, 3.287380, -0.302457, -0.116917
1645526947.002880, 3.287380, -0.302457, -0.116917
1645526947.381058, 3.287380, -0.302457, -0.116917
1645526947.759833, 3.287380, -0.302457, -0.116917
1645526948.098321, 3.287380, -0.302457, -0.116917
1645526948.736584, 3.287380, -0.302457, -0.116917
1645526948.835382, 3.287380, -0.302457, -0.116917
1645526948.935277, 3.287380, -0.302457, -0.116917
1645526949.036154, 3.287380, -0.302457, -0.116917
1645526949.134283, 3.287380, -0.302457, -0.116917
1645526949.254167, 3.287380, -0.302457, -0.116917
1645526949.353910, 3.287380, -0.302457, -0.116917
1645526949.453929, 3.287380, -0.302457, -0.116917
1645526949.532742, 3.287380, -0.302457, -0.116917
1645526949.652663, 3.287380, -0.302457, -0.116917
1645526949.752492, 3.287380, -0.302457, -0.116917
1645526949.871525, 3.287380, -0.302457, -0.116917
1645526949.932425, 3.287380, -0.302457, -0.116917
1645526950.031380, 3.287380, -0.302457, -0.116917
1645526950.151031, 3.287380, -0.302457, -0.116917
1645526950.210969, 3.287380, -0.302457, -0.116917
1645526950.349713, 3.287380, -0.302457, -0.116917
1645526950.450686, 3.287380, -0.302457, -0.116917
1645526950.549657, 3.287380, -0.302457, -0.116917
1645526950.649599, 3.287380, -0.302457, -0.116917
1645526950.748337, 3.287380, -0.302457, -0.116917
1645526950.848283, 3.287380, -0.302457, -0.116917
1645526950.948058, 3.287380, -0.302457, -0.116917
1645526951.048321, 3.287380, -0.302457, -0.116917
1645526951.126827, 3.287380, -0.302457, -0.116917
1645526951.246788, 3.287380, -0.302457, -0.116917
1645526951.346768, 3.287380, -0.302457, -0.116917
1645526951.445585, 3.287380, -0.302457, -0.116917
1645526951.525615, 3.287380, -0.302457, -0.116917
1645526951.645262, 3.287380, -0.302457, -0.116917
1645526951.725424, 3.287380, -0.302457, -0.116917
1645526951.845133, 3.287380, -0.302457, -0.116917
1645526951.944022, 3.287380, -0.302457, -0.116917
1645526952.043907, 3.287380, -0.302457, -0.116917
1645526952.163939, 3.287380, -0.302457, -0.116917
1645526952.243732, 3.287380, -0.302457, -0.116917
1645526952.363501, 3.287380, -0.302457, -0.116917
1645526952.442451, 3.287380, -0.302457, -0.116917
1645526952.542357, 3.287380, -0.302457, -0.116917
1645526952.661273, 3.287380, -0.302457, -0.116917
1645526952.741157, 3.287380, -0.302457, -0.116917
1645526952.841257, 3.287380, -0.302457, -0.116917
1645526952.921006, 3.287380, -0.302457, -0.116917
1645526953.060819, 3.287380, -0.302457, -0.116917
1645526953.139860, 3.287380, -0.302457, -0.116917
1645526953.259635, 3.287380, -0.302457, -0.116917
1645526953.338581, 3.287380, -0.302457, -0.116917
1645526953.439471, 3.287380, -0.302457, -0.116917
1645526953.538376, 3.287380, -0.302457, -0.116917
1645526953.658176, 3.287380, -0.302457, -0.116917
1645526953.737199, 3.287380, -0.302457, -0.116917
1645526953.857192, 3.287380, -0.302457, -0.116917
1645526953.957258, 3.287380, -0.302457, -0.116917
1645526954.056847, 3.287380, -0.302457, -0.116917
1645526954.136740, 3.287380, -0.302457, -0.116917
1645526954.255619, 3.287380, -0.302457, -0.116917
1645526954.335549, 3.287380, -0.302457, -0.116917
1645526954.434469, 3.287380, -0.302457, -0.116917
1645526954.535266, 3.287380, -0.302457, -0.116917
1645526954.655221, 3.287380, -0.302457, -0.116917
1645526954.754076, 3.287380, -0.302457, -0.116917
1645526954.853979, 3.287380, -0.302457, -0.116917
1645526954.933284, 3.287380, -0.302457, -0.116917
1645526955.052771, 3.287380, -0.302457, -0.116917
1645526955.152740, 3.287380, -0.302457, -0.116917
1645526955.271572, 3.287380, -0.302457, -0.116917
1645526955.352424, 3.287380, -0.302457, -0.116917
1645526955.451287, 3.287380, -0.302457, -0.116917
1645526955.531338, 3.287380, -0.302457, -0.116917
1645526955.650213, 3.287380, -0.302457, -0.116917
1645526955.750028, 3.287380, -0.302457, -0.116917
1645526955.850148, 3.287380, -0.302457, -0.116917
1645526955.969012, 3.287380, -0.302457, -0.116917
1645526956.008907, 3.287380, -0.302457, -0.116917
1645526956.148801, 3.287380, -0.302457, -0.116917
1645526956.228551, 3.287380, -0.302457, -0.116917
1645526956.268588, 3.287380, -0.302457, -0.116917
1645526956.447443, 3.287380, -0.302457, -0.116917
1645526956.547270, 3.287380, -0.302457, -0.116917
1645526956.647201, 3.287380, -0.302457, -0.116917
1645526956.766099, 3.287380, -0.302457, -0.116917
1645526956.865977, 3.287380, -0.302457, -0.116917
1645526956.966047, 3.287380, -0.302457, -0.116917
1645526957.024716, 3.287380, -0.302457, -0.116917
1645526957.105706, 3.287380, -0.302457, -0.116917
1645526957.264696, 3.287380, -0.302457, -0.116917
1645526957.363422, 3.287380, -0.302457, -0.116917
1645526957.464393, 3.287380, -0.302457, -0.116917
1645526957.543187, 3.287380, -0.302457, -0.116917
1645526957.643251, 3.287380, -0.302457, -0.116917
1645526957.762025, 3.287380, -0.302457, -0.116917
1645526957.861953, 3.287380, -0.302457, -0.116917
1645526957.902000, 3.287380, -0.302457, -0.116917
1645526958.041785, 3.287380, -0.302457, -0.116917
1645526958.161834, 3.287380, -0.302457, -0.116917
1645526958.260512, 3.287380, -0.302457, -0.116917
1645526958.320532, 3.287380, -0.302457, -0.116917
1645526958.439369, 3.287380, -0.302457, -0.116917
1645526958.540211, 3.287380, -0.302457, -0.116917
1645526958.639199, 3.287380, -0.302457, -0.116917
1645526958.719047, 3.287380, -0.302457, -0.116917
1645526958.837979, 3.287380, -0.302457, -0.116917
1645526958.937827, 3.287507, -0.302472, -0.116917
1645526959.017645, 3.293394, -0.303164, -0.118139
1645526959.137574, 3.305832, -0.304744, -0.127564
1645526959.256804, 3.321114, -0.306611, -0.115695
1645526959.356319, 3.335692, -0.308246, -0.095275
1645526959.436185, 3.347589, -0.309272, -0.076600
1645526959.576052, 3.368357, -0.310592, -0.040821
1645526959.635156, 3.377179, -0.310901, -0.024589
1645526959.735955, 3.392189, -0.311108, 0.006478
1645526959.854825, 3.410309, -0.310728, 0.040686
1645526959.914674, 3.419212, -0.310314, 0.061805
1645526959.993642, 3.431592, -0.309455, 0.082400
1645526960.153586, 3.455817, -0.307001, 0.127080
1645526960.253443, 3.470854, -0.304911, 0.156227
1645526960.332376, 3.480544, -0.307017, 0.177490
1645526960.372315, 3.486754, -0.305889, 0.186915
1645526960.552039, 3.514007, -0.300174, 0.230024
1645526960.651896, 3.529297, -0.296456, 0.252714
1645526960.751058, 3.544498, -0.292386, 0.274356
1645526960.850827, 3.559563, -0.287989, 0.296870
1645526960.930691, 3.571568, -0.284229, 0.313975
1645526961.030626, 3.586824, -0.279157, 0.330555
1645526961.150415, 3.604686, -0.272873, 0.348881
1645526961.269271, 3.622773, -0.266209, 0.362669
1645526961.349240, 3.639708, -0.265087, 0.376539
1645526961.468050, 3.657655, -0.257823, 0.395389
1645526961.548066, 3.669516, -0.252804, 0.409177
1645526961.647954, 3.684086, -0.246318, 0.432564
1645526961.747784, 3.698897, -0.239331, 0.451763
1645526961.826878, 3.710536, -0.233620, 0.463980
1645526961.966671, 3.731008, -0.223168, 0.481782
1645526962.046514, 3.742663, -0.217020, 0.490683
1645526962.145496, 3.754865, -0.210447, 0.500108
1645526962.245420, 3.766814, -0.203854, 0.511104
1645526962.265337, 3.769864, -0.202144, 0.514071
1645526962.445245, 3.795614, -0.187044, 0.549501
1645526962.564080, 3.810016, -0.178064, 0.568525
1645526962.584074, 3.811993, -0.176801, 0.569921
1645526962.703834, 3.826534, -0.167403, 0.576903
1645526962.743889, 3.836989, -0.164051, 0.587279
1645526962.783772, 3.841136, -0.161276, 0.597402
1645526962.903520, 3.855651, -0.151299, 0.607525
1645526962.942729, 3.861105, -0.147490, 0.618171
1645526962.982571, 3.864987, -0.144708, 0.631785
1645526963.022510, 3.869453, -0.141422, 0.639464
1645526963.062468, 3.872875, -0.138878, 0.637544
1645526963.102407, 3.875925, -0.136618, 0.639290
1645526963.181353, 3.883714, -0.130798, 0.645922
1645526963.281512, 3.894018, -0.122931, 0.667215
1645526963.401079, 3.904879, -0.114321, 0.673324
1645526963.441348, 3.910070, -0.110159, 0.682574
1645526963.559921, 3.920615, -0.101431, 0.693919
1645526963.600788, 3.924058, -0.098568, 0.694442
1645526963.679829, 3.931051, -0.092704, 0.705089
1645526963.878632, 3.936790, -0.087801, 0.708230
1645526964.158467, 3.936790, -0.087801, 0.706659
1645526964.537000, 3.936790, -0.087801, 0.706659
1645526965.394156, 3.936790, -0.087801, 0.706659
1645526966.250251, 3.936790, -0.087801, 0.706659
1645526966.648544, 3.936790, -0.087801, 0.706659
1645526966.748428, 3.936790, -0.087801, 0.706659
1645526966.828528, 3.936790, -0.087801, 0.706659
1645526966.928394, 3.936790, -0.087801, 0.706659
1645526967.007133, 3.936790, -0.087801, 0.706659
1645526967.146993, 3.936790, -0.087801, 0.706659
1645526967.245827, 3.936790, -0.087801, 0.706659
1645526967.346725, 3.936790, -0.087801, 0.706659
1645526967.445551, 3.936790, -0.087801, 0.706659
1645526967.545498, 3.936790, -0.087801, 0.706659
1645526967.645332, 3.936790, -0.087801, 0.706659
1645526967.744298, 3.936790, -0.087801, 0.706659
1645526967.864218, 3.938250, -0.086555, 0.706659
1645526967.963049, 3.943382, -0.082189, 0.695489
1645526968.042962, 3.950979, -0.075917, 0.687635
1645526968.123109, 3.956401, -0.071433, 0.694617
1645526968.262953, 3.962701, -0.066270, 0.681876
1645526968.441494, 3.968844, -0.061319, 0.670357
1645526968.522425, 3.972447, -0.058451, 0.672625
1645526968.641372, 3.978413, -0.053757, 0.657965
1645526968.701279, 3.980275, -0.052330, 0.651158
1645526968.861261, 3.985020, -0.048777, 0.627945
1645526968.940021, 3.986709, -0.047547, 0.628992
1645526969.059965, 3.986780, -0.047500, 0.602812
1645526969.138913, 3.987343, -0.047115, 0.593213
1645526969.238720, 3.987840, -0.046783, 0.575760
1645526969.338787, 3.990902, -0.044843, 0.553070
1645526969.418601, 3.996655, -0.041336, 0.543471
1645526969.558599, 4.003145, -0.037398, 0.541551
1645526969.657387, 4.008799, -0.034057, 0.527938
1645526969.697351, 4.010603, -0.033003, 0.531952
1645526969.856220, 4.019691, -0.027762, 0.513975
1645526969.936100, 4.033860, -0.020405, 0.513689
1645526970.035998, 4.043173, -0.015216, 0.504963
1645526970.135824, 4.049556, -0.011689, 0.498156
1645526970.195055, 4.055343, -0.008584, 0.481924
1645526970.334760, 4.074248, 0.000901, 0.448065
1645526970.434643, 4.088101, 0.007519, 0.439338
1645526970.553482, 4.105022, 0.015225, 0.409668
1645526970.653424, 4.119211, 0.021197, 0.382266
1645526970.753302, 4.133674, 0.026834, 0.356610
1645526970.853715, 4.148360, 0.032119, 0.330255
1645526970.952086, 4.162273, 0.035026, 0.306153
1645526971.031973, 4.174224, 0.038672, 0.280671
1645526971.151915, 4.192414, 0.043610, 0.241925
1645526971.250804, 4.207815, 0.047231, 0.217490
1645526971.350741, 4.223499, 0.050566, 0.195848
1645526971.430493, 4.235979, 0.052969, 0.181885
1645526971.530442, 4.251814, 0.055749, 0.160941
1645526971.649368, 4.270821, 0.058687, 0.141743
1645526971.749213, 4.286756, 0.060823, 0.122893
1645526971.869379, 4.305704, 0.064312, 0.098583
1645526971.929134, 4.315425, 0.065239, 0.089507
1645526972.048849, 4.335270, 0.066918, 0.074322
1645526972.167916, 4.355011, 0.068271, 0.058440
1645526972.227689, 4.364721, 0.068789, 0.045001
1645526972.307680, 4.377760, 0.069309, 0.031736
1645526972.447633, 4.400954, 0.069755, 0.003462
1645526972.547410, 4.417757, 0.069773, -0.005265
1645526972.646281, 4.434260, 0.069606, -0.014864
1645526972.746320, 4.451060, 0.069333, -0.020623
1645526972.865269, 4.471183, 0.068827, -0.031270
1645526972.925021, 4.481327, 0.068487, -0.038077
1645526973.045007, 4.494420, 0.062606, -0.049092
1645526973.144931, 4.511327, 0.061716, -0.056248
1645526973.244668, 4.528185, 0.060713, -0.064625
1645526973.343630, 4.545163, 0.059578, -0.069512
1645526973.443486, 4.562264, 0.058359, -0.073178
1645526973.562258, 4.582763, 0.056849, -0.074923
1645526973.662352, 4.599901, 0.055558, -0.075446
1645526973.742136, 4.613764, 0.054504, -0.076668
1645526973.861962, 4.634300, 0.052913, -0.078414
1645526973.961924, 4.651559, 0.051527, -0.082253
1645526974.061045, 4.668643, 0.050102, -0.083650
1645526974.160779, 4.686025, 0.048644, -0.083650
1645526974.260773, 4.701262, 0.043586, -0.084058
1645526974.280581, 4.704747, 0.043292, -0.084058
1645526974.459257, 4.735515, 0.040719, -0.082487
1645526974.539186, 4.750009, 0.039530, -0.082313
1645526974.659173, 4.770961, 0.037785, -0.079346
1645526974.758060, 4.788225, 0.036466, -0.066954
1645526974.837902, 4.801802, 0.035611, -0.055260
1645526974.937898, 4.817648, 0.034852, -0.040250
1645526975.037747, 4.835120, 0.034182, -0.030476
1645526975.136776, 4.851193, 0.033823, -0.015292
1645526975.216497, 4.865095, 0.033643, -0.002726
1645526975.356498, 4.887865, 0.033912, 0.025723
1645526975.436304, 4.897662, 0.034533, 0.035630
1645526975.535263, 4.910826, 0.035119, 0.056400
1645526975.615310, 4.923982, 0.035874, 0.059891
1645526975.735096, 4.942918, 0.037121, 0.071933
1645526975.853921, 4.962902, 0.038660, 0.083103
1645526975.953783, 4.980927, 0.040097, 0.074900
1645526976.033779, 4.995173, 0.041168, 0.073330
1645526976.153636, 5.016489, 0.042628, 0.062858
1645526976.253472, 5.034452, 0.043723, 0.056574
1645526976.332396, 5.048717, 0.044503, 0.051862
1645526976.432286, 5.066734, 0.045397, 0.045753
1645526976.532274, 5.084671, 0.046178, 0.038248
1645526976.592195, 5.095675, 0.039572, 0.024145
1645526976.752137, 5.124413, 0.040109, 0.011404
1645526976.830958, 5.138870, 0.040233, 0.004248
1645526976.910801, 5.153412, 0.040294, 0.003550
1645526977.069829, 5.182582, 0.040293, -0.003955
1645526977.149570, 5.197167, 0.040210, -0.008493
1645526977.249421, 5.215376, 0.040031, -0.010762
1645526977.349341, 5.233712, 0.039815, -0.013380
1645526977.449210, 5.252048, 0.039539, -0.016870
1645526977.548204, 5.270426, 0.039232, -0.016521
1645526977.647885, 5.287824, 0.034071, -0.014919
1645526977.747758, 5.306330, 0.033795, -0.013697
1645526977.846705, 5.324752, 0.033560, -0.011428
1645526977.946595, 5.343131, 0.033366, -0.010556
1645526978.046469, 5.361638, 0.033167, -0.010730
1645526978.166410, 5.383642, 0.032911, -0.012825
1645526978.245264, 5.398482, 0.032704, -0.015617
1645526978.345200, 5.416092, 0.032418, -0.016141
1645526978.465078, 5.435408, 0.032115, -0.015966
1645526978.564834, 5.453360, 0.031817, -0.018584
1645526978.643829, 5.466450, 0.031559, -0.020679
1645526978.763639, 5.483803, 0.031211, -0.019282
1645526978.843614, 5.495699, 0.030973, -0.020504
1645526978.962643, 5.508265, 0.028277, -0.020459
1645526979.042373, 5.519180, 0.028051, -0.020633
1645526979.162320, 5.532867, 0.027774, -0.018015
1645526979.242192, 5.541949, 0.027619, -0.015746
1645526979.361201, 5.561394, 0.027338, -0.015223
1645526979.441010, 5.574015, 0.027101, -0.019761
1645526979.540864, 5.586850, 0.026903, -0.010336
1645526979.660841, 5.601562, 0.026809, -0.005624
1645526979.720768, 5.608641, 0.026770, -0.003529
1645526979.859637, 5.624079, 0.026757, 0.001532
1645526979.919379, 5.633333, 0.026785, 0.004848
1645526980.039288, 5.648345, 0.026838, -0.000388
1645526980.139253, 5.658964, 0.026844, 0.003103
1645526980.238252, 5.674316, 0.026946, 0.007815
1645526980.318012, 5.683101, 0.026975, -0.000911
1645526980.378048, 5.683854, 0.028270, 0.000327
1645526980.556859, 5.707302, 0.027822, -0.045924
1645526980.576962, 5.709347, 0.027728, -0.048717
1645526980.597768, 5.711860, 0.027606, -0.053080
1645526980.636780, 5.717268, 0.027312, -0.057793
1645526980.676701, 5.720887, 0.027099, -0.061109
1645526981.433764, 5.773893, 0.019121, -0.253444
1645526981.712488, 5.775254, 0.018764, -0.270374
1645526982.709510, 5.775254, 0.018764, -0.269152
1645526983.247749, 5.775254, 0.018764, -0.269152
1645526984.024168, 5.775254, 0.018764, -0.269152
1645526984.741120, 5.775254, 0.018764, -0.269152
1645526984.901329, 5.775254, 0.018764, -0.269152
1645526985.040767, 5.763718, 0.021943, -0.268505
1645526985.139762, 5.763718, 0.021943, -0.268505
1645526985.259575, 5.763718, 0.021943, -0.268505
1645526985.359416, 5.763718, 0.021943, -0.268505
1645526985.458443, 5.763718, 0.021943, -0.268505
1645526985.559325, 5.763718, 0.021943, -0.268505
1645526985.658219, 5.763718, 0.021943, -0.268505
1645526985.738014, 5.763718, 0.021943, -0.268505
1645526985.836932, 5.763718, 0.021943, -0.268505
1645526985.936849, 5.763842, 0.021909, -0.268505
1645526986.056630, 5.771328, 0.019859, -0.252623
1645526986.156597, 5.776911, 0.018455, -0.235868
1645526986.236370, 5.777990, 0.018198, -0.227839
1645526986.355287, 5.781028, 0.017518, -0.204452
1645526986.435295, 5.781947, 0.017332, -0.195027
1645526986.515101, 5.781738, 0.017374, -0.184904
1645526986.654118, 5.782074, 0.017314, -0.158026
1645526986.754052, 5.781948, 0.017334, -0.141620
1645526986.833771, 5.781948, 0.017334, -0.134813
1645526986.973591, 5.781990, 0.017328, -0.134115
1645526987.032646, 5.782032, 0.017322, -0.131846
1645526987.152445, 5.786598, 0.016719, -0.129752
1645526987.252389, 5.793537, 0.015838, -0.124516
1645526987.351294, 5.796624, 0.015441, -0.126261
1645526987.451195, 5.798910, 0.015158, -0.123119
1645526987.531091, 5.800137, 0.015003, -0.130624
1645526987.610959, 5.800856, 0.014911, -0.123294
1645526987.750011, 5.802506, 0.014704, -0.126610
1645526987.849756, 5.807289, 0.014120, -0.116313
1645526987.929592, 5.814701, 0.013247, -0.122421
1645526988.049631, 5.829460, 0.011327, -0.128704
1645526988.149483, 5.840084, 0.010015, -0.120501
1645526988.248383, 5.845077, 0.009390, -0.125388
1645526988.328236, 5.848336, 0.008988, -0.120501
1645526988.428179, 5.856206, 0.008001, -0.128530
1645526988.547092, 5.869285, 0.006387, -0.112298
1645526988.667914, 5.878910, 0.005355, -0.096765
1645526988.746727, 5.880226, 0.005232, -0.082279
1645526988.826797, 5.882368, 0.004351, -0.066203
1645526988.945513, 5.883134, 0.004307, -0.047179
1645526989.045400, 5.883560, 0.004289, -0.026409
1645526989.145313, 5.883986, 0.004280, -0.008607
1645526989.245262, 5.884242, 0.004280, 0.010417
1645526989.344059, 5.884797, 0.004289, 0.026300
1645526989.443965, 5.885564, 0.004316, 0.045324
1645526989.543956, 5.885819, 0.004330, 0.066966
1645526989.662897, 5.885989, 0.004343, 0.091575
1645526989.762689, 5.886583, 0.004404, 0.114439
1645526989.862525, 5.884769, 0.003644, 0.135537
1645526989.922426, 5.884980, 0.003673, 0.146533
1645526990.061369, 5.885444, 0.003746, 0.174807
1645526990.161326, 5.885695, 0.003794, 0.201685
1645526990.241281, 5.886029, 0.003865, 0.217393
1645526990.340086, 5.886486, 0.003970, 0.235370
1645526990.459866, 5.886900, 0.004073, 0.264517
1645526990.559867, 5.886859, 0.004062, 0.286682
1645526990.659726, 5.887307, 0.004201, 0.311815
1645526990.758590, 5.888415, 0.004701, 0.333744
1645526990.858454, 5.888495, 0.004730, 0.356433
1645526990.959388, 5.888933, 0.004898, 0.382089
1645526991.038279, 5.889407, 0.005091, 0.400764
1645526991.137186, 5.889486, 0.005124, 0.421708
1645526991.257229, 5.889757, 0.005249, 0.452252
1645526991.357115, 5.890176, 0.005460, 0.480351
1645526991.455823, 5.890364, 0.005560, 0.499899
1645526991.555773, 5.891905, 0.000424, 0.524977
1645526991.635635, 5.891942, 0.000445, 0.549586
1645526991.735571, 5.892159, 0.000581, 0.571053
1645526991.835482, 5.892338, 0.000697, 0.596884
1645526991.914336, 5.892198, 0.000600, 0.620621
1645526992.054383, 5.892093, 0.000527, 0.663207
1645526992.154217, 5.892393, 0.000765, 0.688863
1645526992.253080, 5.892523, 0.000876, 0.715741
1645526992.353952, 5.895694, 0.001350, 0.741361
1645526992.452877, 5.895727, 0.001377, 0.769112
1645526992.552783, 5.895877, 0.001529, 0.797211
1645526992.651610, 5.896201, 0.001868, 0.822170
1645526992.731611, 5.896086, 0.001742, 0.848699
1645526992.831504, 5.896168, 0.001840, 0.875751
1645526992.931411, 5.896465, 0.002203, 0.902455
1645526993.030361, 5.905451, -0.004057, 0.926761
1645526993.150224, 5.905675, -0.003745, 0.960446
1645526993.230114, 5.905772, -0.003606, 0.984531
1645526993.349104, 5.905726, -0.003677, 1.016122
1645526993.448882, 5.906013, -0.003203, 1.050156
1645526993.528706, 5.905928, -0.003351, 1.064293
1645526993.648793, 5.906008, -0.003200, 1.102865
1645526993.748701, 5.906178, -0.002856, 1.133757
1645526993.847613, 5.910407, -0.006703, 1.155710
1645526993.927673, 5.910473, -0.006546, 1.185031
1645526994.046262, 5.910474, -0.006546, 1.217669
1645526994.146185, 5.910503, -0.006466, 1.255368
1645526994.246063, 5.910593, -0.006181, 1.287482
1645526994.345933, 5.910627, -0.006058, 1.315756
1645526994.444839, 5.905362, -0.004436, 1.349592
1645526994.564707, 5.905388, -0.004311, 1.382753
1645526994.664696, 5.905419, -0.004143, 1.421150
1645526994.744416, 5.905436, -0.004017, 1.445410
1645526994.843358, 5.905465, -0.003762, 1.475255
1645526994.923254, 5.905465, -0.003762, 1.503530
1645526995.023081, 5.905478, -0.003507, 1.531455
1645526995.142042, 5.907899, -0.007034, 1.573894
1645526995.261817, 5.907892, -0.006820, 1.613164
1645526995.361789, 5.907898, -0.006863, 1.650165
1645526995.441709, 5.907905, -0.006948, 1.677392
1645526995.541526, 5.907859, -0.006567, 1.710553
1645526995.640464, 5.907814, -0.007946, 1.744254
1645526995.760379, 5.907717, -0.007443, 1.782127
1645526995.840241, 5.907773, -0.007693, 1.808133
1645526995.959191, 5.907705, -0.007446, 1.849323
1645526996.058966, 5.907709, -0.007445, 1.884229
1645526996.138885, 5.907749, -0.007566, 1.909362
1645526996.258787, 5.907620, -0.007205, 1.948283
1645526996.337673, 5.907490, -0.007869, 1.975967
1645526996.457765, 5.907348, -0.007558, 2.017331
1645526996.517557, 5.907442, -0.007750, 2.036355
1645526996.637310, 5.907338, -0.007564, 2.079290
1645526996.737302, 5.907382, -0.007636, 2.115244
1645526996.856230, 5.907335, -0.007565, 2.153991
1645526996.956244, 5.897853, -0.001259, 2.191161
1645526997.054898, 5.898079, -0.001569, 2.225544
1645526997.154811, 5.898000, -0.001469, 2.264290
1645526997.234790, 5.897972, -0.001436, 2.288725
1645526997.334799, 5.897714, -0.001152, 2.322584
1645526997.434570, 5.897892, -0.001336, 2.357491
1645526997.553449, 5.892916, -0.000462, 2.397186
1645526997.653351, 5.893077, -0.000602, 2.434711
1645526997.732323, 5.892879, -0.000439, 2.462636
1645526997.832244, 5.892578, -0.000202, 2.497368
1645526997.952093, 5.892368, -0.000055, 2.546237
1645526998.032011, 5.894892, -0.001482, 2.567695
1645526998.151831, 5.894710, -0.001371, 2.617437
1645526998.250791, 5.894562, -0.001285, 2.649028
1645526998.311691, 5.894638, -0.001324, 2.671019
1645526998.450554, 5.894330, -0.001178, 2.718841
1645526998.549828, 5.894525, -0.001263, 2.753398
1645526998.609413, 5.894406, -0.001216, 2.775739
1645526998.689399, 5.892291, -0.007552, 2.801386
1645526998.849011, 5.892289, -0.007557, 2.858110
1645526998.869104, 5.892289, -0.007557, 2.864567
1645526999.047885, 5.888728, -0.006683, 2.932984
1645526999.127743, 5.882910, -0.005548, 2.972254
1645526999.147835, 5.881607, -0.005325, 2.978886
1645526999.167739, 5.880218, -0.005097, 2.986217
1645526999.207691, 5.877730, -0.004722, 3.005939
1645526999.247635, 5.883735, -0.014842, 3.022254
1645527000.023869, 5.843515, -0.018397, -2.963576
1645527000.043852, 5.841794, -0.018706, -2.962529
1645527000.083885, 5.837976, -0.019400, -2.959562
1645527000.123825, 5.835082, -0.019934, -2.955897
1645527000.223727, 5.827933, -0.021372, -2.917499
1645527000.283899, 5.823200, -0.022485, -2.904235
1645527000.442658, 5.812757, -0.031757, -2.859760
1645527000.482646, 5.810423, -0.032436, -2.857316
1645527000.642272, 5.806825, -0.033504, -2.824330
1645527001.379724, 5.797971, -0.037835, -2.514534
1645527002.215608, 5.796859, -0.041431, -2.395506
1645527002.455367, 5.796859, -0.041431, -2.395506
1645527002.555241, 5.796859, -0.041431, -2.395506
1645527002.654117, 5.796859, -0.041431, -2.395506
1645527002.734014, 5.796859, -0.041431, -2.395506
1645527002.853835, 5.796859, -0.041431, -2.395506
1645527002.953836, 5.796859, -0.041431, -2.395506
1645527003.053706, 5.796859, -0.041431, -2.395506
1645527003.152553, 5.796859, -0.041431, -2.395506
1645527003.232879, 5.796859, -0.041431, -2.395506
1645527003.351444, 5.796859, -0.041431, -2.395506
1645527003.451250, 5.796859, -0.041431, -2.395506
1645527003.551177, 5.793507, -0.044528, -2.395855
1645527003.670107, 5.785422, -0.051736, -2.429365
1645527003.729938, 5.781800, -0.054849, -2.438616
1645527003.829887, 5.780071, -0.056305, -2.453800
1645527003.929718, 5.779474, -0.056787, -2.468635
1645527004.048575, 5.777390, -0.058414, -2.503367
1645527004.148394, 5.777185, -0.058567, -2.522915
1645527004.268593, 5.776906, -0.058764, -2.544034
1645527004.348228, 5.777047, -0.058668, -2.556949
1645527004.448176, 5.777083, -0.058645, -2.577718
1645527004.547040, 5.776685, -0.058892, -2.597441
1645527004.666990, 5.776465, -0.059024, -2.618035
1645527004.746787, 5.776391, -0.059066, -2.634791
1645527004.845754, 5.779135, -0.057671, -2.659671
1645527004.945702, 5.778869, -0.057807, -2.683756
1645527005.045536, 5.778870, -0.057808, -2.699290
1645527005.125481, 5.778754, -0.057862, -2.713427
1645527005.244358, 5.778520, -0.057965, -2.741003
1645527005.344292, 5.778402, -0.058014, -2.763867
1645527005.464186, 5.778163, -0.058106, -2.790919
1645527005.563029, 5.778123, -0.058121, -2.819194
1645527005.662906, 5.780856, -0.055940, -2.850328
1645527005.762797, 5.780651, -0.055999, -2.882442
1645527005.822880, 5.780610, -0.056010, -2.910542
1645527005.941664, 5.780526, -0.056027, -2.943529
1645527006.042494, 5.780401, -0.056052, -2.993271
1645527006.141437, 5.780358, -0.056056, -3.013167
1645527006.241328, 5.781273, -0.053707, -3.058982
1645527006.340146, 5.781316, -0.053704, -3.082718
1645527006.440057, 5.781060, -0.053716, -3.123035
1645527006.540025, 5.781231, -0.053716, 3.133272
1645527006.639897, 5.780975, -0.053710, 3.097144
1645527006.758726, 5.780933, -0.053708, 3.042166
1645527006.838689, 5.780575, -0.057932, 3.006207
1645527006.938635, 5.780576, -0.057930, 2.961526
1645527007.037444, 5.780575, -0.057932, 2.918940
1645527007.137331, 5.780534, -0.057919, 2.874260
1645527007.257276, 5.778064, -0.055005, 2.820797
1645527007.356090, 5.777822, -0.054920, 2.782574
1645527007.456054, 5.777862, -0.054936, 2.736498
1645527007.535961, 5.777745, -0.054885, 2.701242
1645527007.655815, 5.777746, -0.054882, 2.645217
1645527007.754700, 5.776726, -0.056045, 2.601495
1645527007.854808, 5.776620, -0.055974, 2.552102
1645527007.934531, 5.776725, -0.056046, 2.518068
1645527008.054491, 5.776590, -0.055943, 2.459425
1645527008.154696, 5.776591, -0.055942, 2.412825
1645527008.233147, 5.773396, -0.057035, 2.374414
1645527008.314259, 5.773397, -0.057034, 2.336540
1645527008.432988, 5.773395, -0.057036, 2.282435
1645527008.551825, 5.772174, -0.060539, 2.218588
1645527008.651719, 5.772125, -0.060468, 2.176351
1645527008.751498, 5.772193, -0.060577, 2.126609
1645527008.831595, 5.772082, -0.060395, 2.083848
1645527008.930525, 5.771704, -0.059784, 2.040789
1645527009.050249, 5.771665, -0.059708, 1.977608
1645527009.110229, 5.771682, -0.059747, 1.951428
1645527009.190157, 5.771637, -0.059627, 1.905177
1645527009.309001, 5.771626, -0.059586, 1.847930
1645527009.428774, 5.769763, -0.061828, 1.787091
1645527009.548650, 5.769753, -0.061787, 1.726702
1645527009.627626, 5.769740, -0.061703, 1.685687
1645527009.727525, 5.769745, -0.061745, 1.634200
1645527009.827442, 5.772556, -0.061405, 1.585630
1645527009.947237, 5.772553, -0.061362, 1.521751
1645527010.026158, 5.772553, -0.061362, 1.485797
1645527010.146066, 5.772549, -0.061362, 1.423140
1645527010.265966, 5.778791, -0.066042, 1.357116
1645527010.325916, 5.778801, -0.066001, 1.328842
1645527010.445776, 5.778789, -0.066042, 1.266534
1645527010.544746, 5.778828, -0.065920, 1.224122
1645527010.644564, 5.780051, -0.063345, 1.180911
1645527010.743408, 5.780117, -0.063188, 1.141466
1645527010.863375, 5.780084, -0.063266, 1.099055
1645527010.944267, 5.780142, -0.063152, 1.086314
1645527011.023391, 5.780123, -0.063190, 1.088583
1645527011.143092, 5.780045, -0.063342, 1.111970
1645527011.242026, 5.780080, -0.063264, 1.147400
1645527011.341817, 5.780031, -0.063382, 1.180213
1645527011.441662, 5.779981, -0.063500, 1.215643
1645527011.541619, 5.779998, -0.063461, 1.253516
1645527011.641490, 5.779906, -0.063745, 1.291565
1645527011.740566, 5.779943, -0.063623, 1.327518
1645527011.840308, 5.776530, -0.058298, 1.367123
1645527011.939228, 5.776540, -0.058257, 1.406218
1645527012.039188, 5.776505, -0.058467, 1.444267
1645527012.139035, 5.776521, -0.058340, 1.482140
1645527012.218887, 5.776493, -0.058680, 1.513731
1645527012.338808, 5.778657, -0.059191, 1.560429
1645527012.457592, 5.778657, -0.059532, 1.605284
1645527012.557483, 5.778662, -0.059532, 1.647696
1645527012.637485, 5.778663, -0.059532, 1.676668
1645527012.737297, 5.778668, -0.059531, 1.719778
1645527012.836272, 5.776849, -0.057085, 1.760450
1645527012.916608, 5.776878, -0.057210, 1.796404
1645527013.016249, 5.776909, -0.057334, 1.835150
1645527013.115039, 5.776913, -0.057333, 1.881052
1645527013.234854, 5.776842, -0.057132, 1.932540
1645527013.374731, 5.775430, -0.055415, 1.989851
1645527013.455055, 5.775432, -0.055413, 2.025979
1645527013.553512, 5.775432, -0.055413, 2.067867
1645527013.653429, 5.775437, -0.055411, 2.113246
1645527013.753339, 5.775346, -0.055267, 2.158275
1645527013.852256, 5.775977, -0.054823, 2.201593
1645527013.972075, 5.775978, -0.054822, 2.254651
1645527014.032043, 5.776004, -0.054856, 2.281005
1645527014.131905, 5.775891, -0.054729, 2.326209
1645527014.151934, 5.775870, -0.056884, 2.333279
1645527014.350721, 5.775904, -0.056909, 2.423513
1645527014.430783, 5.775774, -0.056800, 2.457896
1645527014.530715, 5.775978, -0.056954, 2.507812
1645527014.630508, 5.772430, -0.054300, 2.552618
1645527014.749399, 5.772642, -0.054442, 2.600789
1645527014.829218, 5.772420, -0.054315, 2.642328
1645527014.948058, 5.772194, -0.054195, 2.702367
1645527015.048035, 5.772232, -0.054215, 2.748618
1645527015.148846, 5.775458, -0.054116, 2.797648
1645527015.227934, 5.775456, -0.054121, 2.834125
1645527015.347720, 5.775743, -0.054203, 2.893118
1645527015.386710, 5.775578, -0.054162, 2.910920
1645527015.406679, 5.772453, -0.051848, 2.920385
1645527015.626634, 5.772285, -0.051822, 3.023708
1645527015.745218, 5.772327, -0.051831, 3.084096
1645527015.846157, 5.772412, -0.051833, 3.138376
1645527015.944950, 5.775451, -0.056334, -3.100015
1645527016.044862, 5.775451, -0.056337, -3.048179
1645527016.143744, 5.775536, -0.056326, -2.997390
1645527016.243584, 5.775451, -0.056337, -2.947299
1645527016.323550, 5.775452, -0.056340, -2.906982
1645527016.343502, 5.780088, -0.060705, -2.899346
1645527016.522729, 5.780172, -0.060688, -2.809287
1645527016.582285, 5.780212, -0.060673, -2.774206
1645527016.602346, 5.780252, -0.060658, -2.764956
1645527016.622297, 5.780252, -0.060658, -2.756578
1645527016.662229, 5.780054, -0.060739, -2.740172
1645527016.742138, 5.780171, -0.060687, -2.694619
1645527016.822067, 5.780019, -0.060763, -2.658665
1645527016.861062, 5.783496, -0.064325, -2.639745
1645527016.881011, 5.783571, -0.064284, -2.629098
1645527016.920966, 5.783571, -0.064284, -2.604664
1645527016.960933, 5.783497, -0.064327, -2.587734
1645527017.020926, 5.783461, -0.064349, -2.557365
1645527017.060940, 5.783567, -0.064278, -2.535723
1645527017.140739, 5.785277, -0.063564, -2.495548
1645527017.379408, 5.785214, -0.063622, -2.369885
1645527017.639239, 5.785177, -0.063646, -2.232004
1645527018.754175, 5.784674, -0.064888, -1.640162
1645527019.252626, 5.784698, -0.065101, -1.368938
1645527020.448300, 5.788580, -0.068024, -0.692403
1645527020.548334, 5.788649, -0.068074, -0.639869
1645527020.628182, 5.783631, -0.059965, -0.584952
1645527020.747994, 5.783845, -0.060105, -0.522644
1645527020.846969, 5.783470, -0.059902, -0.460336
1645527020.946773, 5.786479, -0.056378, -0.398174
1645527021.065838, 5.786438, -0.056365, -0.337611
1645527021.165781, 5.786600, -0.056419, -0.278445
1645527021.265514, 5.787688, -0.056529, -0.221166
1645527021.364388, 5.787730, -0.056538, -0.162698
1645527021.465256, 5.787814, -0.056550, -0.105277
1645527021.564193, 5.787687, -0.056541, -0.051346
1645527021.664113, 5.787772, -0.056543, 0.008868
1645527021.743076, 5.787191, -0.056041, 0.051448
1645527021.842926, 5.787233, -0.056035, 0.110789
1645527021.942715, 5.787233, -0.056034, 0.167338
1645527022.062582, 5.786661, -0.055314, 0.237350
1645527022.162546, 5.786620, -0.055324, 0.297913
1645527022.261428, 5.786660, -0.055311, 0.350622
1645527022.342355, 5.786501, -0.055372, 0.401411
1645527022.441234, 5.788100, -0.055189, 0.455215
1645527022.560094, 5.788064, -0.055213, 0.525551
1645527022.640019, 5.788064, -0.055214, 0.567439
1645527022.759895, 5.784641, -0.049986, 0.640402
1645527022.859941, 5.784539, -0.050062, 0.703757
1645527022.939656, 5.784539, -0.050063, 0.746693
1645527023.058876, 5.787617, -0.052597, 0.819780
1645527023.158408, 5.787531, -0.052692, 0.875456
1645527023.258628, 5.787477, -0.052758, 0.939684
1645527023.337270, 5.787501, -0.052723, 0.983143
1645527023.437202, 5.782666, -0.049683, 1.043102
1645527023.557205, 5.782624, -0.049757, 1.115708
1645527023.636939, 5.782623, -0.049757, 1.162308
1645527023.755882, 5.782543, -0.049954, 1.233518
1645527023.855679, 5.781180, -0.049538, 1.266797
1645527023.935759, 5.781232, -0.049376, 1.302751
1645527024.034558, 5.781146, -0.049706, 1.337483
1645527024.154412, 5.781169, -0.049623, 1.389843
1645527024.234634, 5.781132, -0.049834, 1.418990
1645527024.353073, 5.784343, -0.049533, 1.470391
1645527024.453030, 5.784343, -0.049490, 1.518213
1645527024.572904, 5.784335, -0.049746, 1.561148
1645527024.652788, 5.784333, -0.049490, 1.599022
1645527024.751630, 5.784342, -0.049703, 1.634976
1645527024.831649, 5.784265, -0.050025, 1.680704
1645527024.951442, 5.784263, -0.050025, 1.741791
1645527025.051294, 5.784273, -0.050067, 1.805321
1645527025.131229, 5.784283, -0.050109, 1.854364
1645527025.230165, 5.783672, -0.051066, 1.910688
1645527025.369974, 5.783670, -0.051066, 1.995511
1645527025.450009, 5.783652, -0.051028, 2.041414
1645527025.549700, 5.784565, -0.050664, 2.104921
1645527025.628783, 5.784609, -0.050736, 2.149776
1645527025.708599, 5.784586, -0.050701, 2.202311
1645527025.728598, 5.784586, -0.050701, 2.213306
1645527025.888554, 5.783676, -0.051280, 2.309011
1645527026.027248, 5.783735, -0.051342, 2.393310
1645527026.147158, 5.783764, -0.051374, 2.455793
1645527026.247048, 5.780282, -0.049421, 2.513080
1645527026.367207, 5.780356, -0.049465, 2.573992
1645527026.466035, 5.780174, -0.049354, 2.616229
1645527026.525810, 5.780434, -0.049501, 2.644154
1645527026.664650, 5.784451, -0.052681, 2.705337
1645527026.764525, 5.784684, -0.052787, 2.746003
1645527026.844352, 5.784645, -0.052769, 2.778466
1645527026.944234, 5.784604, -0.052756, 2.818783
1645527027.043111, 5.784565, -0.052739, 2.857355
1645527027.123054, 5.785673, -0.053911, 2.892241
1645527027.244072, 5.785674, -0.053907, 2.942681
1645527027.302922, 5.785799, -0.053933, 2.965021
1645527027.441783, 5.785800, -0.053926, 3.023315
1645527027.541689, 5.783678, -0.053721, 3.060665
1645527027.641552, 5.779722, -0.053434, 3.096095
1645527027.740470, 5.784794, -0.057664, 3.116319
1645527027.840327, 5.783088, -0.057643, -3.130738
1645527027.941173, 5.780787, -0.057709, -3.096006
1645527028.040144, 5.773635, -0.058141, -3.061449
1645527028.140045, 5.764289, -0.058959, -3.049581
1645527028.238988, 5.761275, -0.059244, -3.038062
1645527028.358880, 5.759241, -0.059481, -2.997395
1645527028.458698, 5.757660, -0.061217, -2.972015
1645527028.557631, 5.756110, -0.061507, -2.935014
1645527028.657500, 5.754568, -0.061845, -2.909881
1645527028.757346, 5.753410, -0.062133, -2.881257
1645527028.857249, 5.752178, -0.062479, -2.847398
1645527028.936120, 5.751201, -0.062786, -2.825581
1645527029.056020, 5.749466, -0.063378, -2.793467
1645527029.155866, 5.748428, -0.063768, -2.766764
1645527029.215895, 5.750645, -0.061461, -2.746864
1645527029.374748, 5.748971, -0.062209, -2.697296
1645527029.414646, 5.747664, -0.062837, -2.685952
1645527029.534618, 5.741710, -0.065898, -2.639875
1645527029.633487, 5.736413, -0.068919, -2.599383
1645527029.753321, 5.734470, -0.076369, -2.543228
1645527029.813261, 5.731247, -0.078606, -2.518270
1645527029.853197, 5.729141, -0.080133, -2.502038
1645527030.053049, 5.716974, -0.090171, -2.406220
1645527030.151956, 5.709781, -0.096839, -2.374804
1645527030.251753, 5.701910, -0.104527, -2.358049
1645527030.351897, 5.690105, -0.113761, -2.337387
1645527030.470575, 5.678652, -0.125644, -2.341052
1645527030.550580, 5.674533, -0.129907, -2.335641
1645527030.670345, 5.671092, -0.133461, -2.352222
1645527030.750457, 5.669282, -0.135270, -2.371944
1645527030.849168, 5.669040, -0.135510, -2.388525
1645527030.969051, 5.668785, -0.135737, -2.421512
1645527031.009127, 5.668400, -0.136074, -2.427795
1645527031.148891, 5.668303, -0.136158, -2.459385
1645527031.247712, 5.668070, -0.136344, -2.474395
1645527031.347628, 5.667697, -0.136628, -2.508254
1645527031.427537, 5.667594, -0.136705, -2.520123
1645527031.546310, 5.668396, -0.138849, -2.548444
1645527031.627281, 5.668183, -0.138991, -2.565025
1645527031.746278, 5.667931, -0.139151, -2.594521
1645527031.865976, 5.664994, -0.140887, -2.618781
1645527031.944938, 5.661909, -0.142622, -2.650022
1645527032.064697, 5.655448, -0.145910, -2.688769
1645527032.164737, 5.643668, -0.152848, -2.746139
1645527032.243662, 5.633236, -0.157082, -2.768654
1645527032.343581, 5.619141, -0.162366, -2.807924
1645527032.443496, 5.604913, -0.167151, -2.830439
1645527032.543390, 5.590273, -0.171629, -2.868487
1645527032.642362, 5.575324, -0.175648, -2.893445
1645527032.742178, 5.557375, -0.179900, -2.934285
1645527032.863123, 5.539168, -0.183456, -2.968493
1645527032.962041, 5.524015, -0.185922, -2.998164
1645527033.041954, 5.511716, -0.187567, -3.027311
1645527033.140785, 5.496149, -0.189189, -3.054712
1645527033.260943, 5.477390, -0.190520, -3.089270
1645527033.320642, 5.467892, -0.190981, -3.099393
1645527033.439466, 5.448882, -0.191618, -3.118068
1645527033.539378, 5.432850, -0.191911, -3.133427
1645527033.759188, 5.401967, -0.193742, 3.114849
1645527033.858088, 5.385942, -0.193184, 3.096523
1645527033.958079, 5.369674, -0.192338, 3.079594
1645527034.057773, 5.353463, -0.191231, 3.063362
1645527034.157773, 5.337184, -0.189906, 3.059522
1645527034.257563, 5.320740, -0.188501, 3.050447
1645527034.296580, 5.314327, -0.187910, 3.047654
1645527034.316554, 5.311016, -0.187598, 3.046432
1645527034.336834, 5.307747, -0.187286, 3.044862
1645527034.596154, 5.265238, -0.182542, 3.014144
1645527034.615216, 5.261981, -0.182125, 3.012748
1645527034.675081, 5.252129, -0.180831, 3.008559
1645527034.755034, 5.238733, -0.179017, 3.004544
1645527034.795072, 5.232143, -0.178104, 3.003148
1645527034.834922, 5.225596, -0.177191, 3.002799
1645527034.874901, 5.218965, -0.176263, 3.001577
1645527034.913993, 5.212420, -0.175340, 3.001228
1645527034.933826, 5.209168, -0.174881, 3.000879
1645527034.955163, 5.205833, -0.174408, 3.000356
1645527034.993747, 5.199120, -0.173449, 2.996167
1645527035.033807, 5.192370, -0.172449, 2.989709
1645527035.073748, 5.185795, -0.171435, 2.985869
1645527035.233589, 5.161994, -0.167687, 2.983775
1645527035.352598, 5.159214, -0.167244, 2.980983
1645527035.592112, 5.159298, -0.167258, 2.983950
1645527035.870924, 5.159298, -0.167258, 2.984648
1645527036.448472, 5.159298, -0.167258, 2.984473
1645527038.022814, 5.160299, -0.167554, 2.983309
1645527038.640967, 5.160299, -0.167554, 2.983309
1645527038.720255, 5.160299, -0.167554, 2.983309
1645527038.839813, 5.160299, -0.167554, 2.983309
1645527038.959774, 5.160299, -0.167554, 2.983309
1645527039.039816, 5.160299, -0.167554, 2.983309
1645527039.159485, 5.160299, -0.167554, 2.983309
1645527039.258588, 5.160299, -0.167554, 2.983309
1645527039.338356, 5.160299, -0.167554, 2.983309
1645527039.457159, 5.160299, -0.167554, 2.983309
1645527039.557031, 5.160299, -0.167554, 2.983309
1645527039.657256, 5.160299, -0.167554, 2.983483
1645527039.756949, 5.155582, -0.166802, 2.983658
1645527039.857082, 5.146690, -0.165426, 2.995002
1645527039.955753, 5.134277, -0.163658, 3.006347
1645527040.055538, 5.120839, -0.161835, 3.008267
1645527040.154840, 5.105953, -0.159898, 3.016121
1645527040.234390, 5.094191, -0.158410, 3.016121
1645527040.334235, 5.079379, -0.156568, 3.022230
1645527040.434145, 5.064510, -0.154843, 3.032178
1645527040.533082, 5.049582, -0.153263, 3.041952
1645527040.633064, 5.034428, -0.151798, 3.049108
1645527040.772842, 5.013144, -0.149932, 3.060976
1645527040.852885, 5.000900, -0.148969, 3.066561
1645527040.951708, 4.985629, -0.147883, 3.075811
1645527041.031663, 4.973244, -0.147096, 3.080698
1645527041.171819, 4.952310, -0.145804, 3.100328
1645527041.251311, 4.938928, -0.145300, 3.107309
1645527041.331110, 4.926440, -0.144878, 3.109578
1645527041.451033, 4.907599, -0.144319, 3.117432
1645527041.550029, 4.891909, -0.143971, 3.121446
1645527041.649922, 4.876133, -0.143663, 3.123366
1645527041.729081, 4.864024, -0.143446, 3.125461
1645527041.868600, 4.841637, -0.143133, 3.124413
1645527041.928478, 4.831914, -0.142983, 3.129824
1645527042.008579, 4.818951, -0.142835, 3.128777
1645527042.148448, 4.796308, -0.142558, 3.130348
1645527042.267167, 4.776819, -0.142347, 3.131569
1645527042.347021, 4.767193, -0.144640, 3.132186
1645527042.465893, 4.747534, -0.144466, 3.134455
1645527042.545887, 4.734399, -0.144379, 3.135677
1645527042.666671, 4.714569, -0.144279, 3.137771
1645527042.745712, 4.701221, -0.144234, 3.139167
1645527042.864547, 4.681391, -0.144195, 3.141436
1645527042.944434, 4.668170, -0.144205, -3.139829
1645527042.964382, 4.664801, -0.144211, -3.139829
1645527043.144205, 4.634907, -0.144304, -3.137560
1645527043.242949, 4.618104, -0.144382, -3.135640
1645527043.364090, 4.597976, -0.144515, -3.133895
1645527043.422854, 4.587912, -0.144592, -3.133546
1645527043.563004, 4.560647, -0.142239, -3.134213
1645527043.641669, 4.547171, -0.142347, -3.132293
1645527043.741529, 4.530071, -0.142513, -3.130373
1645527043.841455, 4.513099, -0.142708, -3.129326
1645527043.961310, 4.492673, -0.142975, -3.127057
1645527044.020119, 4.482354, -0.143132, -3.124614
1645527044.160080, 4.458306, -0.143585, -3.120774
1645527044.220024, 4.448116, -0.143809, -3.117458
1645527044.339014, 4.427397, -0.144350, -3.114666
1645527044.438884, 4.410089, -0.144820, -3.113967
1645527044.538656, 4.392867, -0.145299, -3.113444
1645527044.618590, 4.378884, -0.145700, -3.112222
1645527044.757510, 4.354715, -0.146413, -3.111349
1645527044.857477, 4.337408, -0.146938, -3.110826
1645527044.877383, 4.333870, -0.147047, -3.109779
1645527045.036217, 4.304886, -0.146221, -3.103943
1645527045.136420, 4.287328, -0.146895, -3.103071
1645527045.235940, 4.269772, -0.147582, -3.102023
1645527045.315944, 4.255625, -0.148150, -3.100453
1645527045.454970, 4.230998, -0.149200, -3.095915
1645527045.554698, 4.213277, -0.150037, -3.092948
1645527045.634669, 4.199178, -0.150735, -3.090853
1645527045.754480, 4.177927, -0.151846, -3.088061
1645527045.834481, 4.163704, -0.152616, -3.085617
1645527045.933313, 4.147530, -0.153711, -3.082072
1645527046.053095, 4.126205, -0.155027, -3.077185
1645527046.152026, 4.108461, -0.156209, -3.071600
1645527046.251872, 4.090682, -0.157503, -3.065840
1645527046.352853, 4.072867, -0.158888, -3.061651
1645527046.451682, 4.054973, -0.160348, -3.057986
1645527046.551609, 4.037042, -0.161885, -3.053797
1645527046.670507, 4.015550, -0.163825, -3.049609
1645527046.770423, 3.997463, -0.165525, -3.045245
1645527046.870301, 3.979423, -0.167273, -3.043849
1645527046.949137, 3.965077, -0.168682, -3.043674
1645527047.050037, 3.945364, -0.166342, -3.042203
1645527047.169049, 3.923642, -0.168560, -3.036269
1645527047.249107, 3.909181, -0.170094, -3.034523
1645527047.347951, 3.891120, -0.172058, -3.032080
1645527047.447732, 3.872853, -0.174095, -3.028589
1645527047.547521, 3.854762, -0.176175, -3.024575
1645527047.666651, 3.832786, -0.178809, -3.019688
1645527047.766331, 3.814585, -0.181040, -3.018117
1645527047.846302, 3.800028, -0.182867, -3.014627
1645527047.946177, 3.781715, -0.185231, -3.010612
1645527048.005070, 3.770807, -0.186674, -3.008518
1645527048.145076, 3.743813, -0.188976, -3.006354
1645527048.224864, 3.729192, -0.190963, -3.006354
1645527048.324741, 3.710941, -0.193474, -3.001467
1645527048.464614, 3.685358, -0.197132, -2.996231
1645527048.563497, 3.667089, -0.199822, -2.993438
1645527048.742482, 3.634033, -0.204841, -2.986981
1645527048.822273, 3.619372, -0.207142, -2.983665
1645527048.942042, 3.597392, -0.210670, -2.980872
1645527049.042005, 3.579042, -0.213668, -2.978254
1645527049.140919, 3.560783, -0.216698, -2.976160
1645527049.241185, 3.542006, -0.219148, -2.969405
1645527049.320692, 3.527260, -0.221724, -2.966787
1645527049.420519, 3.508998, -0.224986, -2.962772
1645527049.559525, 3.483327, -0.229693, -2.956664
1645527049.659292, 3.464971, -0.233154, -2.954046
1645527049.739271, 3.450313, -0.235966, -2.948810
1645527049.838190, 3.431941, -0.239569, -2.946890
1645527049.938039, 3.413577, -0.243212, -2.944097
1645527050.038904, 3.395186, -0.246935, -2.936418
1645527050.156898, 3.373196, -0.251574, -2.930484
1645527050.237679, 3.358480, -0.254747, -2.926818
1645527050.336622, 3.338344, -0.254801, -2.924426
1645527050.476565, 3.312665, -0.260542, -2.918143
1645527050.536541, 3.301688, -0.263045, -2.915699
1645527050.636259, 3.283324, -0.267294, -2.912732
1645527050.755221, 3.261481, -0.272399, -2.910638
1645527050.855169, 3.242977, -0.276800, -2.905053
1645527050.934962, 3.228265, -0.280373, -2.899642
1645527051.053758, 3.206467, -0.285843, -2.889519
1645527051.153731, 3.187973, -0.290641, -2.887250
1645527051.253591, 3.169699, -0.295431, -2.882189
1645527051.352483, 3.151362, -0.300319, -2.878873
1645527051.452384, 3.132722, -0.303305, -2.873658
1645527051.552362, 3.114475, -0.308363, -2.867899
1645527051.632165, 3.099869, -0.312503, -2.861267
1645527051.751090, 3.077967, -0.318895, -2.853064
1645527051.851124, 3.059793, -0.324358, -2.842592
1645527051.950998, 3.041681, -0.330024, -2.831770
1645527052.010947, 3.030965, -0.333477, -2.827407
1645527052.150619, 3.005520, -0.341833, -2.819379
1645527052.249446, 2.987525, -0.347859, -2.817284
1645527052.349335, 2.969515, -0.353976, -2.808034
1645527052.428467, 2.955183, -0.358983, -2.801925
1645527052.568086, 2.929788, -0.366049, -2.792369
1645527052.628165, 2.919251, -0.369894, -2.789926
1645527052.747999, 2.897772, -0.377837, -2.783293
1645527052.866859, 2.876429, -0.385902, -2.777010
1645527052.966907, 2.858584, -0.392726, -2.774218
1645527053.026824, 2.847762, -0.396901, -2.771251
1645527053.106793, 2.833573, -0.402422, -2.770029
1645527053.225443, 2.812045, -0.410836, -2.768458
1645527053.345222, 2.790848, -0.419161, -2.765666
1645527053.445088, 2.773100, -0.426234, -2.757114
1645527053.524090, 2.764009, -0.433997, -2.747195
1645527053.644400, 2.743114, -0.442837, -2.736549
1645527053.764003, 2.721939, -0.452102, -2.717874
1645527053.842856, 2.708322, -0.458318, -2.705308
1645527053.962701, 2.688216, -0.467775, -2.700421
1645527054.002702, 2.681547, -0.470931, -2.695883
1645527054.242489, 2.642935, -0.489726, -2.674764
1645527054.341251, 2.627365, -0.497587, -2.676161
1645527054.441188, 2.611838, -0.505346, -2.681047
1645527054.541015, 2.596392, -0.512979, -2.677731
1645527054.640898, 2.581276, -0.520697, -2.659231
1645527054.759882, 2.563309, -0.530146, -2.653122
1645527054.839624, 2.553645, -0.535314, -2.646315
1645527054.959609, 2.551282, -0.536593, -2.642825
1645527055.058488, 2.551320, -0.536573, -2.645094
1645527055.158539, 2.551320, -0.536573, -2.645268
1645527055.218369, 2.551320, -0.536573, -2.645268
1645527055.437090, 2.551320, -0.536573, -2.645443
1645527055.536990, 2.551320, -0.536573, -2.645443
1645527055.656857, 2.551320, -0.536573, -2.645443
1645527055.736748, 2.551320, -0.536573, -2.645443
1645527055.855609, 2.551320, -0.536573, -2.645443
1645527055.935483, 2.549469, -0.539073, -2.644999
1645527056.055398, 2.543238, -0.542522, -2.618645
1645527056.154486, 2.534829, -0.547404, -2.612885
1645527056.274341, 2.521840, -0.555262, -2.574313
1645527056.354225, 2.515170, -0.559554, -2.561398
1645527056.453012, 2.508108, -0.564261, -2.540279
1645527056.553010, 2.498949, -0.570734, -2.506071
1645527056.632920, 2.490057, -0.577428, -2.484080
1645527056.752783, 2.478451, -0.586540, -2.462089
1645527056.872638, 2.469054, -0.594248, -2.439225
1645527056.931575, 2.465158, -0.597566, -2.429800
1645527057.031517, 2.460130, -0.605434, -2.411725
1645527057.151539, 2.452137, -0.612869, -2.366346
1645527057.270212, 2.443413, -0.621634, -2.338770
1645527057.350104, 2.441344, -0.623787, -2.326902
1645527057.450109, 2.438799, -0.626544, -2.300024
1645527057.529078, 2.434074, -0.631930, -2.276811
1645527057.648763, 2.428963, -0.637996, -2.266339
1645527057.728706, 2.427239, -0.637531, -2.256755
1645527057.848513, 2.425648, -0.639535, -2.231971
1645527057.888504, 2.424211, -0.641389, -2.222895
1645527057.908526, 2.424108, -0.641525, -2.216612
1645527058.127461, 2.423388, -0.642530, -2.160762
1645527058.227139, 2.423175, -0.642849, -2.138770
1645527058.307100, 2.422925, -0.643247, -2.121317
1645527058.425993, 2.421861, -0.645045, -2.090599
1645527058.546158, 2.420407, -0.647652, -2.055867
1645527058.565828, 2.420168, -0.648104, -2.051329
1645527058.605845, 2.420206, -0.648028, -2.045570
1645527058.625693, 2.420265, -0.647915, -2.042079
1645527058.665915, 2.423951, -0.650785, -2.032133
1645527059.342957, 2.417322, -0.668508, -1.877672
1645527059.582006, 2.416106, -0.672462, -1.839100
1645527059.781455, 2.416117, -0.672421, -1.841369
1645527060.498733, 2.416117, -0.672421, -1.841718
1645527061.974105, 2.416117, -0.672421, -1.841718
1645527062.610406, 2.416117, -0.672421, -1.841718
1645527062.730272, 2.416117, -0.672421, -1.841718
1645527063.108993, 2.416117, -0.672421, -1.841718
1645527063.228762, 2.416117, -0.672421, -1.841718
1645527063.347622, 2.416117, -0.672421, -1.841718
1645527063.447537, 2.416117, -0.672421, -1.841718
1645527063.547513, 2.416117, -0.672421, -1.841543
1645527063.646320, 2.414839, -0.677023, -1.841543
1645527063.766203, 2.408557, -0.681202, -1.827225
1645527063.846162, 2.406556, -0.688833, -1.828796
1645527063.965114, 2.403786, -0.699305, -1.833159
1645527064.045022, 2.402261, -0.704945, -1.836999
1645527064.164849, 2.400300, -0.712013, -1.856198
1645527064.264811, 2.399882, -0.713446, -1.845202
1645527064.363598, 2.399940, -0.713241, -1.835952
1645527064.463447, 2.399951, -0.713200, -1.817451
1645527064.543442, 2.399952, -0.713200, -1.803140
1645527064.643363, 2.399904, -0.713407, -1.783417
1645527064.762506, 2.399904, -0.713407, -1.781323
1645527064.862273, 2.399904, -0.713407, -1.780974
1645527064.962110, 2.399904, -0.713407, -1.780974
1645527065.020928, 2.399904, -0.713407, -1.781149
1645527065.141139, 2.399904, -0.713407, -1.781149
1645527065.260875, 2.399904, -0.713407, -1.781149
1645527065.340662, 2.399904, -0.713407, -1.781149
1645527065.459450, 2.399904, -0.713407, -1.781149
1645527065.559402, 2.399904, -0.713407, -1.781149
1645527065.660252, 2.399904, -0.713407, -1.781149
1645527065.738165, 2.399904, -0.713407, -1.781149
1645527065.838124, 2.399904, -0.713407, -1.781149
1645527065.937974, 2.399904, -0.713407, -1.781149
1645527066.057895, 2.399904, -0.713407, -1.781149
1645527066.156664, 2.399904, -0.713407, -1.781149
1645527066.236659, 2.399904, -0.713407, -1.781149
1645527066.357507, 2.399904, -0.713407, -1.781149
1645527066.456323, 2.399904, -0.713407, -1.781149
1645527066.515336, 2.399904, -0.713407, -1.781149
1645527066.615350, 2.399904, -0.713407, -1.781149
1645527066.715123, 2.399904, -0.713407, -1.781149
1645527066.834935, 2.399904, -0.713407, -1.781149
1645527066.955030, 2.399904, -0.713407, -1.781149
1645527067.054837, 2.399904, -0.713407, -1.781149
1645527067.153636, 2.399904, -0.713407, -1.781149
1645527067.253579, 2.399904, -0.713407, -1.781149
1645527067.352510, 2.399904, -0.713407, -1.781149
1645527067.452324, 2.399904, -0.713407, -1.781149
1645527067.552152, 2.399904, -0.713407, -1.781149
1645527067.671254, 2.399904, -0.713407, -1.781149
1645527067.730934, 2.399904, -0.713407, -1.781149
1645527067.850880, 2.399904, -0.713407, -1.781149
1645527067.930833, 2.399904, -0.713407, -1.781149
1645527068.069690, 2.399904, -0.713407, -1.781149
1645527068.129476, 2.399904, -0.713407, -1.781149
1645527068.249317, 2.399904, -0.713407, -1.781149
1645527068.329263, 2.399904, -0.713407, -1.781149
1645527068.428546, 2.399904, -0.713407, -1.781149
1645527068.528131, 2.399904, -0.713407, -1.781149
1645527068.667932, 2.399904, -0.713407, -1.781149
1645527068.748452, 2.399904, -0.713407, -1.781149
1645527068.847993, 2.399904, -0.713407, -1.781149
1645527068.946605, 2.399904, -0.713407, -1.781149
1645527069.046531, 2.399904, -0.713407, -1.781149
1645527069.145462, 2.399904, -0.713407, -1.781149
1645527069.245420, 2.399904, -0.713407, -1.781149
1645527069.345285, 2.399904, -0.713407, -1.781149
1645527069.445058, 2.399904, -0.713407, -1.781149
1645527069.545047, 2.399904, -0.713407, -1.781149
1645527069.664057, 2.399904, -0.713407, -1.781149
1645527069.743908, 2.399904, -0.713407, -1.781149
1645527069.863999, 2.399904, -0.713407, -1.781149
1645527069.942547, 2.399904, -0.713407, -1.781149
1645527070.043422, 2.399904, -0.713407, -1.781149
1645527070.142362, 2.399904, -0.713407, -1.781149
1645527070.242237, 2.399904, -0.713407, -1.781149
1645527070.341110, 2.399904, -0.713407, -1.781149
1645527070.441309, 2.399904, -0.713407, -1.781149
1645527070.540948, 2.399904, -0.713407, -1.781149
1645527070.660815, 2.399904, -0.713407, -1.781149
1645527070.740690, 2.399904, -0.713407, -1.781149
1645527070.839629, 2.399904, -0.713407, -1.781149
1645527070.939465, 2.399904, -0.713407, -1.781149
1645527071.038574, 2.399904, -0.713407, -1.781149
1645527071.139390, 2.399904, -0.713407, -1.781149
1645527071.259139, 2.399904, -0.713407, -1.781149
1645527071.358011, 2.399904, -0.713407, -1.781149
1645527071.457973, 2.399904, -0.713407, -1.781149
1645527071.536848, 2.399904, -0.713407, -1.781149
1645527071.656670, 2.399904, -0.713407, -1.781149
1645527071.776708, 2.399904, -0.713407, -1.781149
1645527071.856639, 2.399904, -0.713407, -1.781149
1645527071.935396, 2.399904, -0.713407, -1.781149
1645527072.055529, 2.399904, -0.713407, -1.781149
1645527072.155417, 2.399904, -0.713407, -1.781149
1645527072.234119, 2.399904, -0.713407, -1.781149
1645527072.333957, 2.399904, -0.713407, -1.781149
1645527072.433946, 2.399904, -0.713407, -1.781149
1645527072.533832, 2.399904, -0.713407, -1.781149
1645527072.652641, 2.399904, -0.713407, -1.781149
1645527072.752509, 2.399904, -0.713407, -1.781149
