1645526860.143679, -nan, -nan, -nan
1645526860.223694, 0.004366, -2.409696, -0.000577
1645526860.343663, 0.004366, -2.409696, -0.000577
1645526860.423554, 0.004366, -2.409696, -0.000577
1645526860.523556, 0.004366, -2.409696, -0.000577
1645526860.623549, 0.004366, -2.409696, -0.000577
1645526860.724468, 0.004366, -2.409696, -0.000577
1645526860.824593, 0.004366, -2.409696, -0.000577
1645526860.923466, 0.004366, -2.409696, -0.000577
1645526861.003415, 0.004366, -2.409696, -0.000577
1645526861.123432, 0.004366, -2.409696, -0.000577
1645526861.223396, 0.004366, -2.409696, -0.000577
1645526861.323587, 0.004366, -2.409696, -0.000577
1645526861.423340, 0.004366, -2.409696, -0.000577
1645526861.523310, 0.004366, -2.409696, -0.000577
1645526861.603328, 0.004366, -2.409696, -0.000577
1645526861.724214, 0.004366, -2.409696, -0.000577
1645526861.823246, 0.004366, -2.409696, -0.000577
1645526861.923192, 0.004366, -2.409696, -0.000577
1645526862.023235, 0.004366, -2.409696, -0.000577
1645526862.123137, 0.004366, -2.409696, -0.000577
1645526862.223257, 0.004366, -2.409696, -0.000577
1645526862.323019, 0.004366, -2.409696, -0.000577
1645526862.423137, 0.004366, -2.409696, -0.000577
1645526862.543029, 0.004366, -2.409696, -0.000577
1645526862.622985, 0.004366, -2.409696, -0.000577
1645526862.722893, 0.004366, -2.409696, -0.000577
1645526862.822939, 0.004366, -2.409696, -0.000577
1645526862.922981, 0.004366, -2.409696, -0.000577
1645526863.042838, 0.004366, -2.409696, -0.000577
1645526863.102815, 0.004366, -2.409696, -0.000577
1645526863.242753, 0.004366, -2.409696, -0.000577
1645526863.342717, 0.004366, -2.409696, -0.000577
1645526863.423388, 0.004366, -2.409696, -0.000577
1645526863.522714, 0.004366, -2.409696, -0.000577
1645526863.642715, 0.004366, -2.409696, -0.000577
1645526863.742549, 0.004366, -2.409696, -0.000577
1645526863.821727, 0.004366, -2.409696, -0.000577
1645526863.941607, 0.004366, -2.409696, -0.000577
1645526864.041667, 0.004366, -2.409696, -0.000577
1645526864.122379, 0.004366, -2.409696, -0.000577
1645526864.241510, 0.004366, -2.409696, -0.000577
1645526864.322430, 0.004366, -2.409696, -0.000577
1645526864.422434, 0.004366, -2.409696, -0.000577
1645526864.522486, 0.004366, -2.409696, -0.000577
1645526864.621373, 0.004366, -2.409696, -0.000577
1645526864.721296, 0.004366, -2.409696, -0.000577
1645526864.821262, 0.004366, -2.409696, -0.000577
1645526864.921268, 0.004366, -2.409696, -0.000577
1645526865.021273, 0.004366, -2.409696, -0.000577
1645526865.122166, 0.004366, -2.409696, -0.000577
1645526865.242306, 0.004366, -2.409696, -0.000577
1645526865.322225, 0.004366, -2.409696, -0.000577
1645526865.422252, 0.004366, -2.409696, -0.000577
1645526865.542214, 0.004366, -2.409696, -0.000577
1645526865.621267, 0.004366, -2.409696, -0.000577
1645526865.741027, 0.004366, -2.409696, -0.000577
1645526865.821016, 0.004366, -2.409696, -0.000577
1645526865.920950, 0.004366, -2.409696, -0.000577
1645526866.040924, 0.004366, -2.409696, -0.000577
1645526866.101790, 0.004366, -2.409696, -0.000577
1645526866.221833, 0.004366, -2.409696, -0.000577
1645526866.321794, 0.004366, -2.409696, -0.000577
1645526866.421882, 0.004366, -2.409696, -0.000577
1645526866.520748, 0.004366, -2.409696, -0.000577
1645526866.641669, 0.004366, -2.409696, -0.000577
1645526866.700652, 0.004366, -2.409696, -0.000577
1645526866.820619, 0.004366, -2.409696, -0.000577
1645526866.920569, 0.004366, -2.409696, -0.000577
1645526867.021569, 0.004366, -2.409696, -0.000577
1645526867.141484, 0.004366, -2.409696, -0.000577
1645526867.221492, 0.004366, -2.409696, -0.000577
1645526867.321704, 0.004366, -2.409696, -0.000577
1645526867.400479, 0.004366, -2.409696, -0.000577
1645526867.520533, 0.004366, -2.409696, -0.000577
1645526867.640408, 0.004366, -2.409696, -0.000577
1645526867.720387, 0.004366, -2.409696, -0.000577
1645526867.820396, 0.004366, -2.409696, -0.000577
1645526867.921243, 0.004366, -2.409696, -0.000577
1645526868.021319, 0.004366, -2.409696, -0.000577
1645526868.121129, 0.004366, -2.409696, -0.000577
1645526868.221224, 0.004366, -2.409696, -0.000577
1645526868.321116, 0.004366, -2.409696, -0.000577
1645526868.441256, 0.004366, -2.409696, -0.000577
1645526868.520247, 0.004366, -2.409696, -0.000577
1645526868.620083, 0.004366, -2.409696, -0.000577
1645526868.740195, 0.004366, -2.409696, -0.000577
1645526868.820925, 0.004366, -2.409696, -0.000577
1645526868.940090, 0.004366, -2.409696, -0.000577
1645526869.020074, 0.004366, -2.409696, -0.000577
1645526869.140896, 0.004366, -2.409696, -0.000577
1645526869.240042, 0.004366, -2.409696, -0.000577
1645526869.320270, 0.004366, -2.409696, -0.000577
1645526869.420514, 0.004366, -2.409696, -0.000577
1645526869.519730, 0.004366, -2.409696, -0.000577
1645526869.619969, 0.004366, -2.409696, -0.000577
1645526869.739582, 0.004366, -2.409696, -0.000577
1645526869.839612, 0.004366, -2.409696, -0.000577
1645526869.900695, 0.004366, -2.409696, -0.000577
1645526870.019820, 0.004366, -2.409696, -0.000577
1645526870.120739, 0.004366, -2.409696, -0.000577
1645526870.220668, 0.004366, -2.409696, -0.000577
1645526870.340546, 0.004366, -2.409696, -0.000577
1645526870.419563, 0.004366, -2.409696, -0.000577
1645526870.519747, 0.004366, -2.409696, -0.000577
1645526870.619424, 0.004366, -2.409696, -0.000577
1645526870.739363, 0.004366, -2.409696, -0.000577
1645526870.819337, 0.004366, -2.409696, -0.000577
1645526870.919349, 0.004366, -2.409696, -0.000577
1645526871.020369, 0.004366, -2.409696, -0.000577
1645526871.139385, 0.004366, -2.409696, -0.000577
1645526871.240478, 0.004366, -2.409696, -0.000577
1645526871.319195, 0.004366, -2.409696, -0.000577
1645526871.419510, 0.004366, -2.409696, -0.000577
1645526871.539187, 0.004366, -2.409696, -0.000577
1645526871.639334, 0.004366, -2.409696, -0.000577
1645526871.719336, 0.004366, -2.409696, -0.000577
1645526871.819052, 0.004366, -2.409696, -0.000577
1645526871.919192, 0.004366, -2.409696, -0.000577
1645526872.020216, 0.004366, -2.409696, -0.000577
1645526872.120281, 0.004366, -2.409696, -0.000577
1645526872.198953, 0.004366, -2.409696, -0.000577
1645526872.278943, 0.004366, -2.409696, -0.000577
1645526872.299084, 0.004366, -2.409696, -0.000577
1645526872.319117, 0.004366, -2.409696, -0.000577
1645526872.498924, 0.004366, -2.409696, -0.000577
1645526872.518996, 0.004366, -2.409696, -0.000577
1645526872.558869, 0.004366, -2.409696, -0.000577
1645526872.598830, 0.004366, -2.409696, -0.000577
1645526872.638909, 0.004366, -2.409696, -0.000577
1645526872.658897, 0.004366, -2.409696, -0.000577
1645526872.698874, 0.004366, -2.409696, -0.000577
1645526872.738750, 0.004366, -2.409696, -0.000577
1645526872.818766, 0.004366, -2.409696, -0.000577
1645526872.858785, 0.004366, -2.409696, -0.000577
1645526872.938731, 0.004366, -2.409696, -0.000577
1645526873.019823, 0.004366, -2.409696, -0.000577
1645526873.058600, 0.004366, -2.409696, -0.000577
1645526873.098626, 0.004366, -2.409696, -0.000577
1645526873.139587, 0.004366, -2.409696, -0.000577
1645526873.218466, 0.004366, -2.409696, -0.000577
1645526873.258605, 0.004366, -2.409696, -0.000577
1645526873.458533, 0.004366, -2.409696, -0.000577
1645526873.479553, 0.004366, -2.409696, -0.000577
1645526873.518562, 0.004366, -2.409696, -0.000577
1645526873.598571, 0.004366, -2.409696, -0.000577
1645526873.678587, 0.004366, -2.409696, -0.000577
1645526873.799452, 0.004366, -2.409696, -0.000577
1645526873.878625, 0.004366, -2.409696, -0.000577
1645526873.919686, 0.004366, -2.409696, -0.000577
1645526874.039391, 0.004366, -2.409696, -0.000577
1645526874.118404, 0.004366, -2.409696, -0.000577
1645526874.238395, 0.004366, -2.409696, -0.000577
1645526874.418335, 0.004366, -2.409696, -0.000577
1645526874.938206, 0.004366, -2.409696, -0.000577
1645526875.837787, 0.004366, -2.409696, -0.000577
1645526875.916528, 0.004366, -2.409696, -0.000577
1645526876.517565, 0.004366, -2.409696, -0.000577
1645526876.857638, 0.004366, -2.409696, -0.000577
1645526876.977491, 0.004366, -2.409696, -0.000577
1645526877.417310, 0.004366, -2.409696, -0.000577
1645526877.796183, 0.004366, -2.409696, -0.000577
1645526878.056841, 0.004366, -2.409696, -0.000577
1645526879.055725, 0.004366, -2.409696, -0.000577
1645526879.595704, 0.004366, -2.409696, -0.000577
1645526879.934499, 0.004366, -2.409696, -0.000577
1645526880.134531, 0.004366, -2.409696, -0.000577
1645526880.235527, 0.004366, -2.409696, -0.000577
1645526880.315201, 0.004366, -2.409696, -0.000577
1645526880.415405, 0.004366, -2.409696, -0.000577
1645526880.515411, 0.004366, -2.409696, -0.000577
1645526880.635528, 0.004366, -2.409696, -0.000577
1645526880.734367, 0.004366, -2.409696, -0.000577
1645526880.834480, 0.004366, -2.409696, -0.000577
1645526880.934386, 0.004366, -2.409696, -0.000577
1645526881.015228, 0.004366, -2.409696, -0.000577
1645526881.095368, 0.004366, -2.409696, -0.000577
1645526881.235533, 0.004366, -2.409696, -0.000577
1645526881.315088, 0.004366, -2.409696, -0.000577
1645526881.435003, 0.004366, -2.409696, -0.000577
1645526881.454089, 0.004366, -2.409696, -0.000577
1645526881.654839, 0.006328, -2.409697, -0.000403
1645526881.814054, 0.017584, -2.409552, 0.034853
1645526881.913803, 0.028919, -2.409101, 0.049688
1645526882.013917, 0.034197, -2.408783, 0.088783
1645526882.113763, 0.038825, -2.408346, 0.103619
1645526882.214688, 0.041154, -2.408070, 0.153535
1645526882.314674, 0.052980, -2.405092, 0.181199
1645526882.434360, 0.063484, -2.402827, 0.249266
1645526882.534645, 0.075378, -2.399603, 0.300230
1645526882.613639, 0.086564, -2.395943, 0.340896
1645526882.713619, 0.106346, -2.388249, 0.401740
1645526882.853288, 0.126088, -2.379133, 0.471553
1645526882.893327, 0.131538, -2.376304, 0.496511
1645526883.033471, 0.150202, -2.365399, 0.572259
1645526883.133567, 0.163174, -2.356646, 0.625840
1645526883.233298, 0.179895, -2.343469, 0.683555
1645526883.293260, 0.187170, -2.337412, 0.715320
1645526883.413409, 0.201071, -2.324623, 0.779374
1645526883.533456, 0.219686, -2.314462, 0.846095
1645526883.613113, 0.228075, -2.304635, 0.888506
1645526883.733436, 0.239790, -2.289438, 0.944706
1645526883.833390, 0.248914, -2.276306, 0.989037
1645526883.913354, 0.255916, -2.265396, 1.021675
1645526884.013363, 0.258132, -2.248506, 1.059165
1645526884.133299, 0.267505, -2.231226, 1.095991
1645526884.233201, 0.274724, -2.216719, 1.131247
1645526884.333659, 0.281506, -2.201860, 1.158823
1645526884.413150, 0.286799, -2.189560, 1.173135
1645526884.513591, 0.293041, -2.174328, 1.195999
1645526884.613170, 0.298984, -2.158795, 1.217641
1645526884.712993, 0.304632, -2.143106, 1.236665
1645526884.812943, 0.310021, -2.127236, 1.253246
1645526884.912849, 0.317491, -2.102626, 1.271874
1645526885.033144, 0.323040, -2.084211, 1.291422
1645526885.112934, 0.326794, -2.070604, 1.317776
1645526885.213003, 0.331030, -2.054167, 1.321267
1645526885.332964, 0.335820, -2.034485, 1.342909
1645526885.412807, 0.338909, -2.021106, 1.345527
1645526885.532768, 0.343147, -2.002170, 1.366995
1645526885.612708, 0.345877, -1.988451, 1.377816
1645526885.712709, 0.349159, -1.971625, 1.380608
1645526885.832834, 0.352874, -1.952102, 1.382353
1645526885.952748, 0.356682, -1.931903, 1.390207
1645526886.012686, 0.358522, -1.921748, 1.394396
1645526886.112541, 0.357159, -1.903811, 1.401081
1645526886.232630, 0.360673, -1.883255, 1.403525
1645526886.331632, 0.363554, -1.866096, 1.405794
1645526886.431521, 0.366436, -1.848764, 1.407016
1645526886.511509, 0.368709, -1.834875, 1.410157
1645526886.631587, 0.372099, -1.813910, 1.411902
1645526886.712545, 0.374339, -1.799887, 1.413124
1645526886.811455, 0.377098, -1.782362, 1.416964
1645526886.931423, 0.380332, -1.761156, 1.422374
1645526886.971505, 0.381358, -1.754281, 1.423771
1645526887.132457, 0.385497, -1.725751, 1.430577
1645526887.211525, 0.383350, -1.713665, 1.437633
1645526887.311224, 0.385674, -1.696077, 1.441648
1645526887.411525, 0.387980, -1.678014, 1.446011
1645526887.531270, 0.390678, -1.656389, 1.446011
1645526887.631243, 0.392955, -1.638408, 1.443567
1645526887.731250, 0.395144, -1.621276, 1.444789
1645526887.792117, 0.396390, -1.611375, 1.446185
1645526887.851474, 0.397663, -1.601219, 1.446535
1645526888.032052, 0.401210, -1.572695, 1.449153
1645526888.111120, 0.402661, -1.560800, 1.449502
1645526888.231153, 0.404783, -1.543358, 1.450200
1645526888.331091, 0.406373, -1.530191, 1.451072
1645526888.430955, 0.407959, -1.516980, 1.450025
1645526888.611106, 0.411254, -1.488704, 1.443058
1645526888.710856, 0.412696, -1.477495, 1.440440
1645526888.812065, 0.414151, -1.466632, 1.434506
1645526888.910879, 0.415703, -1.455395, 1.431888
1645526889.010767, 0.417164, -1.445092, 1.427699
1645526889.110745, 0.418668, -1.434753, 1.423860
1645526889.210858, 0.420176, -1.424715, 1.420194
1645526889.350703, 0.422375, -1.410427, 1.415307
1645526889.430741, 0.424307, -1.398211, 1.409722
1645526889.530623, 0.425984, -1.388288, 1.399949
1645526889.610539, 0.427162, -1.381437, 1.396109
1645526889.710662, 0.429169, -1.370706, 1.370278
1645526889.810678, 0.429937, -1.366945, 1.364344
1645526889.930630, 0.429818, -1.367530, 1.366787
1645526890.030587, 0.429951, -1.366905, 1.351603
1645526890.130638, 0.429857, -1.367321, 1.339735
1645526890.230626, 0.429806, -1.367528, 1.321758
1645526890.270546, 0.429785, -1.367610, 1.313729
1645526890.430535, 0.429868, -1.367323, 1.281964
1645526890.530417, 0.429854, -1.367364, 1.264686
1645526890.569488, 0.429829, -1.367445, 1.259450
1645526890.589457, 0.429803, -1.367526, 1.256657
1645526890.610579, 0.429789, -1.367567, 1.251596
1645526890.630465, 0.429776, -1.367607, 1.247930
1645526890.669486, 0.432565, -1.371574, 1.247687
1645526891.329344, 0.432601, -1.371451, 1.156755
1645526891.449282, 0.432601, -1.371451, 1.156755
1645526891.610410, 0.432601, -1.371451, 1.156755
1645526892.390115, 0.432601, -1.371451, 1.156755
1645526892.548948, 0.432601, -1.371451, 1.156755
1645526892.929034, 0.432601, -1.371451, 1.156755
1645526893.648797, 0.432601, -1.371451, 1.156755
1645526894.768270, 0.432601, -1.371451, 1.156755
1645526895.807143, 0.432601, -1.371451, 1.156755
1645526895.926696, 0.432601, -1.371451, 1.156755
1645526896.007924, 0.432601, -1.371451, 1.156755
1645526896.128059, 0.432601, -1.371451, 1.156755
1645526896.227693, 0.432601, -1.371451, 1.156755
1645526896.328005, 0.432601, -1.371451, 1.156755
1645526896.427747, 0.432601, -1.371451, 1.156755
1645526896.506768, 0.432601, -1.371451, 1.156755
1645526896.606782, 0.432601, -1.371451, 1.156755
1645526896.726724, 0.432601, -1.371451, 1.156755
1645526896.826771, 0.432601, -1.371451, 1.156755
1645526896.926608, 0.432601, -1.371451, 1.156755
1645526897.027798, 0.432601, -1.371451, 1.156755
1645526897.127599, 0.432601, -1.371451, 1.156755
1645526897.207524, 0.432601, -1.371451, 1.156755
1645526897.327532, 0.432601, -1.371451, 1.156755
1645526897.406599, 0.432601, -1.371451, 1.156755
1645526897.526465, 0.432601, -1.371451, 1.156755
1645526897.626412, 0.432601, -1.371451, 1.156755
1645526897.726421, 0.432601, -1.371451, 1.156755
1645526897.826395, 0.432601, -1.371451, 1.156755
1645526897.926453, 0.432601, -1.371451, 1.156755
1645526898.007324, 0.432601, -1.371451, 1.156755
1645526898.127250, 0.432601, -1.371451, 1.156755
1645526898.227252, 0.432601, -1.371451, 1.156755
1645526898.347138, 0.432601, -1.371451, 1.156755
1645526898.427344, 0.432601, -1.371451, 1.156755
1645526898.526157, 0.432601, -1.371451, 1.156755
1645526898.646196, 0.432601, -1.371451, 1.156755
1645526898.726151, 0.432601, -1.371451, 1.156755
1645526898.825882, 0.432601, -1.371451, 1.156755
1645526898.927361, 0.432601, -1.371451, 1.156755
1645526899.006831, 0.432601, -1.371451, 1.156755
1645526899.107155, 0.432601, -1.371451, 1.156755
1645526899.226782, 0.432601, -1.371451, 1.156755
1645526899.326785, 0.432601, -1.371451, 1.156755
1645526899.425776, 0.432601, -1.371451, 1.156755
1645526899.525698, 0.432601, -1.371451, 1.156755
1645526899.625760, 0.432601, -1.371451, 1.156755
1645526899.725668, 0.432601, -1.371451, 1.156755
1645526899.825609, 0.432601, -1.371451, 1.156755
1645526899.905691, 0.432601, -1.371451, 1.156755
1645526900.025737, 0.432601, -1.371451, 1.156755
1645526900.125627, 0.432601, -1.371451, 1.156755
1645526900.245554, 0.432601, -1.371451, 1.156755
1645526900.325616, 0.432601, -1.371451, 1.156755
1645526900.425684, 0.432601, -1.371451, 1.156755
1645526900.525491, 0.432601, -1.371451, 1.156755
1645526900.625409, 0.432601, -1.371451, 1.156755
1645526900.745340, 0.432601, -1.371451, 1.156755
1645526900.845450, 0.432601, -1.371451, 1.156755
1645526900.925333, 0.432601, -1.371451, 1.156755
1645526901.025294, 0.432601, -1.371451, 1.156755
1645526901.105407, 0.432601, -1.371451, 1.156755
1645526901.226484, 0.432601, -1.371451, 1.156755
1645526901.325235, 0.432601, -1.371451, 1.156755
1645526901.445206, 0.432601, -1.371451, 1.156755
1645526901.525365, 0.432601, -1.371451, 1.156755
1645526901.625104, 0.432601, -1.371451, 1.156755
1645526901.725129, 0.432601, -1.371451, 1.156755
1645526901.824987, 0.432601, -1.371451, 1.156755
1645526901.945023, 0.432601, -1.371451, 1.156755
1645526902.026074, 0.432601, -1.371451, 1.156755
1645526902.126183, 0.432601, -1.371451, 1.156755
1645526902.205157, 0.432601, -1.371451, 1.156755
1645526902.345790, 0.432601, -1.371451, 1.156755
1645526902.425141, 0.432601, -1.371451, 1.156755
1645526902.524806, 0.432601, -1.371451, 1.156755
1645526902.624875, 0.432601, -1.371451, 1.156755
1645526902.724885, 0.432601, -1.371451, 1.156755
1645526902.844935, 0.432601, -1.371451, 1.156755
1645526902.905686, 0.432601, -1.371451, 1.156755
1645526903.025729, 0.432601, -1.371451, 1.156755
1645526903.144620, 0.432601, -1.371451, 1.156755
1645526903.224642, 0.432601, -1.371451, 1.156755
1645526903.324847, 0.432601, -1.371451, 1.156755
1645526903.424576, 0.432601, -1.371451, 1.156755
1645526903.524656, 0.432601, -1.371451, 1.156755
1645526903.604576, 0.432601, -1.371451, 1.156755
1645526903.704482, 0.432601, -1.371451, 1.156755
1645526903.804585, 0.432601, -1.371451, 1.156755
1645526903.924680, 0.432601, -1.371451, 1.156755
1645526904.024615, 0.432601, -1.371451, 1.156755
1645526904.144371, 0.432601, -1.371451, 1.156755
1645526904.224374, 0.432601, -1.371451, 1.156755
1645526904.304377, 0.432601, -1.371451, 1.156755
1645526904.404306, 0.432601, -1.371451, 1.156755
1645526904.524205, 0.432601, -1.371451, 1.156755
1645526904.624202, 0.432601, -1.371451, 1.156755
1645526904.724119, 0.432601, -1.371451, 1.156755
1645526904.804135, 0.432601, -1.371451, 1.156755
1645526904.924278, 0.432601, -1.371451, 1.156755
1645526905.023081, 0.432601, -1.371451, 1.156755
1645526905.122970, 0.432601, -1.371451, 1.156755
1645526905.243035, 0.432601, -1.371451, 1.156755
1645526905.322901, 0.432601, -1.371451, 1.156755
1645526905.422930, 0.432601, -1.371451, 1.156755
1645526905.524115, 0.432601, -1.371451, 1.156755
1645526905.623852, 0.432601, -1.371451, 1.156755
1645526905.724009, 0.432601, -1.371451, 1.156755
1645526905.823855, 0.432601, -1.371451, 1.156755
1645526905.902871, 0.432601, -1.371451, 1.156755
1645526905.943893, 0.432601, -1.371451, 1.156755
1645526906.122724, 0.432601, -1.371451, 1.156755
1645526906.222638, 0.432601, -1.371451, 1.156755
1645526906.342621, 0.432601, -1.371451, 1.156755
1645526906.423679, 0.432601, -1.371451, 1.156755
1645526906.503797, 0.432601, -1.371451, 1.156755
1645526906.623772, 0.432601, -1.371451, 1.156755
1645526906.743618, 0.432601, -1.371451, 1.156755
1645526906.843706, 0.432601, -1.371451, 1.156755
1645526906.943583, 0.432601, -1.371451, 1.156755
1645526907.022514, 0.432601, -1.371451, 1.156755
1645526907.122544, 0.432601, -1.371451, 1.156755
1645526907.222419, 0.432601, -1.371451, 1.156755
1645526907.342441, 0.432601, -1.371451, 1.156755
1645526907.423385, 0.432601, -1.371451, 1.156755
1645526907.503431, 0.432601, -1.371451, 1.156755
1645526907.622361, 0.432601, -1.371451, 1.156755
1645526907.742438, 0.432601, -1.371451, 1.156755
1645526907.843310, 0.432601, -1.371451, 1.156755
1645526907.922373, 0.432601, -1.371451, 1.156755
1645526908.022198, 0.432601, -1.371451, 1.156755
1645526908.122285, 0.432601, -1.371451, 1.156755
1645526908.222163, 0.432601, -1.371451, 1.156755
1645526908.283018, 0.432601, -1.371451, 1.156755
1645526908.342208, 0.432601, -1.371451, 1.156755
1645526908.503080, 0.432601, -1.371451, 1.156755
1645526908.522225, 0.432601, -1.371451, 1.156755
1645526908.562191, 0.432601, -1.371451, 1.156755
1645526908.582226, 0.432601, -1.371451, 1.156755
1645526908.662135, 0.432601, -1.371451, 1.156755
1645526909.361854, 0.449736, -1.331563, 1.201435
1645526909.401849, 0.450485, -1.329613, 1.216620
1645526909.481665, 0.450411, -1.329813, 1.232153
1645526909.821725, 0.450632, -1.329077, 1.300046
1645526909.961699, 0.450643, -1.329036, 1.324132
1645526910.241549, 0.450844, -1.328163, 1.381204
1645526910.281510, 0.450860, -1.328080, 1.389582
1645526910.301572, 0.450868, -1.328038, 1.396912
1645526910.541478, 0.450867, -1.328038, 1.429375
1645526910.821275, 0.450867, -1.328038, 1.428503
1645526911.341651, 0.450867, -1.328038, 1.428503
1645526912.300139, 0.450867, -1.328038, 1.428503
1645526912.420842, 0.450867, -1.328038, 1.428503
1645526912.519844, 0.450867, -1.328038, 1.428503
1645526912.619641, 0.450867, -1.328038, 1.428503
1645526912.699941, 0.450867, -1.328038, 1.428503
1645526912.819784, 0.450867, -1.328038, 1.428503
1645526912.919934, 0.450867, -1.328038, 1.428503
1645526913.019844, 0.450867, -1.328038, 1.428503
1645526913.119902, 0.450867, -1.328038, 1.428503
1645526913.239896, 0.450867, -1.328038, 1.428503
1645526913.320649, 0.450867, -1.328038, 1.428503
1645526913.440736, 0.450867, -1.328038, 1.428503
1645526913.519730, 0.450867, -1.328038, 1.428503
1645526913.639565, 0.450867, -1.328038, 1.428503
1645526913.699512, 0.450867, -1.328038, 1.428503
1645526913.819473, 0.451889, -1.320903, 1.432168
1645526913.939543, 0.453048, -1.312238, 1.442116
1645526914.039372, 0.456887, -1.300801, 1.441599
1645526914.139306, 0.457268, -1.297711, 1.467255
1645526914.220451, 0.457331, -1.297032, 1.489072
1645526914.320242, 0.457293, -1.297499, 1.504081
1645526914.440254, 0.457308, -1.297201, 1.526596
1645526914.539210, 0.457324, -1.296775, 1.544922
1645526914.619352, 0.457325, -1.296775, 1.560805
1645526914.719275, 0.457325, -1.296903, 1.583145
1645526914.819023, 0.457321, -1.296775, 1.608103
1645526914.939093, 0.459970, -1.300200, 1.641362
1645526915.019204, 0.459970, -1.300200, 1.658292
1645526915.139031, 0.459939, -1.299903, 1.684472
1645526915.239159, 0.459862, -1.299268, 1.707161
1645526915.340133, 0.459844, -1.299141, 1.726883
1645526915.419160, 0.459838, -1.299099, 1.744686
1645526915.518956, 0.459757, -1.298681, 1.778022
1645526915.598951, 0.463846, -1.302822, 1.803590
1645526915.718943, 0.463843, -1.302822, 1.859092
1645526915.819046, 0.463780, -1.302618, 1.881956
1645526915.919003, 0.463806, -1.302700, 1.926287
1645526915.998909, 0.463774, -1.302621, 1.947231
1645526916.098866, 0.463759, -1.302581, 1.982138
1645526916.218869, 0.466128, -1.306676, 2.033005
1645526916.318875, 0.466071, -1.306561, 2.070878
1645526916.398633, 0.466134, -1.306673, 2.111719
1645526916.518609, 0.465976, -1.306420, 2.149942
1645526916.618590, 0.465948, -1.306387, 2.195669
1645526916.718672, 0.460848, -1.304903, 2.214565
1645526916.818655, 0.460950, -1.305040, 2.265354
1645526916.938527, 0.460228, -1.304198, 2.294152
1645526917.038515, 0.457888, -1.301657, 2.347384
1645526917.118523, 0.456894, -1.300662, 2.376357
1645526917.217646, 0.456829, -1.300606, 2.407423
1645526917.317537, 0.462016, -1.300883, 2.452496
1645526917.417377, 0.461384, -1.300375, 2.492988
1645526917.537466, 0.461071, -1.300154, 2.545348
1645526917.637398, 0.460749, -1.299945, 2.589854
1645526917.737401, 0.460234, -1.299643, 2.637850
1645526917.837295, 0.455753, -1.301037, 2.680417
1645526917.937361, 0.455368, -1.300854, 2.733650
1645526918.018336, 0.454975, -1.300688, 2.768033
1645526918.117195, 0.454495, -1.300510, 2.817426
1645526918.238256, 0.456559, -1.298092, 2.877502
1645526918.337184, 0.456186, -1.298000, 2.924451
1645526918.437122, 0.455811, -1.297922, 2.973321
1645526918.517273, 0.455473, -1.297871, 3.013638
1645526918.617326, 0.453429, -1.296067, 3.059611
1645526918.737275, 0.452876, -1.296035, 3.116858
1645526918.817106, 0.452620, -1.296033, -3.127406
1645526918.937016, 0.452279, -1.296047, -3.069461
1645526919.037973, 0.451982, -1.296075, -3.019719
1645526919.117058, 0.451248, -1.297023, -2.989504
1645526919.217021, 0.450954, -1.297075, -2.937668
1645526919.316940, 0.450580, -1.297165, -2.891068
1645526919.416909, 0.450417, -1.297213, -2.838184
1645526919.516948, 0.455868, -1.303459, -2.782124
1645526919.636926, 0.454846, -1.303888, -2.725575
1645526919.736999, 0.450916, -1.305751, -2.666583
1645526919.776987, 0.444522, -1.308589, -2.650058
1645526919.936683, 0.442434, -1.309746, -2.569773
1645526920.036796, 0.438019, -1.312732, -2.511828
1645526920.136749, 0.432830, -1.316687, -2.466101
1645526920.236715, 0.427571, -1.319935, -2.404813
1645526920.336815, 0.421771, -1.325531, -2.344773
1645526920.436662, 0.414734, -1.333078, -2.279324
1645526920.516644, 0.413151, -1.337767, -2.229595
1645526920.616593, 0.406491, -1.346737, -2.173221
1645526920.696551, 0.402918, -1.352196, -2.122606
1645526920.796523, 0.397699, -1.361099, -2.070770
1645526920.916574, 0.383789, -1.378332, -1.990132
1645526921.036437, 0.376247, -1.396577, -1.921017
1645526921.136395, 0.370983, -1.412081, -1.864817
1645526921.216296, 0.365944, -1.425126, -1.814127
1645526921.316280, 0.362345, -1.441318, -1.752691
1645526921.416262, 0.359751, -1.457657, -1.691430
1645526921.516270, 0.358134, -1.474208, -1.630518
1645526921.616238, 0.360781, -1.490934, -1.570272
1645526921.696278, 0.361037, -1.504407, -1.520006
1645526921.816392, 0.362691, -1.524336, -1.446528
1645526921.876070, 0.364076, -1.534519, -1.413192
1645526922.036083, 0.367458, -1.563022, -1.324526
1645526922.116152, 0.370851, -1.575622, -1.285605
1645526922.216144, 0.376000, -1.591838, -1.227311
1645526922.316097, 0.377711, -1.607561, -1.167142
1645526922.395922, 0.383272, -1.619975, -1.119844
1645526922.496015, 0.390990, -1.635137, -1.063295
1645526922.596098, 0.399642, -1.649936, -1.011808
1645526922.716192, 0.406153, -1.663265, -0.945523
1645526922.816136, 0.416201, -1.676517, -0.888277
1645526922.915865, 0.427328, -1.689612, -0.839407
1645526923.035854, 0.441525, -1.704650, -0.780764
1645526923.136103, 0.452594, -1.718234, -0.726882
1645526923.215786, 0.463177, -1.727378, -0.690405
1645526923.335782, 0.479495, -1.740361, -0.646074
1645526923.435959, 0.493577, -1.750651, -0.608549
1645526923.515647, 0.505201, -1.758583, -0.582369
1645526923.615905, 0.519936, -1.768074, -0.554968
1645526923.715666, 0.531237, -1.783578, -0.529853
1645526923.835812, 0.549887, -1.794175, -0.503324
1645526923.915816, 0.562209, -1.800884, -0.488838
1645526923.995553, 0.574861, -1.807519, -0.474875
1645526924.095655, 0.590966, -1.815647, -0.456026
1645526924.215416, 0.610155, -1.824844, -0.433686
1645526924.315427, 0.626579, -1.832305, -0.415883
1645526924.415301, 0.643086, -1.839474, -0.400175
1645526924.535397, 0.662952, -1.847678, -0.378184
1645526924.615501, 0.676375, -1.852932, -0.363698
1645526924.735389, 0.696643, -1.860459, -0.342754
1645526924.814359, 0.710241, -1.865241, -0.329838
1645526924.914455, 0.730244, -1.873681, -0.316554
1645526925.014281, 0.747660, -1.879283, -0.302243
1645526925.134307, 0.768546, -1.885651, -0.288804
1645526925.234268, 0.786170, -1.890870, -0.285836
1645526925.315056, 0.800207, -1.894982, -0.283218
1645526925.435312, 0.821430, -1.901113, -0.278681
1645526925.535367, 0.838865, -1.906067, -0.272921
1645526925.614100, 0.853042, -1.910000, -0.267161
1645526925.735054, 0.874365, -1.915774, -0.261053
1645526925.834051, 0.891639, -1.920343, -0.255991
1645526925.934176, 0.909466, -1.924992, -0.253897
1645526926.034133, 0.922779, -1.932879, -0.253561
1645526926.114063, 0.937145, -1.936600, -0.251990
1645526926.214094, 0.954987, -1.941190, -0.251990
1645526926.295037, 0.969362, -1.944880, -0.250070
1645526926.414974, 0.990894, -1.950363, -0.247976
1645526926.514930, 1.008710, -1.954882, -0.247976
1645526926.553853, 1.016069, -1.956744, -0.247626
1645526926.593927, 1.023304, -1.958573, -0.247801
1645526926.713814, 1.044845, -1.964021, -0.247103
1645526926.733812, 1.048442, -1.964928, -0.246928
1645526926.813822, 1.062835, -1.968546, -0.245183
1645526926.854750, 1.070076, -1.970355, -0.244485
1645526926.953602, 1.088157, -1.974868, -0.245183
1645526927.573658, 1.198252, -2.006443, -0.241821
1645526927.733628, 1.227398, -2.013644, -0.241297
1645526927.793445, 1.238330, -2.016335, -0.241995
1645526927.813478, 1.241974, -2.017234, -0.241995
1645526927.833714, 1.245700, -2.018154, -0.241821
1645526927.874520, 1.252988, -2.019951, -0.241472
1645526927.953517, 1.267647, -2.023557, -0.240948
1645526928.033470, 1.282144, -2.027110, -0.239028
1645526928.153453, 1.304193, -2.032458, -0.237807
1645526928.194482, 1.311405, -2.034204, -0.236759
1645526928.353225, 1.335123, -2.044439, -0.241184
1645526928.733272, 1.403673, -2.061421, -0.245722
1645526929.652982, 1.478700, -2.080449, -0.245896
1645526930.712727, 1.478700, -2.080449, -0.245547
1645526930.831775, 1.478700, -2.080449, -0.245547
1645526930.932566, 1.478700, -2.080449, -0.245547
1645526931.032644, 1.478700, -2.080449, -0.245547
1645526931.132651, 1.478700, -2.080449, -0.245547
1645526931.252733, 1.478700, -2.080449, -0.245547
1645526931.352683, 1.478700, -2.080449, -0.245547
1645526931.431534, 1.478700, -2.080449, -0.245547
1645526931.531740, 1.478700, -2.080449, -0.245547
1645526931.631500, 1.478700, -2.080449, -0.245547
1645526931.731380, 1.478825, -2.080480, -0.245547
1645526931.851408, 1.487054, -2.082552, -0.255496
1645526931.911365, 1.492414, -2.083969, -0.261604
1645526932.012358, 1.502426, -2.086645, -0.261604
1645526932.131569, 1.517689, -2.090811, -0.271553
1645526932.232309, 1.528958, -2.094587, -0.277453
1645526932.331371, 1.542005, -2.098286, -0.277628
1645526932.431235, 1.553356, -2.101560, -0.284609
1645526932.531260, 1.563368, -2.104545, -0.295605
1645526932.631193, 1.577672, -2.108958, -0.305378
1645526932.691164, 1.586980, -2.111911, -0.309393
1645526932.831143, 1.605236, -2.117687, -0.307822
1645526932.951092, 1.622494, -2.123227, -0.310789
1645526933.012103, 1.628866, -2.125282, -0.313930
1645526933.132102, 1.642123, -2.129607, -0.321959
1645526933.232212, 1.657353, -2.134758, -0.328591
1645526933.330981, 1.667122, -2.138089, -0.329464
1645526933.430865, 1.679063, -2.142182, -0.331733
1645526933.491134, 1.684464, -2.144049, -0.334351
1645526933.650970, 1.701416, -2.149963, -0.338540
1645526933.730850, 1.712716, -2.153953, -0.343601
1645526933.830786, 1.722666, -2.162854, -0.358316
1645526933.930723, 1.733364, -2.166875, -0.365647
1645526934.030810, 1.742709, -2.170496, -0.376293
1645526934.131788, 1.749800, -2.173323, -0.392176
1645526934.230721, 1.750271, -2.173524, -0.419927
1645526934.330678, 1.750193, -2.173489, -0.418181
1645526934.430584, 1.750193, -2.173489, -0.417658
1645526934.530547, 1.750193, -2.173489, -0.417309
1645526934.650572, 1.750193, -2.173489, -0.417658
1645526934.710487, 1.750193, -2.173489, -0.417483
1645526934.850567, 1.750193, -2.173489, -0.417658
1645526934.930541, 1.750193, -2.173489, -0.417832
1645526935.031445, 1.750193, -2.173489, -0.418007
1645526935.131722, 1.750193, -2.173489, -0.418007
1645526935.230487, 1.750193, -2.173489, -0.418007
1645526935.310370, 1.750193, -2.173489, -0.418007
1645526935.410477, 1.750193, -2.173489, -0.418007
1645526935.550402, 1.750193, -2.173489, -0.418007
1645526935.630294, 1.750193, -2.173489, -0.418007
1645526935.730344, 1.750193, -2.173489, -0.418007
1645526935.830220, 1.750193, -2.173489, -0.418007
1645526935.910330, 1.750193, -2.173489, -0.418007
1645526936.031130, 1.750193, -2.173489, -0.418007
1645526936.130348, 1.750193, -2.173489, -0.418007
1645526936.251265, 1.750193, -2.173489, -0.418007
1645526936.330128, 1.750193, -2.173489, -0.418007
1645526936.410173, 1.750193, -2.173489, -0.418007
1645526936.510162, 1.750193, -2.173489, -0.418007
1645526936.630136, 1.750193, -2.173489, -0.418007
1645526936.749958, 1.750193, -2.173489, -0.418007
1645526936.829964, 1.750193, -2.173489, -0.418007
1645526936.930960, 1.750193, -2.173489, -0.418007
1645526937.009917, 1.750193, -2.173489, -0.418007
1645526937.129908, 1.750193, -2.173489, -0.418007
1645526937.229816, 1.750193, -2.173489, -0.418007
1645526937.329848, 1.750193, -2.173489, -0.418007
1645526937.449775, 1.750193, -2.173489, -0.418007
1645526937.509785, 1.750193, -2.173489, -0.418007
1645526937.609726, 1.750193, -2.173489, -0.418007
1645526937.729650, 1.750193, -2.173489, -0.418007
1645526937.809644, 1.750193, -2.173489, -0.418007
1645526937.929615, 1.750193, -2.173489, -0.418007
1645526938.029603, 1.750193, -2.173489, -0.418007
1645526938.129546, 1.750193, -2.173489, -0.418007
1645526938.229513, 1.750193, -2.173489, -0.418007
1645526938.309444, 1.750193, -2.173489, -0.418007
1645526938.429526, 1.756858, -2.176449, -0.418356
1645526938.549349, 1.770938, -2.182778, -0.427606
1645526938.629449, 1.781597, -2.187669, -0.434413
1645526938.729302, 1.790666, -2.191935, -0.449074
1645526938.808515, 1.797488, -2.195264, -0.459546
1645526938.908349, 1.805172, -2.199063, -0.459720
1645526939.028272, 1.817849, -2.205463, -0.476824
1645526939.148420, 1.821023, -2.207123, -0.488867
1645526939.248192, 1.820986, -2.207103, -0.503179
1645526939.329177, 1.820986, -2.207103, -0.517665
1645526939.429236, 1.820911, -2.207061, -0.515920
1645526939.548240, 1.821131, -2.207192, -0.536166
1645526939.648412, 1.822425, -2.213275, -0.568411
1645526939.729124, 1.827215, -2.216391, -0.589180
1645526939.829117, 1.836052, -2.222355, -0.606459
1645526939.928025, 1.843851, -2.227872, -0.624261
1645526940.028054, 1.849585, -2.232024, -0.630719
1645526940.148256, 1.861955, -2.241116, -0.639969
1645526940.227892, 1.872114, -2.248680, -0.635955
1645526940.308012, 1.880598, -2.254924, -0.634035
1645526940.428031, 1.893725, -2.264715, -0.647125
1645526940.528162, 1.906583, -2.274367, -0.639969
1645526940.648098, 1.922085, -2.285822, -0.623214
1645526940.707919, 1.929731, -2.291260, -0.608903
1645526940.827937, 1.945448, -2.301894, -0.577661
1645526940.927716, 1.959297, -2.310713, -0.553925
1645526941.047757, 1.975475, -2.320468, -0.528094
1645526941.107967, 1.983907, -2.325310, -0.511339
1645526941.207770, 1.998133, -2.333160, -0.493013
1645526941.307899, 2.012468, -2.340717, -0.472767
1645526941.427637, 2.026802, -2.351442, -0.450748
1645526941.508679, 2.038655, -2.357102, -0.433993
1645526941.628869, 2.056485, -2.365179, -0.411478
1645526941.727665, 2.071495, -2.371620, -0.396643
1645526941.848533, 2.089780, -2.379070, -0.370637
1645526941.887544, 2.095867, -2.381420, -0.362783
1645526942.047434, 2.120727, -2.390419, -0.331193
1645526942.107554, 2.130179, -2.393622, -0.319150
1645526942.227510, 2.149156, -2.399663, -0.294366
1645526942.308640, 2.161951, -2.403464, -0.278309
1645526942.427581, 2.180352, -2.413029, -0.262297
1645526942.528383, 2.196652, -2.417277, -0.242924
1645526942.647331, 2.216266, -2.421986, -0.222678
1645526942.707294, 2.226131, -2.424186, -0.212904
1645526942.807427, 2.242663, -2.427632, -0.195276
1645526942.907203, 2.259413, -2.430862, -0.182361
1645526943.007333, 2.276052, -2.433747, -0.156181
1645526943.127233, 2.296257, -2.436753, -0.137506
1645526943.227238, 2.313374, -2.439059, -0.124939
1645526943.307273, 2.326883, -2.440662, -0.104519
1645526943.427118, 2.347429, -2.442627, -0.082702
1645526943.527233, 2.364775, -2.443995, -0.071707
1645526943.547181, 2.372004, -2.447456, -0.071165
1645526943.707220, 2.399631, -2.449108, -0.044112
1645526943.827143, 2.420513, -2.449870, -0.026310
1645526943.927186, 2.437952, -2.450218, -0.010602
1645526944.027030, 2.455394, -2.450311, 0.002313
1645526944.127149, 2.472750, -2.450141, 0.021861
1645526944.227109, 2.490355, -2.449624, 0.041409
1645526944.286986, 2.500877, -2.449142, 0.054848
1645526944.306945, 2.504411, -2.448948, 0.060607
1645526944.327082, 2.507859, -2.448739, 0.063749
1645526944.566797, 2.549917, -2.445099, 0.116807
1645526944.706799, 2.576952, -2.444548, 0.137237
1645526944.806777, 2.594462, -2.441978, 0.159228
1645526944.846792, 2.601450, -2.440842, 0.167082
1645526944.926612, 2.615477, -2.438368, 0.185582
1645526945.126615, 2.650546, -2.431071, 0.226249
1645526945.146651, 2.653912, -2.430296, 0.230612
1645526945.326477, 2.685141, -2.422461, 0.260632
1645526945.426712, 2.702632, -2.417711, 0.270405
1645526945.466615, 2.709577, -2.415783, 0.272500
1645526945.626488, 2.737165, -2.407871, 0.288208
1645526945.706555, 2.751051, -2.403697, 0.297109
1645526945.906348, 2.784409, -2.394090, 0.316521
1645526946.026488, 2.805039, -2.387203, 0.328564
1645526946.086442, 2.815247, -2.383710, 0.332927
1645526946.266315, 2.846452, -2.372691, 0.340607
1645526946.386278, 2.866971, -2.365352, 0.345145
1645526946.406451, 2.870422, -2.364111, 0.345145
1645526946.426428, 2.873994, -2.362827, 0.346366
1645526946.466291, 2.880852, -2.360348, 0.348112
1645526946.506333, 2.887666, -2.357873, 0.349508
1645526946.546497, 2.894637, -2.355329, 0.351253
1645526946.586339, 2.901524, -2.352804, 0.352126
1645526946.706241, 2.922327, -2.345124, 0.354918
1645526946.986253, 2.970771, -2.326980, 0.361376
1645526947.365932, 3.033125, -2.305568, 0.377162
1645526947.785905, 3.037406, -2.303870, 0.380828
1645526948.524689, 3.037406, -2.303870, 0.381351
1645526948.724616, 3.037406, -2.303870, 0.381351
1645526948.825633, 3.037406, -2.303870, 0.381351
1645526948.925643, 3.037406, -2.303870, 0.381351
1645526949.025556, 3.037406, -2.303870, 0.381351
1645526949.125497, 3.037406, -2.303870, 0.381351
1645526949.245474, 3.037406, -2.303870, 0.381351
1645526949.345432, 3.037406, -2.303870, 0.381351
1645526949.424373, 3.037406, -2.303870, 0.381351
1645526949.504444, 3.037406, -2.303870, 0.381351
1645526949.624364, 3.044452, -2.301046, 0.379082
1645526949.704414, 3.053495, -2.297473, 0.371577
1645526949.824225, 3.069637, -2.291211, 0.368261
1645526949.905335, 3.081455, -2.286653, 0.368261
1645526950.024177, 3.099082, -2.279856, 0.367563
1645526950.104250, 3.110981, -2.275273, 0.368087
1645526950.224239, 3.128648, -2.268462, 0.366690
1645526950.324191, 3.142270, -2.263248, 0.364247
1645526950.424167, 3.157380, -2.257512, 0.363898
1645526950.524205, 3.172530, -2.251757, 0.360582
1645526950.604349, 3.182264, -2.250355, 0.359177
1645526950.724471, 3.200308, -2.243573, 0.359526
1645526950.824131, 3.215476, -2.237869, 0.359700
1645526950.924043, 3.230643, -2.232161, 0.359700
1645526951.025050, 3.245851, -2.226440, 0.359700
1645526951.143996, 3.264296, -2.219515, 0.359700
1645526951.203967, 3.273197, -2.216167, 0.359177
1645526951.344023, 3.293898, -2.208332, 0.364238
1645526951.403923, 3.303424, -2.204709, 0.362144
1645526951.503721, 3.319012, -2.198787, 0.365460
1645526951.623777, 3.337698, -2.191654, 0.363889
1645526951.723761, 3.353399, -2.185671, 0.364064
1645526951.823796, 3.369180, -2.179658, 0.363540
1645526951.924810, 3.387571, -2.175121, 0.361311
1645526952.024794, 3.403162, -2.169209, 0.360961
1645526952.123667, 3.419103, -2.163257, 0.352409
1645526952.223657, 3.434910, -2.157434, 0.354155
1645526952.323647, 3.450866, -2.151524, 0.355726
1645526952.423583, 3.466936, -2.145553, 0.355726
1645526952.523639, 3.483042, -2.139556, 0.358169
1645526952.643526, 3.502246, -2.132344, 0.360438
1645526952.723526, 3.515172, -2.127462, 0.361834
1645526952.823821, 3.531317, -2.121326, 0.364801
1645526952.943703, 3.550397, -2.114031, 0.366721
1645526953.023640, 3.562100, -2.109532, 0.366197
1645526953.123568, 3.577702, -2.103647, 0.352409
1645526953.223499, 3.593892, -2.101326, 0.352231
1645526953.323580, 3.610426, -2.095258, 0.351009
1645526953.403429, 3.623640, -2.090414, 0.351708
1645526953.523561, 3.643420, -2.083164, 0.352580
1645526953.623422, 3.659862, -2.077092, 0.354500
1645526953.723464, 3.676339, -2.070989, 0.355547
1645526953.823195, 3.692927, -2.064820, 0.356420
1645526953.943235, 3.712708, -2.057450, 0.357642
1645526954.023218, 3.726011, -2.052480, 0.357118
1645526954.123348, 3.742514, -2.046327, 0.357642
1645526954.223161, 3.759082, -2.040103, 0.361481
1645526954.303243, 3.772351, -2.035044, 0.367590
1645526954.403160, 3.791384, -2.033432, 0.362601
1645526954.523036, 3.811491, -2.025838, 0.360855
1645526954.623028, 3.828245, -2.019503, 0.362950
1645526954.722892, 3.845064, -2.013100, 0.363124
1645526954.822982, 3.861774, -2.006770, 0.362252
1645526954.922012, 3.878514, -2.000400, 0.364870
1645526955.022110, 3.895318, -1.993958, 0.367488
1645526955.121957, 3.912108, -1.987479, 0.369756
1645526955.221853, 3.928925, -1.980952, 0.370280
1645526955.322820, 3.945856, -1.974366, 0.371851
1645526955.422775, 3.962820, -1.967745, 0.372025
1645526955.522786, 3.979821, -1.961103, 0.374818
1645526955.622740, 3.997563, -1.955337, 0.376453
1645526955.742712, 4.017894, -1.947258, 0.378548
1645526955.821708, 4.031369, -1.941905, 0.378198
1645526955.942480, 4.051716, -1.933865, 0.371566
1645526955.981487, 4.058392, -1.931266, 0.370170
1645526956.141542, 4.085588, -1.920835, 0.363712
1645526956.241544, 4.102726, -1.914311, 0.362840
1645526956.321559, 4.116403, -1.909125, 0.363189
1645526956.402435, 4.130111, -1.903898, 0.365283
1645526956.541445, 4.154157, -1.894665, 0.367726
1645526956.622416, 4.167965, -1.889342, 0.368774
1645526956.722404, 4.185105, -1.882705, 0.372439
1645526956.842474, 4.204925, -1.877275, 0.374070
1645526956.941437, 4.221938, -1.870547, 0.378782
1645526957.041316, 4.239130, -1.863692, 0.380528
1645526957.101338, 4.249622, -1.859492, 0.381051
1645526957.221348, 4.270091, -1.851299, 0.381400
1645526957.341282, 4.290622, -1.843032, 0.382971
1645526957.441301, 4.307904, -1.836055, 0.384193
1645526957.522328, 4.321741, -1.830459, 0.385065
1645526957.622288, 4.339089, -1.823421, 0.385938
1645526957.721276, 4.356310, -1.816410, 0.386462
1645526957.842194, 4.376966, -1.807995, 0.387858
1645526957.941205, 4.394293, -1.800905, 0.390650
1645526958.001011, 4.402826, -1.804879, 0.391589
1645526958.081062, 4.416458, -1.799231, 0.395603
1645526958.241059, 4.444054, -1.787625, 0.402934
1645526958.321075, 4.457853, -1.781716, 0.406075
1645526958.421019, 4.475130, -1.774284, 0.408519
1645526958.521000, 4.492257, -1.766831, 0.412358
1645526958.621102, 4.509323, -1.759343, 0.414278
1645526958.720946, 4.526499, -1.751787, 0.416547
1645526958.840774, 4.547026, -1.742636, 0.424052
1645526958.900853, 4.557277, -1.737981, 0.429114
1645526959.020839, 4.577752, -1.728611, 0.430684
1645526959.120949, 4.595255, -1.725892, 0.433791
1645526959.220790, 4.612213, -1.717958, 0.441121
1645526959.320645, 4.629292, -1.709883, 0.444263
1645526959.420765, 4.646180, -1.701802, 0.451419
1645526959.540675, 4.666426, -1.691850, 0.462763
1645526959.619809, 4.679771, -1.685166, 0.466080
1645526959.699623, 4.693285, -1.678341, 0.470443
1645526959.819749, 4.713300, -1.668118, 0.475155
1645526959.919548, 4.729511, -1.659730, 0.482660
1645526960.000507, 4.742062, -1.653086, 0.492958
1645526960.120506, 4.762254, -1.642103, 0.503430
1645526960.240480, 4.780615, -1.632037, 0.490514
1645526960.320471, 4.794395, -1.624706, 0.493307
1645526960.439507, 4.813374, -1.616786, 0.499935
1645526960.519292, 4.826667, -1.609451, 0.513374
1645526960.640433, 4.846335, -1.598057, 0.531875
1645526960.739232, 4.862495, -1.588520, 0.535016
1645526960.839260, 4.879248, -1.578480, 0.548455
1645526960.899233, 4.889060, -1.572454, 0.554564
1645526961.019315, 4.908292, -1.560499, 0.560498
1645526961.119224, 4.924399, -1.550303, 0.566258
1645526961.239216, 4.943818, -1.537925, 0.571319
1645526961.320124, 4.956616, -1.529678, 0.576206
1645526961.440054, 4.975220, -1.517454, 0.583885
1645526961.540247, 4.990446, -1.507465, 0.575682
1645526961.638918, 5.004988, -1.494898, 0.573031
1645526961.738987, 5.019696, -1.485442, 0.571111
1645526961.818960, 5.031665, -1.477720, 0.575649
1645526961.918969, 5.047161, -1.467678, 0.575300
1645526962.018914, 5.062213, -1.457891, 0.579838
1645526962.138875, 5.079401, -1.446387, 0.603923
1645526962.238782, 5.093284, -1.436697, 0.618235
1645526962.278804, 5.098771, -1.432785, 0.623297
1645526962.439837, 5.120428, -1.416958, 0.647906
1645526962.538704, 5.133120, -1.407229, 0.658203
1645526962.559736, 5.135650, -1.405273, 0.660472
1645526962.678585, 5.150694, -1.393427, 0.676005
1645526962.718578, 5.155548, -1.389527, 0.678798
1645526962.798514, 5.165627, -1.381373, 0.682638
1645526962.898479, 5.177815, -1.371420, 0.689794
1645526962.938544, 5.181664, -1.368244, 0.690143
1645526963.018505, 5.187744, -1.363216, 0.695553
1645526963.058605, 5.191046, -1.360451, 0.701313
1645526963.118535, 5.195948, -1.356275, 0.721559
1645526963.198466, 5.198450, -1.354019, 0.750880
1645526963.278531, 5.198357, -1.354106, 0.753498
1645526963.358582, 5.198077, -1.354369, 0.749658
1645526963.398381, 5.198077, -1.354369, 0.750182
1645526963.478449, 5.198077, -1.354369, 0.748088
1645526963.518518, 5.198077, -1.354369, 0.749309
1645526963.598466, 5.198077, -1.354369, 0.748088
1645526963.758386, 5.198077, -1.354369, 0.748262
1645526964.058437, 5.198077, -1.354369, 0.748262
1645526964.338467, 5.198077, -1.354369, 0.748262
1645526965.077002, 5.198077, -1.354369, 0.748262
1645526965.996551, 5.198077, -1.354369, 0.748262
1645526966.616775, 5.198077, -1.354369, 0.748262
1645526966.716531, 5.198077, -1.354369, 0.748262
1645526966.836401, 5.198077, -1.354369, 0.748262
1645526966.916486, 5.198077, -1.354369, 0.748262
1645526967.016652, 5.198077, -1.354369, 0.748262
1645526967.115507, 5.198077, -1.354369, 0.748262
1645526967.215420, 5.198077, -1.354369, 0.748262
1645526967.335337, 5.198077, -1.354369, 0.748262
1645526967.435316, 5.198077, -1.354369, 0.748262
1645526967.516402, 5.198077, -1.354369, 0.748262
1645526967.616474, 5.198077, -1.354369, 0.748262
1645526967.716411, 5.198077, -1.354369, 0.748262
1645526967.816339, 5.198077, -1.354369, 0.748262
1645526967.936259, 5.198077, -1.354369, 0.748262
1645526967.995317, 5.198077, -1.354369, 0.748262
1645526968.115150, 5.198077, -1.354369, 0.748262
1645526968.235170, 5.198077, -1.354369, 0.748262
1645526968.335173, 5.201483, -1.351206, 0.748088
1645526968.435127, 5.208110, -1.345182, 0.724526
1645526968.515099, 5.213911, -1.340090, 0.710039
1645526968.635024, 5.214818, -1.339313, 0.701138
1645526968.716042, 5.214524, -1.339561, 0.687525
1645526968.814984, 5.214458, -1.339614, 0.679845
1645526968.935844, 5.214359, -1.339695, 0.674086
1645526969.034837, 5.216731, -1.340050, 0.672409
1645526969.134892, 5.222295, -1.335672, 0.655479
1645526969.214848, 5.225823, -1.332985, 0.641691
1645526969.314713, 5.226197, -1.332702, 0.628252
1645526969.434729, 5.226685, -1.332357, 0.601723
1645526969.554838, 5.226401, -1.332546, 0.572402
1645526969.634679, 5.226654, -1.332388, 0.543953
1645526969.734633, 5.226543, -1.332452, 0.514980
1645526969.814595, 5.225011, -1.332146, 0.485843
1645526969.934603, 5.225352, -1.331970, 0.442384
1645526970.034566, 5.225392, -1.331954, 0.402242
1645526970.114573, 5.225588, -1.331871, 0.371175
1645526970.234531, 5.225549, -1.331889, 0.327541
1645526970.334572, 5.225711, -1.331834, 0.286003
1645526970.434533, 5.226617, -1.335281, 0.250988
1645526970.534480, 5.226783, -1.335240, 0.211893
1645526970.614581, 5.226657, -1.335267, 0.188505
1645526970.714599, 5.226700, -1.335261, 0.158311
1645526970.834426, 5.226741, -1.335252, 0.123928
1645526970.934351, 5.226784, -1.335248, 0.094956
1645526971.033336, 5.227029, -1.341339, 0.061400
1645526971.133105, 5.227029, -1.341340, 0.023352
1645526971.233319, 5.227071, -1.341339, -0.019234
1645526971.314353, 5.227029, -1.341338, -0.052221
1645526971.394494, 5.226986, -1.341334, -0.094109
1645526971.514354, 5.225863, -1.342815, -0.144363
1645526971.613255, 5.225821, -1.342806, -0.188171
1645526971.713103, 5.225779, -1.342798, -0.235120
1645526971.833091, 5.225861, -1.342824, -0.287305
1645526971.932906, 5.225943, -1.342847, -0.336175
1645526972.032967, 5.226194, -1.343712, -0.383913
1645526972.132943, 5.226037, -1.343645, -0.431910
1645526972.233961, 5.226038, -1.343642, -0.480953
1645526972.313922, 5.226321, -1.349733, -0.514309
1645526972.432871, 5.226395, -1.349776, -0.574522
1645526972.513783, 5.226464, -1.349826, -0.611872
1645526972.633864, 5.226395, -1.349776, -0.668072
1645526972.712798, 5.226429, -1.349802, -0.707167
1645526972.832656, 5.228326, -1.353112, -0.762556
1645526972.932741, 5.228205, -1.352992, -0.814043
1645526973.032633, 5.228235, -1.353023, -0.865181
1645526973.132539, 5.228343, -1.353154, -0.910560
1645526973.232428, 5.228334, -1.356087, -0.964783
1645526973.332468, 5.228311, -1.356051, -1.014700
1645526973.432587, 5.228332, -1.356089, -1.061998
1645526973.533584, 5.228309, -1.356053, -1.115231
1645526973.632550, 5.232654, -1.359544, -1.160041
1645526973.732193, 5.233382, -1.361274, -1.216589
1645526973.812789, 5.233751, -1.362319, -1.251845
1645526973.932358, 5.235434, -1.368135, -1.319738
1645526974.012423, 5.234134, -1.374516, -1.362521
1645526974.132329, 5.235583, -1.382400, -1.429018
1645526974.252322, 5.236485, -1.390065, -1.490454
1645526974.292613, 5.236682, -1.392658, -1.509652
1645526974.412344, 5.235947, -1.400739, -1.575479
1645526974.533251, 5.235674, -1.408708, -1.645990
1645526974.632292, 5.234858, -1.417026, -1.696954
1645526974.732255, 5.232590, -1.431387, -1.765022
1645526974.812133, 5.229987, -1.445204, -1.808014
1645526974.912192, 5.226108, -1.459747, -1.867879
1645526975.012266, 5.220912, -1.475274, -1.931059
1645526975.092251, 5.216153, -1.487424, -1.972947
1645526975.232116, 5.207120, -1.506354, -2.047685
1645526975.352143, 5.197520, -1.523897, -2.113658
1645526975.452181, 5.188737, -1.537767, -2.170381
1645526975.530949, 5.179381, -1.546369, -2.204041
1645526975.611000, 5.171315, -1.557003, -2.242438
1645526975.712088, 5.160712, -1.569815, -2.288690
1645526975.830783, 5.147087, -1.584745, -2.337559
1645526975.931813, 5.135385, -1.596563, -2.372640
1645526975.991897, 5.131968, -1.606032, -2.393067
1645526976.111826, 5.116961, -1.619573, -2.430417
1645526976.231673, 5.101369, -1.632569, -2.470385
1645526976.331609, 5.088022, -1.642915, -2.500579
1645526976.430546, 5.074457, -1.652830, -2.526061
1645526976.510596, 5.063705, -1.660224, -2.560269
1645526976.610497, 5.049278, -1.669404, -2.590114
1645526976.730604, 5.031668, -1.680006, -2.614549
1645526976.830580, 5.016600, -1.688621, -2.632351
1645526976.910565, 5.006950, -1.694525, -2.643537
1645526977.030561, 4.988531, -1.704302, -2.672510
1645526977.130540, 4.973073, -1.712007, -2.686647
1645526977.231446, 4.957406, -1.719575, -2.701482
1645526977.350464, 4.938831, -1.728175, -2.718412
1645526977.410437, 4.929559, -1.732306, -2.729757
1645526977.530308, 4.911100, -1.740225, -2.744418
1645526977.610238, 4.900120, -1.744807, -2.748606
1645526977.730298, 4.883520, -1.751534, -2.767281
1645526977.830364, 4.868227, -1.757509, -2.770947
1645526977.930168, 4.856020, -1.762243, -2.774961
1645526978.050291, 4.854229, -1.762930, -2.785956
1645526978.131197, 4.854628, -1.762781, -2.784386
1645526978.210150, 4.854628, -1.762781, -2.785433
1645526978.310078, 4.854628, -1.762781, -2.785258
1645526978.429973, 4.854628, -1.762781, -2.784560
1645526978.529970, 4.854628, -1.762781, -2.784560
1645526978.629969, 4.854628, -1.762781, -2.784909
1645526978.729941, 4.854628, -1.762781, -2.784560
1645526978.829849, 4.854628, -1.762781, -2.784386
1645526978.930209, 4.854628, -1.762781, -2.784386
1645526979.029770, 4.854628, -1.762781, -2.784386
1645526979.130835, 4.854628, -1.762781, -2.784386
1645526979.250831, 4.854628, -1.762781, -2.784386
1645526979.350728, 4.854628, -1.762781, -2.784386
1645526979.409741, 4.854628, -1.762781, -2.784386
1645526979.509822, 4.854628, -1.762781, -2.784386
1645526979.609679, 4.854628, -1.762781, -2.784386
1645526979.709689, 4.854628, -1.762781, -2.784386
1645526979.829685, 4.854628, -1.762781, -2.784386
1645526979.929661, 4.854628, -1.762781, -2.784386
1645526980.029675, 4.854628, -1.762781, -2.784386
1645526980.109704, 4.854628, -1.762781, -2.784386
1645526980.209441, 4.854628, -1.762781, -2.784386
1645526980.269593, 4.854628, -1.762781, -2.784386
1645526980.369574, 4.854628, -1.762781, -2.784386
1645526980.528656, 4.854628, -1.762781, -2.784386
1645526980.568396, 4.854628, -1.762781, -2.784386
1645526980.589481, 4.854628, -1.762781, -2.784386
1645526980.609433, 4.854628, -1.762781, -2.784386
1645526980.648609, 4.854628, -1.762781, -2.784386
1645526981.409175, 4.854628, -1.762781, -2.784386
1645526981.768190, 4.854628, -1.762781, -2.784386
1645526982.248004, 4.854628, -1.762781, -2.784386
1645526983.488608, 4.854628, -1.762781, -2.784386
1645526984.728057, 4.854628, -1.762781, -2.784386
1645526984.807429, 4.854628, -1.762781, -2.784386
1645526984.907208, 4.854628, -1.762781, -2.784386
1645526985.027035, 4.854628, -1.762781, -2.784386
1645526985.087245, 4.854628, -1.762781, -2.784386
1645526985.227136, 4.854628, -1.762781, -2.784386
1645526985.326951, 4.854628, -1.762781, -2.784386
1645526985.408066, 4.854628, -1.762781, -2.784386
1645526985.507832, 4.854628, -1.762781, -2.784386
1645526985.606907, 4.854628, -1.762781, -2.784386
1645526985.706898, 4.854628, -1.762781, -2.784386
1645526985.847845, 4.854628, -1.762781, -2.784386
1645526985.926714, 4.854628, -1.762781, -2.784386
1645526986.046702, 4.854628, -1.762781, -2.784386
1645526986.126758, 4.854628, -1.762781, -2.784386
1645526986.226555, 4.854628, -1.762781, -2.784386
1645526986.306582, 4.854628, -1.762781, -2.784386
1645526986.426649, 4.854628, -1.762781, -2.784386
1645526986.466717, 4.854628, -1.762781, -2.784386
1645526986.626667, 4.854628, -1.762781, -2.784386
1645526986.725762, 4.854628, -1.762781, -2.784386
1645526986.806576, 4.854628, -1.762781, -2.784386
1645526986.926489, 4.854628, -1.762781, -2.784386
1645526987.006707, 4.854628, -1.762781, -2.784386
1645526987.126559, 4.854628, -1.762781, -2.784386
1645526987.226423, 4.854628, -1.762781, -2.784386
1645526987.326432, 4.854628, -1.762781, -2.784386
1645526987.426640, 4.854628, -1.762781, -2.784386
1645526987.526338, 4.854628, -1.762781, -2.784386
1645526987.605333, 4.854628, -1.762781, -2.784386
1645526987.725217, 4.854628, -1.762781, -2.784386
1645526987.845281, 4.854628, -1.762781, -2.784386
1645526987.945328, 4.854628, -1.762781, -2.784386
1645526988.025281, 4.854628, -1.762781, -2.784386
1645526988.126243, 4.854628, -1.762781, -2.784386
1645526988.226211, 4.854628, -1.762781, -2.784386
1645526988.326156, 4.854628, -1.762781, -2.784386
1645526988.446247, 4.854628, -1.762781, -2.784386
1645526988.545945, 4.854628, -1.762781, -2.784386
1645526988.624907, 4.854628, -1.762781, -2.784386
1645526988.725029, 4.854628, -1.762781, -2.784386
1645526988.824956, 4.854628, -1.762781, -2.784386
1645526988.925023, 4.854628, -1.762781, -2.784386
1645526989.025974, 4.854628, -1.762781, -2.784386
1645526989.125943, 4.854628, -1.762781, -2.784386
1645526989.205937, 4.854628, -1.762781, -2.784386
1645526989.325841, 4.854628, -1.762781, -2.784386
1645526989.425822, 4.854628, -1.762781, -2.784386
1645526989.524763, 4.854628, -1.762781, -2.784386
1645526989.624710, 4.854628, -1.762781, -2.784386
1645526989.725029, 4.854628, -1.762781, -2.784386
1645526989.824745, 4.854628, -1.762781, -2.784386
1645526989.944674, 4.854628, -1.762781, -2.784386
1645526990.004652, 4.854628, -1.762781, -2.784386
1645526990.144626, 4.854628, -1.762781, -2.784386
1645526990.224648, 4.854628, -1.762781, -2.784386
1645526990.325559, 4.854628, -1.762781, -2.784386
1645526990.424486, 4.854628, -1.762781, -2.784386
1645526990.524467, 4.854628, -1.762781, -2.784386
1645526990.624479, 4.854628, -1.762781, -2.784386
1645526990.744592, 4.854628, -1.762781, -2.784386
1645526990.824364, 4.854628, -1.762781, -2.784386
1645526990.924347, 4.854628, -1.762781, -2.784386
1645526991.024267, 4.854628, -1.762781, -2.784386
1645526991.124299, 4.854628, -1.762781, -2.784386
1645526991.244314, 4.854628, -1.762781, -2.784386
1645526991.325135, 4.854628, -1.762781, -2.784386
1645526991.424392, 4.854628, -1.762781, -2.784386
1645526991.524182, 4.854628, -1.762781, -2.784386
1645526991.624161, 4.854628, -1.762781, -2.784386
1645526991.684303, 4.854628, -1.762781, -2.784386
1645526991.824099, 4.854628, -1.762781, -2.784386
1645526991.924143, 4.854628, -1.762781, -2.784386
1645526992.005086, 4.854628, -1.762781, -2.784386
1645526992.124126, 4.854628, -1.762781, -2.784386
1645526992.225011, 4.854628, -1.762781, -2.784386
1645526992.324009, 4.854628, -1.762781, -2.784386
1645526992.424116, 4.854628, -1.762781, -2.784386
1645526992.524027, 4.854628, -1.762781, -2.784386
1645526992.624004, 4.854628, -1.762781, -2.784386
1645526992.724040, 4.854628, -1.762781, -2.784386
1645526992.803828, 4.854628, -1.762781, -2.784386
1645526992.923774, 4.854628, -1.762781, -2.784386
1645526993.044043, 4.854628, -1.762781, -2.784386
1645526993.143669, 4.854628, -1.762781, -2.784386
1645526993.203738, 4.854628, -1.762781, -2.784386
1645526993.323619, 4.854628, -1.762781, -2.784386
1645526993.423812, 4.854628, -1.762781, -2.784386
1645526993.503771, 4.854628, -1.762781, -2.784386
1645526993.623892, 4.854628, -1.762781, -2.784386
1645526993.723523, 4.854628, -1.762781, -2.784386
1645526993.823436, 4.854628, -1.762781, -2.784386
1645526993.923664, 4.854628, -1.762781, -2.784386
1645526994.024415, 4.854628, -1.762781, -2.784386
1645526994.124402, 4.854628, -1.762781, -2.784386
1645526994.223413, 4.854628, -1.762781, -2.784386
1645526994.343398, 4.854628, -1.762781, -2.784386
1645526994.423321, 4.854628, -1.762781, -2.784386
1645526994.523268, 4.854628, -1.762781, -2.784386
1645526994.623472, 4.854628, -1.762781, -2.784386
1645526994.723330, 4.854628, -1.762781, -2.784386
1645526994.823188, 4.854628, -1.762781, -2.784386
1645526994.923150, 4.854628, -1.762781, -2.784386
1645526995.002255, 4.854628, -1.762781, -2.784386
1645526995.122153, 4.854628, -1.762781, -2.784386
1645526995.222261, 4.854628, -1.762781, -2.784386
1645526995.342107, 4.854628, -1.762781, -2.784386
1645526995.442330, 4.854628, -1.762781, -2.784386
1645526995.542193, 4.854628, -1.762781, -2.784386
1645526995.623168, 4.854628, -1.762781, -2.784386
1645526995.723170, 4.854628, -1.762781, -2.784386
1645526995.823061, 4.854628, -1.762781, -2.784386
1645526995.922918, 4.854628, -1.762781, -2.784386
1645526996.022937, 4.854628, -1.762781, -2.784386
1645526996.142765, 4.854628, -1.762781, -2.784386
1645526996.241742, 4.854588, -1.762796, -2.784560
1645526996.321878, 4.854349, -1.762886, -2.759078
1645526996.421836, 4.854426, -1.762850, -2.717016
1645526996.541825, 4.854040, -1.763032, -2.671986
1645526996.641822, 4.854003, -1.763052, -2.634287
1645526996.702710, 4.853743, -1.763199, -2.610551
1645526996.822566, 4.853816, -1.763154, -2.560111
1645526996.901694, 4.853497, -1.763367, -2.532709
1645526997.021629, 4.853498, -1.763369, -2.481047
1645526997.142504, 4.853147, -1.762348, -2.425662
1645526997.241417, 4.852959, -1.762521, -2.390058
1645526997.341504, 4.853109, -1.762370, -2.345726
1645526997.421594, 4.852963, -1.762525, -2.311867
1645526997.521449, 4.853044, -1.762426, -2.266139
1645526997.641493, 4.850793, -1.765004, -2.214765
1645526997.741387, 4.850944, -1.764797, -2.172004
1645526997.822399, 4.850825, -1.764974, -2.134654
1645526997.841404, 4.850894, -1.764866, -2.125928
1645526997.981380, 4.850814, -1.765017, -2.067110
1645526998.141313, 4.848232, -1.765875, -1.999704
1645526998.221215, 4.848232, -1.765875, -1.960434
1645526998.281132, 4.848313, -1.765677, -1.932683
1645526998.441163, 4.848303, -1.765674, -1.861823
1645526998.541230, 4.848230, -1.765919, -1.815223
1645526998.561097, 4.844968, -1.766578, -1.807337
1645526998.640828, 4.844999, -1.766453, -1.771383
1645526998.822153, 4.845017, -1.766327, -1.693192
1645526998.841063, 4.845001, -1.766454, -1.689702
1645526999.021081, 4.844925, -1.767132, -1.667012
1645526999.121073, 4.844898, -1.767429, -1.653050
1645526999.141176, 4.844894, -1.767472, -1.650257
1645526999.160810, 4.844891, -1.767514, -1.646418
1645526999.181013, 4.844888, -1.767557, -1.643800
1645526999.220946, 4.844894, -1.767472, -1.638389
1645526999.980698, 4.845247, -1.767167, -1.428271
1645527000.001142, 4.845235, -1.767082, -1.418497
1645527000.040758, 4.845242, -1.767124, -1.399997
1645527000.080890, 4.845227, -1.767040, -1.377482
1645527000.100727, 4.845244, -1.767124, -1.367534
1645527000.121281, 4.845244, -1.767124, -1.357236
1645527000.160703, 4.845207, -1.766957, -1.336816
1645527000.200895, 4.845238, -1.767081, -1.314999
1645527000.240669, 4.845249, -1.767123, -1.297197
1645527000.400822, 4.845255, -1.767121, -1.211327
1645527000.600771, 4.845258, -1.767119, -1.108352
1645527000.840367, 4.845705, -1.768514, -0.977946
1645527001.520244, 4.845544, -1.768376, -0.621375
1645527002.340088, 4.845686, -1.768469, -0.182250
1645527002.420042, 4.843866, -1.775985, -0.142305
1645527002.519704, 4.843738, -1.775973, -0.085931
1645527002.619119, 4.842844, -1.775926, -0.034618
1645527002.718931, 4.850300, -1.775766, 0.009133
1645527002.818847, 4.848638, -1.775821, 0.080691
1645527002.918803, 4.849018, -1.775762, 0.133400
1645527003.038825, 4.848639, -1.775824, 0.192218
1645527003.118864, 4.850717, -1.774042, 0.244852
1645527003.218837, 4.850717, -1.774041, 0.302099
1645527003.338723, 4.850838, -1.773999, 0.369992
1645527003.438700, 4.850877, -1.773981, 0.428112
1645527003.538517, 4.853350, -1.773829, 0.489240
1645527003.639603, 4.853574, -1.773705, 0.545614
1645527003.718522, 4.853429, -1.773795, 0.588724
1645527003.818490, 4.856532, -1.772972, 0.648069
1645527003.898571, 4.856667, -1.772867, 0.696066
1645527004.038451, 4.856696, -1.772836, 0.777573
1645527004.098553, 4.857204, -1.774765, 0.815170
1645527004.218541, 4.857346, -1.774607, 0.885856
1645527004.319686, 4.857426, -1.774506, 0.943103
1645527004.438424, 4.857473, -1.774435, 1.013265
1645527004.518397, 4.858582, -1.773862, 1.057546
1645527004.639251, 4.858668, -1.773714, 1.133816
1645527004.738468, 4.858704, -1.773637, 1.186176
1645527004.838350, 4.858717, -1.773596, 1.246390
1645527004.938286, 4.858154, -1.772482, 1.304782
1645527005.038297, 4.858175, -1.772399, 1.363948
1645527005.099209, 4.858200, -1.772274, 1.399902
1645527005.218204, 4.858726, -1.772532, 1.467187
1645527005.318996, 4.858725, -1.772575, 1.525481
1645527005.418289, 4.858725, -1.772916, 1.582553
1645527005.498106, 4.858656, -1.771724, 1.637706
1645527005.618110, 4.859312, -1.768132, 1.697113
1645527005.718145, 4.859291, -1.768006, 1.761690
1645527005.817956, 4.859297, -1.768004, 1.815970
1645527005.918047, 4.860364, -1.767178, 1.878654
1645527006.017933, 4.860278, -1.766937, 1.937472
1645527006.117942, 4.860280, -1.766936, 1.994893
1645527006.217940, 4.860223, -1.766821, 2.054583
1645527006.317875, 4.858551, -1.765046, 2.114482
1645527006.417764, 4.858550, -1.765047, 2.168937
1645527006.517842, 4.858501, -1.764977, 2.226009
1645527006.617755, 4.861639, -1.764114, 2.283099
1645527006.737733, 4.861551, -1.764021, 2.353959
1645527006.817696, 4.861518, -1.763994, 2.403352
1645527006.917650, 4.861520, -1.763991, 2.459028
1645527007.017683, 4.861285, -1.763808, 2.517671
1645527007.137646, 4.859480, -1.763624, 2.585275
1645527007.237502, 4.859554, -1.763666, 2.646013
1645527007.337572, 4.859242, -1.763097, 2.707266
1645527007.437189, 4.859047, -1.763011, 2.766433
1645527007.516360, 4.858927, -1.762967, 2.809542
1645527007.616444, 4.857352, -1.762032, 2.867178
1645527007.736296, 4.857146, -1.761976, 2.938911
1645527007.836408, 4.857146, -1.761976, 2.998776
1645527007.937452, 4.856722, -1.761931, 3.059164
1645527008.036446, 4.854596, -1.761452, 3.129379
1645527008.136519, 4.853787, -1.761483, -3.084691
1645527008.216328, 4.852425, -1.761573, -3.065667
1645527008.337327, 4.851195, -1.761695, -3.004406
1645527008.436415, 4.850350, -1.761293, -2.954821
1645527008.536209, 4.850308, -1.761298, -2.894432
1645527008.616542, 4.850226, -1.761321, -2.843469
1645527008.716334, 4.850307, -1.761296, -2.780288
1645527008.797047, 4.847918, -1.762072, -2.728032
1645527008.916259, 4.842139, -1.764811, -2.664851
1645527009.017065, 4.835778, -1.768199, -2.631166
1645527009.117034, 4.825049, -1.774435, -2.595387
1645527009.216203, 4.813356, -1.781635, -2.584391
1645527009.315880, 4.805916, -1.786307, -2.570429
1645527009.416116, 4.797369, -1.791936, -2.547390
1645527009.515865, 4.788840, -1.797671, -2.551230
1645527009.615910, 4.776491, -1.805980, -2.549310
1645527009.716346, 4.762332, -1.815416, -2.558735
1645527009.816006, 4.748731, -1.824305, -2.571476
1645527009.916777, 4.734472, -1.833353, -2.585264
1645527010.016862, 4.720330, -1.842025, -2.605335
1645527010.115907, 4.705815, -1.850489, -2.624534
1645527010.215802, 4.691158, -1.858617, -2.651412
1645527010.315823, 4.676196, -1.866354, -2.677418
1645527010.415735, 4.662081, -1.873311, -2.693824
1645527010.496150, 4.652895, -1.879136, -2.720227
1645527010.615681, 4.634059, -1.887256, -2.751119
1645527010.715620, 4.618290, -1.893650, -2.765605
1645527010.835620, 4.599067, -1.900928, -2.802781
1645527010.935514, 4.582889, -1.906467, -2.821281
1645527011.015559, 4.569600, -1.910834, -2.829833
1645527011.115724, 4.553256, -1.916010, -2.835942
1645527011.215431, 4.537877, -1.920839, -2.842574
1645527011.315688, 4.523011, -1.925307, -2.859330
1645527011.415742, 4.506034, -1.930158, -2.864216
1645527011.515534, 4.489413, -1.934851, -2.872769
1645527011.595348, 4.475880, -1.938553, -2.880273
1645527011.715555, 4.457927, -1.944071, -2.897369
1645527011.815301, 4.440943, -1.948227, -2.909412
1645527011.915477, 4.423744, -1.952215, -2.920582
1645527012.014378, 4.406414, -1.956010, -2.933847
1645527012.134262, 4.385735, -1.960252, -2.942923
1645527012.214394, 4.371892, -1.963017, -2.947111
1645527012.314313, 4.354384, -1.966365, -2.961772
1645527012.434153, 4.333347, -1.970098, -2.971197
1645527012.514959, 4.319222, -1.972508, -2.973989
1645527012.615111, 4.301598, -1.975454, -2.979574
1645527012.714968, 4.283999, -1.978294, -2.983938
1645527012.815100, 4.266222, -1.981093, -2.988825
1645527012.934932, 4.243925, -1.983728, -2.994404
1645527013.014113, 4.229875, -1.985798, -2.996673
1645527013.113644, 4.211980, -1.988390, -2.999116
1645527013.233827, 4.190570, -1.991405, -3.006098
1645527013.334198, 4.172478, -1.993819, -3.013254
1645527013.433836, 4.154667, -1.996085, -3.019188
1645527013.533846, 4.136628, -1.998239, -3.026693
1645527013.633744, 4.118578, -2.000294, -3.031405
1645527013.733724, 4.100514, -2.002233, -3.039259
1645527013.813608, 4.085877, -2.003720, -3.041877
1645527013.913644, 4.067713, -2.005517, -3.042401
1645527014.013606, 4.048733, -2.004719, -3.045453
1645527014.113508, 4.030355, -2.006520, -3.041962
1645527014.213527, 4.012152, -2.008355, -3.040042
1645527014.313562, 3.993825, -2.010230, -3.039344
1645527014.433507, 3.971596, -2.012518, -3.038471
1645527014.494479, 3.960609, -2.013655, -3.038646
1645527014.614553, 3.938510, -2.015957, -3.037075
1645527014.713451, 3.920059, -2.017881, -3.037948
1645527014.813459, 3.901651, -2.019804, -3.036726
1645527014.913423, 3.883245, -2.021747, -3.036028
1645527015.013405, 3.864799, -2.023719, -3.034806
1645527015.113351, 3.846438, -2.025687, -3.035504
1645527015.213300, 3.832499, -2.025340, -3.039321
1645527015.294353, 3.817778, -2.026854, -3.039670
1645527015.413217, 3.795546, -2.029111, -3.040019
1645527015.533165, 3.773186, -2.031375, -3.041590
1645527015.614272, 3.758164, -2.032878, -3.042986
1645527015.693106, 3.743395, -2.034331, -3.044033
1645527015.833132, 3.717335, -2.036884, -3.044557
1645527015.913302, 3.702520, -2.038313, -3.046651
1645527016.013039, 3.683839, -2.040080, -3.047699
1645527016.133192, 3.661503, -2.042149, -3.052062
1645527016.213024, 3.646635, -2.043468, -3.054680
1645527016.292783, 3.632253, -2.039581, -3.059262
1645527016.312804, 3.628513, -2.039889, -3.060310
1645527016.512830, 3.591184, -2.042802, -3.071480
1645527016.572891, 3.579867, -2.043583, -3.074621
1645527016.593015, 3.576292, -2.043822, -3.075668
1645527016.613069, 3.572633, -2.044064, -3.076890
1645527016.632909, 3.568930, -2.044304, -3.078985
1645527016.752890, 3.546236, -2.045584, -3.094518
1645527016.792806, 3.538824, -2.045926, -3.098707
1645527016.832974, 3.531325, -2.046240, -3.102896
1645527016.872722, 3.523909, -2.046513, -3.110226
1645527016.912797, 3.516492, -2.046730, -3.118953
1645527016.972702, 3.505108, -2.046941, -3.132392
1645527017.012761, 3.497602, -2.047001, -3.137279
1645527017.052810, 3.490054, -2.047025, 3.141194
1645527017.132820, 3.475128, -2.046974, 3.132468
1645527017.212749, 3.459948, -2.046748, 3.115887
1645527017.491578, 3.407379, -2.044389, 3.079759
1645527017.691799, 3.370751, -2.041814, 3.061956
1645527018.811275, 3.364248, -2.041281, 3.056197
1645527019.570992, 3.364248, -2.041281, 3.056197
1645527020.431712, 3.364248, -2.041281, 3.056197
1645527020.530742, 3.364248, -2.041281, 3.056197
1645527020.610615, 3.364248, -2.041281, 3.056197
1645527020.710369, 3.363343, -2.038057, 3.054594
1645527020.810616, 3.363343, -2.038057, 3.054594
1645527020.930473, 3.363343, -2.038057, 3.054594
1645527021.050540, 3.363343, -2.038057, 3.054594
1645527021.150591, 3.363343, -2.038057, 3.054594
1645527021.230470, 3.363343, -2.038057, 3.054594
1645527021.331504, 3.363343, -2.038057, 3.054594
1645527021.430414, 3.363343, -2.038057, 3.054594
1645527021.530501, 3.363343, -2.038057, 3.054594
1645527021.630534, 3.358585, -2.037642, 3.054594
1645527021.710446, 3.352383, -2.037088, 3.049009
1645527021.810323, 3.337820, -2.035715, 3.044471
1645527021.930319, 3.319279, -2.033834, 3.035046
1645527022.030414, 3.306178, -2.032414, 3.032603
1645527022.130177, 3.292026, -2.030799, 3.017593
1645527022.230273, 3.278037, -2.028914, 2.994206
1645527022.310293, 3.266900, -2.027264, 2.994031
1645527022.430366, 3.247806, -2.024326, 2.983908
1645527022.550205, 3.231295, -2.021713, 2.985828
1645527022.630108, 3.219251, -2.019787, 2.979370
1645527022.729300, 3.205740, -2.017581, 2.980592
1645527022.830118, 3.195514, -2.015902, 2.976054
1645527022.910095, 3.186854, -2.014426, 2.964361
1645527023.010080, 3.177044, -2.008012, 2.951521
1645527023.108994, 3.165861, -2.005867, 2.950299
1645527023.208946, 3.153219, -2.003409, 2.948205
1645527023.309001, 3.142246, -2.001301, 2.954663
1645527023.428955, 3.129049, -1.998791, 2.952743
1645527023.508937, 3.119793, -1.997016, 2.949950
1645527023.629083, 3.105769, -1.994289, 2.950648
1645527023.728935, 3.096389, -1.992483, 2.952045
1645527023.808776, 3.087554, -1.990777, 2.947507
1645527023.929044, 3.074036, -1.988129, 2.951696
1645527024.009760, 3.065369, -1.986452, 2.947681
1645527024.129626, 3.051430, -1.983736, 2.952743
1645527024.208733, 3.042967, -1.982125, 2.955012
1645527024.308845, 3.031228, -1.979942, 2.965658
1645527024.408786, 3.022821, -1.978503, 2.974385
1645527024.528709, 3.018951, -1.977860, 2.987649
1645527024.628746, 3.010207, -1.976648, 3.020636
1645527024.728618, 3.001860, -1.975698, 3.035297
1645527024.768672, 2.998806, -1.975373, 3.034773
1645527024.928650, 2.982303, -1.973694, 3.050132
1645527025.048554, 2.969603, -1.972545, 3.054496
1645527025.129452, 2.956850, -1.966031, 3.056977
1645527025.188531, 2.948563, -1.965333, 3.057675
1645527025.348581, 2.931095, -1.963885, 3.060642
1645527025.428521, 2.921617, -1.963114, 3.062213
1645527025.508369, 2.911582, -1.962340, 3.068671
1645527025.608219, 2.899758, -1.961476, 3.068845
1645527025.708465, 2.887932, -1.960634, 3.074081
1645527025.828514, 2.875040, -1.959765, 3.074954
1645527025.928241, 2.863337, -1.959008, 3.079666
1645527025.968550, 2.858740, -1.958723, 3.079492
1645527026.128291, 2.839456, -1.957559, 3.084902
1645527026.228174, 2.827917, -1.956917, 3.087520
1645527026.308148, 2.817696, -1.956380, 3.092931
1645527026.428240, 2.809049, -1.955967, 3.094152
1645527026.468094, 2.808325, -1.955932, 3.092756
1645527026.608161, 2.808453, -1.955933, 3.068671
1645527026.727990, 2.807730, -1.955875, 3.046330
1645527026.787015, 2.807560, -1.955857, 3.026085
1645527026.928074, 2.807054, -1.955783, 2.973725
1645527027.027081, 2.806718, -1.955722, 2.933582
1645527027.126905, 2.806178, -1.955596, 2.889425
1645527027.187870, 2.806778, -1.945918, 2.857282
1645527027.326938, 2.806454, -1.945810, 2.794624
1645527027.426913, 2.806095, -1.945675, 2.753609
1645527027.526748, 2.805663, -1.945492, 2.713466
1645527027.626838, 2.805277, -1.945311, 2.679258
1645527027.707688, 2.809199, -1.940207, 2.645465
1645527027.806720, 2.808790, -1.939979, 2.619110
1645527027.927886, 2.808460, -1.939783, 2.578968
1645527028.026691, 2.808353, -1.939712, 2.554882
1645527028.146493, 2.807790, -1.939327, 2.527132
1645527028.226670, 2.807512, -1.939129, 2.502697
1645527028.346457, 2.807276, -1.938946, 2.470234
1645527028.426514, 2.806021, -1.935612, 2.445959
1645527028.526488, 2.805955, -1.935558, 2.418906
1645527028.626555, 2.805828, -1.935443, 2.390807
1645527028.727471, 2.805797, -1.935414, 2.387141
1645527028.827454, 2.805797, -1.935414, 2.387141
1645527028.926449, 2.805797, -1.935414, 2.387316
1645527029.006542, 2.805797, -1.935414, 2.387316
1645527029.126521, 2.805797, -1.935414, 2.387490
1645527029.246460, 2.805797, -1.935414, 2.387490
1645527029.306365, 2.805797, -1.935414, 2.387490
1645527029.446377, 2.805797, -1.935414, 2.387490
1645527029.507162, 2.805797, -1.935414, 2.387490
1645527029.627193, 2.805797, -1.935414, 2.387490
1645527029.727406, 2.805797, -1.935414, 2.387490
1645527029.847172, 2.805797, -1.935414, 2.387490
1645527029.906306, 2.805797, -1.935414, 2.387490
1645527030.026310, 2.805797, -1.935414, 2.387490
1645527030.126045, 2.805797, -1.935414, 2.387490
1645527030.226231, 2.805797, -1.935414, 2.387490
1645527030.325913, 2.805797, -1.935414, 2.387490
1645527030.445951, 2.805797, -1.935414, 2.387490
1645527030.525914, 2.805797, -1.935414, 2.387490
1645527030.626802, 2.805797, -1.935414, 2.387490
1645527030.745829, 2.805797, -1.935414, 2.387490
1645527030.825856, 2.805797, -1.935414, 2.387490
1645527030.945717, 2.805797, -1.935414, 2.387490
1645527030.985858, 2.805797, -1.935414, 2.387490
1645527031.125968, 2.805797, -1.935414, 2.387490
1645527031.245746, 2.805797, -1.935414, 2.387490
1645527031.305675, 2.805797, -1.935414, 2.387490
1645527031.425567, 2.805797, -1.935414, 2.387490
1645527031.525589, 2.805797, -1.935414, 2.387490
1645527031.605625, 2.805797, -1.935414, 2.387490
1645527031.705487, 2.805797, -1.935414, 2.387490
1645527031.844742, 2.805797, -1.935414, 2.387490
1645527031.944500, 2.805797, -1.935414, 2.387490
1645527032.024480, 2.805797, -1.935414, 2.387490
1645527032.125466, 2.805797, -1.935414, 2.387490
1645527032.225411, 2.805797, -1.935414, 2.387490
1645527032.305362, 2.805797, -1.935414, 2.387490
1645527032.405301, 2.805797, -1.935414, 2.387490
1645527032.525333, 2.805797, -1.935414, 2.387490
1645527032.624459, 2.805797, -1.935414, 2.387490
1645527032.724300, 2.805797, -1.935414, 2.387490
1645527032.824253, 2.805797, -1.935414, 2.387490
1645527032.944083, 2.805797, -1.935414, 2.387490
1645527033.025198, 2.805797, -1.935414, 2.387490
1645527033.125136, 2.805797, -1.935414, 2.387490
1645527033.205042, 2.805797, -1.935414, 2.387490
1645527033.304965, 2.805797, -1.935414, 2.387490
1645527033.425071, 2.805797, -1.935414, 2.387490
1645527033.544904, 2.805797, -1.935414, 2.387490
1645527033.645027, 2.805797, -1.935414, 2.387490
1645527033.743861, 2.805797, -1.935414, 2.387490
1645527033.785285, 2.805797, -1.935414, 2.387490
1645527033.923860, 2.805797, -1.935414, 2.387490
1645527034.024838, 2.805797, -1.935414, 2.387490
1645527034.124773, 2.805797, -1.935414, 2.387490
1645527034.224781, 2.805797, -1.935414, 2.387490
1645527034.283844, 2.805797, -1.935414, 2.387490
1645527034.304151, 2.805797, -1.935414, 2.387490
1645527034.483837, 2.805797, -1.935414, 2.387490
1645527034.544611, 2.805797, -1.935414, 2.387490
1645527034.603595, 2.805797, -1.935414, 2.387490
1645527034.664622, 2.805797, -1.935414, 2.387490
1645527035.483259, 2.805797, -1.935414, 2.387490
1645527035.564305, 2.805797, -1.935414, 2.387490
1645527035.904264, 2.805797, -1.935414, 2.387490
1645527036.464275, 2.805797, -1.935414, 2.387490
1645527036.823991, 2.805797, -1.935414, 2.387490
1645527037.463981, 2.805797, -1.935414, 2.387490
1645527038.622448, 2.805797, -1.935414, 2.387490
1645527038.722381, 2.805797, -1.935414, 2.387490
1645527038.842187, 2.805797, -1.935414, 2.387490
1645527038.922491, 2.805797, -1.935414, 2.387490
1645527039.022267, 2.805797, -1.935414, 2.387490
1645527039.142360, 2.805797, -1.935414, 2.387490
1645527039.222273, 2.805797, -1.935414, 2.387490
1645527039.322257, 2.805797, -1.935414, 2.387490
1645527039.422254, 2.805797, -1.935414, 2.387490
1645527039.542328, 2.805797, -1.935414, 2.387490
1645527039.642173, 2.805797, -1.935414, 2.387490
1645527039.702193, 2.805797, -1.935414, 2.387490
1645527039.842257, 2.805797, -1.935414, 2.387490
1645527039.922215, 2.805797, -1.935414, 2.387490
1645527040.042187, 2.805797, -1.935414, 2.387490
1645527040.142079, 2.805797, -1.935414, 2.387490
1645527040.242962, 2.805797, -1.935414, 2.387490
1645527040.342115, 2.805797, -1.935414, 2.387490
1645527040.421893, 2.805797, -1.935414, 2.387490
1645527040.521916, 2.805797, -1.935414, 2.387490
1645527040.621863, 2.805797, -1.935414, 2.387490
1645527040.741841, 2.805797, -1.935414, 2.387490
1645527040.842098, 2.805797, -1.935414, 2.387490
1645527040.922699, 2.805797, -1.935414, 2.387490
1645527041.022732, 2.805797, -1.935414, 2.387490
1645527041.121715, 2.805797, -1.935414, 2.387490
1645527041.242584, 2.805797, -1.935414, 2.387490
1645527041.321674, 2.805797, -1.935414, 2.387490
1645527041.441587, 2.805797, -1.935414, 2.387490
1645527041.521584, 2.805797, -1.935414, 2.387490
1645527041.621469, 2.805797, -1.935414, 2.387490
1645527041.702489, 2.805797, -1.935414, 2.387490
1645527041.821524, 2.805797, -1.935414, 2.387490
1645527041.901414, 2.805797, -1.935414, 2.387490
1645527042.021421, 2.805797, -1.935414, 2.387490
1645527042.121315, 2.805797, -1.935414, 2.387490
1645527042.241353, 2.805797, -1.935414, 2.387490
1645527042.341365, 2.805797, -1.935414, 2.387490
1645527042.441270, 2.805797, -1.935414, 2.387490
1645527042.541315, 2.805797, -1.935414, 2.387490
1645527042.621245, 2.805797, -1.935414, 2.387490
1645527042.741286, 2.805797, -1.935414, 2.387490
1645527042.841045, 2.805797, -1.935414, 2.387490
1645527042.941150, 2.805797, -1.935414, 2.387490
1645527043.001198, 2.805797, -1.935414, 2.387490
1645527043.101120, 2.805797, -1.935414, 2.387490
1645527043.221059, 2.805797, -1.935414, 2.387490
1645527043.340027, 2.805797, -1.935414, 2.387490
1645527043.421115, 2.805797, -1.935414, 2.387490
1645527043.521034, 2.805797, -1.935414, 2.387490
1645527043.620934, 2.805797, -1.935414, 2.387490
1645527043.699921, 2.805797, -1.935414, 2.387490
1645527043.820927, 2.805797, -1.935414, 2.387490
1645527043.919800, 2.805797, -1.935414, 2.387490
1645527044.019921, 2.805797, -1.935414, 2.387490
1645527044.120016, 2.805797, -1.935414, 2.387490
1645527044.201016, 2.805797, -1.935414, 2.387490
1645527044.339946, 2.805797, -1.935414, 2.387490
1645527044.420728, 2.805797, -1.935414, 2.387490
1645527044.520725, 2.805797, -1.935414, 2.387490
1645527044.600677, 2.805797, -1.935414, 2.387490
1645527044.720618, 2.805797, -1.935414, 2.387490
1645527044.820660, 2.805797, -1.935414, 2.387490
1645527044.899723, 2.805797, -1.935414, 2.387490
1645527045.019527, 2.805797, -1.935414, 2.387490
1645527045.119350, 2.805797, -1.935414, 2.387490
1645527045.180716, 2.805797, -1.935414, 2.387490
1645527045.339509, 2.805797, -1.935414, 2.387490
1645527045.420325, 2.805797, -1.935414, 2.387490
1645527045.520374, 2.805797, -1.935414, 2.387490
1645527045.620354, 2.805797, -1.935414, 2.387490
1645527045.699326, 2.805797, -1.935414, 2.387490
1645527045.819331, 2.805797, -1.935414, 2.387490
1645527045.919348, 2.805797, -1.935414, 2.387490
1645527046.019147, 2.805797, -1.935414, 2.387490
1645527046.139197, 2.805797, -1.935414, 2.387490
1645527046.200313, 2.805797, -1.935414, 2.387490
1645527046.319129, 2.805797, -1.935414, 2.387490
1645527046.419080, 2.805797, -1.935414, 2.387490
1645527046.519083, 2.805797, -1.935414, 2.387490
1645527046.620021, 2.805797, -1.935414, 2.387490
1645527046.718965, 2.805797, -1.935414, 2.387490
1645527046.818933, 2.805797, -1.935414, 2.387490
1645527046.879173, 2.805797, -1.935414, 2.387490
1645527047.018900, 2.805797, -1.935414, 2.387490
1645527047.118881, 2.805797, -1.935414, 2.387490
1645527047.218775, 2.805797, -1.935414, 2.387490
1645527047.318776, 2.805797, -1.935414, 2.387490
1645527047.438763, 2.805797, -1.935414, 2.387490
1645527047.538767, 2.805797, -1.935414, 2.387490
1645527047.619793, 2.805797, -1.935414, 2.387490
1645527047.718741, 2.805797, -1.935414, 2.387490
1645527047.798631, 2.805797, -1.935414, 2.387490
1645527047.918541, 2.805797, -1.935414, 2.387490
1645527047.998563, 2.805797, -1.935414, 2.387490
1645527048.118570, 2.805797, -1.935414, 2.387490
1645527048.218452, 2.805797, -1.935414, 2.387490
1645527048.318584, 2.805797, -1.935414, 2.387490
1645527048.419447, 2.805797, -1.935414, 2.387490
1645527048.519661, 2.805797, -1.935414, 2.387490
1645527048.618376, 2.805797, -1.935414, 2.387490
1645527048.739353, 2.805797, -1.935414, 2.387490
1645527048.818430, 2.805797, -1.935414, 2.387490
1645527048.898389, 2.805797, -1.935414, 2.387490
1645527049.018457, 2.805797, -1.935414, 2.387490
1645527049.118513, 2.805797, -1.935414, 2.387490
1645527049.218400, 2.805797, -1.935414, 2.387490
1645527049.338307, 2.805797, -1.935414, 2.387490
1645527049.438289, 2.805797, -1.935414, 2.387490
1645527049.538310, 2.805797, -1.935414, 2.387490
1645527049.638274, 2.805797, -1.935414, 2.387490
1645527049.718281, 2.805797, -1.935414, 2.387490
1645527049.817189, 2.805797, -1.935414, 2.387490
1645527049.917071, 2.805797, -1.935414, 2.387490
1645527050.037078, 2.805797, -1.935414, 2.387490
1645527050.138160, 2.805797, -1.935414, 2.387490
1645527050.218154, 2.805797, -1.935414, 2.387490
1645527050.318064, 2.805797, -1.935414, 2.387490
1645527050.418052, 2.805797, -1.935414, 2.387490
1645527050.537933, 2.805797, -1.935414, 2.387490
1645527050.636933, 2.805797, -1.935414, 2.387490
1645527050.736885, 2.805797, -1.935414, 2.387490
1645527050.836775, 2.805797, -1.935414, 2.387490
1645527050.917797, 2.805797, -1.935414, 2.387490
1645527051.037708, 2.805797, -1.935414, 2.387490
1645527051.137748, 2.805797, -1.935414, 2.387490
1645527051.217802, 2.805797, -1.935414, 2.387490
1645527051.337712, 2.805797, -1.935414, 2.387490
1645527051.437700, 2.805797, -1.935414, 2.387490
1645527051.537786, 2.805797, -1.935414, 2.387490
1645527051.616657, 2.805797, -1.935414, 2.387490
1645527051.716552, 2.805797, -1.935414, 2.387490
1645527051.836616, 2.805797, -1.935414, 2.387490
1645527051.936706, 2.805797, -1.935414, 2.387490
1645527052.016593, 2.805797, -1.935414, 2.387490
1645527052.136487, 2.805797, -1.935414, 2.387490
1645527052.217422, 2.805797, -1.935414, 2.387490
1645527052.316571, 2.805797, -1.935414, 2.387490
1645527052.416397, 2.805797, -1.935414, 2.387490
1645527052.536420, 2.805797, -1.935414, 2.387490
1645527052.636284, 2.805797, -1.935414, 2.387490
1645527052.696556, 2.805797, -1.935414, 2.387490
1645527052.836185, 2.805797, -1.935414, 2.387490
1645527052.897218, 2.805797, -1.935414, 2.387490
1645527053.016168, 2.805797, -1.935414, 2.387490
1645527053.136198, 2.805797, -1.935414, 2.387490
1645527053.217222, 2.805797, -1.935414, 2.387490
1645527053.337162, 2.805797, -1.935414, 2.387490
1645527053.416297, 2.805797, -1.935414, 2.387490
1645527053.516272, 2.805797, -1.935414, 2.387490
1645527053.616285, 2.805797, -1.935414, 2.387490
1645527053.736026, 2.805797, -1.935414, 2.387490
1645527053.835931, 2.805797, -1.935414, 2.387490
1645527053.936099, 2.805797, -1.935414, 2.387490
1645527053.996951, 2.805797, -1.935414, 2.387490
1645527054.117016, 2.805797, -1.935414, 2.387490
1645527054.236866, 2.805797, -1.935414, 2.387490
1645527054.315778, 2.805797, -1.935414, 2.387490
1645527054.435930, 2.805797, -1.935414, 2.387490
1645527054.535926, 2.805797, -1.935414, 2.387490
1645527054.715738, 2.805797, -1.935414, 2.387490
1645527054.835869, 2.805797, -1.935414, 2.387490
1645527054.935702, 2.805797, -1.935414, 2.387490
1645527055.035560, 2.805797, -1.935414, 2.387490
1645527055.116674, 2.805797, -1.935414, 2.387490
1645527055.215550, 2.805797, -1.935414, 2.387490
1645527055.335398, 2.805797, -1.935414, 2.387490
1645527055.415719, 2.805797, -1.935414, 2.387490
1645527055.535605, 2.805797, -1.935414, 2.387490
1645527055.615571, 2.805797, -1.935414, 2.387490
1645527055.735349, 2.805797, -1.935414, 2.387490
1645527055.835501, 2.805797, -1.935414, 2.387490
1645527055.916434, 2.805797, -1.935414, 2.387490
1645527056.035368, 2.805797, -1.935414, 2.387490
1645527056.136253, 2.805797, -1.935414, 2.387490
1645527056.255314, 2.805797, -1.935414, 2.387490
1645527056.335139, 2.805797, -1.935414, 2.387490
1645527056.435261, 2.805797, -1.935414, 2.387490
1645527056.535112, 2.805797, -1.935414, 2.387490
1645527056.615353, 2.805797, -1.935414, 2.387490
1645527056.735162, 2.805797, -1.935414, 2.387490
1645527056.855148, 2.805797, -1.935414, 2.387490
1645527056.895095, 2.805797, -1.935414, 2.387490
1645527057.015244, 2.805797, -1.935414, 2.387490
1645527057.135372, 2.805797, -1.935414, 2.387490
1645527057.234999, 2.805797, -1.935414, 2.387490
1645527057.295074, 2.805797, -1.935414, 2.387490
1645527057.414952, 2.805797, -1.935414, 2.387490
1645527057.514961, 2.805797, -1.935414, 2.387490
1645527057.615096, 2.805797, -1.935414, 2.387490
1645527057.714694, 2.805797, -1.935414, 2.387490
1645527057.834868, 2.805797, -1.935414, 2.387490
1645527057.893856, 2.805797, -1.935414, 2.387490
1645527058.034803, 2.805797, -1.935414, 2.387490
1645527058.113761, 2.805797, -1.935414, 2.387490
1645527058.213799, 2.805797, -1.935414, 2.387490
1645527058.274695, 2.805797, -1.935414, 2.387490
1645527058.433647, 2.805797, -1.935414, 2.387490
1645527058.533639, 2.805797, -1.935414, 2.387490
1645527058.553683, 2.805797, -1.935414, 2.387490
1645527058.594611, 2.805797, -1.935414, 2.387490
1645527058.614658, 2.805797, -1.935414, 2.387490
1645527058.653679, 2.805797, -1.935414, 2.387490
1645527059.213529, 2.805797, -1.935414, 2.387490
1645527059.453478, 2.805797, -1.935414, 2.387490
1645527059.833389, 2.805797, -1.935414, 2.387490
1645527060.313256, 2.805797, -1.935414, 2.387490
1645527061.352929, 2.805797, -1.935414, 2.387490
1645527062.632594, 2.805797, -1.935414, 2.387490
1645527062.733210, 2.805797, -1.935414, 2.387490
1645527062.832461, 2.805797, -1.935414, 2.387490
1645527062.912522, 2.805797, -1.935414, 2.387490
1645527063.032836, 2.805797, -1.935414, 2.387490
1645527063.092636, 2.805797, -1.935414, 2.387490
1645527063.212471, 2.805797, -1.935414, 2.387490
1645527063.332422, 2.805797, -1.935414, 2.387490
1645527063.452373, 2.805797, -1.935414, 2.387490
1645527063.513355, 2.805797, -1.935414, 2.387490
1645527063.633266, 2.805797, -1.935414, 2.387490
1645527063.712195, 2.805797, -1.935414, 2.387490
1645527063.832163, 2.805797, -1.935414, 2.387490
1645527063.932182, 2.805797, -1.935414, 2.387490
1645527064.032328, 2.805797, -1.935414, 2.387490
1645527064.132172, 2.805797, -1.935414, 2.387490
1645527064.232253, 2.805797, -1.935414, 2.387490
1645527064.312069, 2.805797, -1.935414, 2.387490
1645527064.452072, 2.805797, -1.935414, 2.387490
1645527064.511984, 2.805797, -1.935414, 2.387490
1645527064.611991, 2.805797, -1.935414, 2.387490
1645527064.711884, 2.805797, -1.935414, 2.387490
1645527064.811893, 2.805797, -1.935414, 2.387490
1645527064.931872, 2.805797, -1.935414, 2.387490
1645527065.011865, 2.805797, -1.935414, 2.387490
1645527065.131857, 2.805797, -1.935414, 2.387490
1645527065.231947, 2.805797, -1.935414, 2.387490
1645527065.351784, 2.805797, -1.935414, 2.387490
1645527065.431788, 2.805797, -1.935414, 2.387490
1645527065.531689, 2.805797, -1.935414, 2.387490
1645527065.610674, 2.805797, -1.935414, 2.387490
1645527065.710539, 2.805797, -1.935414, 2.387490
1645527065.811511, 2.805797, -1.935414, 2.387490
1645527065.911780, 2.805797, -1.935414, 2.387490
1645527066.030555, 2.805797, -1.935414, 2.387490
1645527066.131436, 2.805797, -1.935414, 2.387490
1645527066.231479, 2.805797, -1.935414, 2.387490
1645527066.331431, 2.805797, -1.935414, 2.387490
1645527066.431427, 2.805797, -1.935414, 2.387490
1645527066.531463, 2.805797, -1.935414, 2.387490
1645527066.610476, 2.805797, -1.935414, 2.387490
1645527066.710522, 2.805797, -1.935414, 2.387490
1645527066.830475, 2.805797, -1.935414, 2.387490
1645527066.930425, 2.805797, -1.935414, 2.387490
1645527067.031519, 2.805797, -1.935414, 2.387490
1645527067.131462, 2.805797, -1.935414, 2.387490
1645527067.231193, 2.805797, -1.935414, 2.387490
1645527067.331313, 2.805797, -1.935414, 2.387490
1645527067.431124, 2.805797, -1.935414, 2.387490
1645527067.510176, 2.805797, -1.935414, 2.387490
1645527067.630295, 2.805797, -1.935414, 2.387490
1645527067.730147, 2.805797, -1.935414, 2.387490
1645527067.830169, 2.805797, -1.935414, 2.387490
1645527067.930195, 2.805797, -1.935414, 2.387490
1645527068.031080, 2.805797, -1.935414, 2.387490
1645527068.131070, 2.805797, -1.935414, 2.387490
1645527068.231150, 2.805797, -1.935414, 2.387490
1645527068.309943, 2.805797, -1.935414, 2.387490
1645527068.430806, 2.805797, -1.935414, 2.387490
1645527068.529937, 2.805797, -1.935414, 2.387490
1645527068.630085, 2.805797, -1.935414, 2.387490
1645527068.749813, 2.805797, -1.935414, 2.387490
1645527068.829770, 2.805797, -1.935414, 2.387490
1645527068.930721, 2.805797, -1.935414, 2.387490
1645527069.030690, 2.805797, -1.935414, 2.387490
1645527069.130712, 2.805797, -1.935414, 2.387490
1645527069.210633, 2.805797, -1.935414, 2.387490
1645527069.330631, 2.805797, -1.935414, 2.387490
1645527069.429657, 2.805797, -1.935414, 2.387490
1645527069.529610, 2.805797, -1.935414, 2.387490
1645527069.629546, 2.805797, -1.935414, 2.387490
1645527069.710583, 2.805797, -1.935414, 2.387490
1645527069.829535, 2.805797, -1.935414, 2.387490
1645527069.930552, 2.805797, -1.935414, 2.387490
1645527070.009494, 2.805797, -1.935414, 2.387490
1645527070.130665, 2.805797, -1.935414, 2.387490
1645527070.230423, 2.805797, -1.935414, 2.387490
1645527070.330350, 2.805797, -1.935414, 2.387490
1645527070.429369, 2.805797, -1.935414, 2.387490
1645527070.529296, 2.805797, -1.935414, 2.387490
1645527070.629331, 2.805797, -1.935414, 2.387490
1645527070.710306, 2.805797, -1.935414, 2.387490
1645527070.810240, 2.805797, -1.935414, 2.387490
1645527070.910197, 2.805797, -1.935414, 2.387490
1645527071.050269, 2.805797, -1.935414, 2.387490
1645527071.130184, 2.805797, -1.935414, 2.387490
1645527071.230316, 2.805797, -1.935414, 2.387490
1645527071.328984, 2.805797, -1.935414, 2.387490
1645527071.429115, 2.805797, -1.935414, 2.387490
1645527071.549017, 2.805797, -1.935414, 2.387490
1645527071.629163, 2.805797, -1.935414, 2.387490
1645527071.748967, 2.805797, -1.935414, 2.387490
1645527071.848944, 2.805797, -1.935414, 2.387490
1645527071.888955, 2.805797, -1.935414, 2.387490
1645527072.049031, 2.805797, -1.935414, 2.387490
1645527072.108890, 2.805797, -1.935414, 2.387490
1645527072.229754, 2.805797, -1.935414, 2.387490
1645527072.328709, 2.805797, -1.935414, 2.387490
1645527072.428923, 2.805797, -1.935414, 2.387490
1645527072.508750, 2.805797, -1.935414, 2.387490
1645527072.608701, 2.805797, -1.935414, 2.387490
1645527072.708839, 2.805797, -1.935414, 2.387490
