129.483000, -nan, -nan, -nan
129.584000, 6.037416, 0.001764, -3.140477
129.682000, 6.037416, 0.001764, -3.140475
129.767000, 6.037416, 0.001764, -3.140472
129.877000, 6.037416, 0.001764, -3.140470
129.988000, 6.037416, 0.001764, -3.140469
130.087000, 6.037416, 0.001764, -3.140466
130.180000, 6.037416, 0.001764, -3.140463
130.288000, 6.037416, 0.001764, -3.140462
130.379000, 6.037416, 0.001764, -3.140461
130.487000, 6.037416, 0.001764, -3.140458
130.587000, 6.037416, 0.001764, -3.140455
130.685000, 6.037416, 0.001764, -3.140453
130.787000, 6.037416, 0.001764, -3.140451
130.885000, 6.037416, 0.001764, -3.140448
130.986000, 6.037416, 0.001764, -3.140445
131.086000, 6.037416, 0.001764, -3.140444
131.187000, 6.037416, 0.001764, -3.140442
131.274000, 6.037416, 0.001764, -3.140439
131.379000, 6.037416, 0.001764, -3.140437
131.468000, 6.037416, 0.001764, -3.140435
131.583000, 6.037416, 0.001764, -3.140433
131.686000, 6.037416, 0.001764, -3.140428
131.779000, 6.037416, 0.001764, -3.140426
131.884000, 6.037416, 0.001764, -3.140425
131.978000, 6.037416, 0.001764, -3.140422
132.081000, 6.037416, 0.001764, -3.140419
132.184000, 6.037416, 0.001764, -3.140419
132.287000, 6.037416, 0.001764, -3.140417
132.382000, 6.037416, 0.001764, -3.140414
132.472000, 6.037416, 0.001764, -3.140411
132.582000, 6.037416, 0.001764, -3.140410
132.688000, 6.037416, 0.001764, -3.140406
132.781000, 6.037416, 0.001764, -3.140405
132.880000, 6.037416, 0.001764, -3.140403
132.978000, 6.037416, 0.001764, -3.140401
133.086000, 6.037416, 0.001764, -3.140398
133.186000, 6.037416, 0.001764, -3.140396
133.280000, 6.037416, 0.001764, -3.140393
133.374000, 6.037416, 0.001764, -3.140391
133.481000, 6.037416, 0.001764, -3.140387
133.578000, 6.037416, 0.001764, -3.140386
133.685000, 6.037416, 0.001764, -3.140384
133.761000, 6.037416, 0.001764, -3.140381
133.866000, 6.037416, 0.001764, -3.140379
133.988000, 6.037416, 0.001764, -3.140374
134.077000, 6.037416, 0.001764, -3.140373
134.181000, 6.037416, 0.001764, -3.140369
134.286000, 6.037416, 0.001764, -3.140366
134.379000, 6.037416, 0.001764, -3.140365
134.486000, 6.037416, 0.001764, -3.140362
134.586000, 6.037416, 0.001764, -3.140361
134.685000, 6.037416, 0.001764, -3.140359
134.778000, 6.037416, 0.001764, -3.140356
134.883000, 6.037416, 0.001764, -3.140353
134.976000, 6.037416, 0.001764, -3.140352
135.087000, 6.037416, 0.001764, -3.140349
135.177000, 6.037416, 0.001764, -3.140346
135.287000, 6.037416, 0.001764, -3.140344
135.379000, 6.037416, 0.001764, -3.140343
135.480000, 6.037416, 0.001764, -3.140340
135.586000, 6.037416, 0.001764, -3.140338
135.678000, 6.037416, 0.001764, -3.140337
135.779000, 6.037416, 0.001764, -3.140335
135.884000, 6.037416, 0.001764, -3.140334
135.987000, 6.037416, 0.001764, -3.140329
136.085000, 6.037416, 0.001764, -3.140328
136.178000, 6.037416, 0.001764, -3.140326
136.279000, 6.037416, 0.001764, -3.140322
136.385000, 6.037416, 0.001764, -3.140321
136.487000, 6.037416, 0.001764, -3.140319
136.573000, 6.037416, 0.001764, -3.140316
136.677000, 6.037416, 0.001764, -3.140314
136.782000, 6.037416, 0.001764, -3.140313
136.882000, 6.037416, 0.001764, -3.140310
136.954000, 6.037416, 0.001764, -3.140308
137.086000, 6.037416, 0.001764, -3.140304
137.174000, 6.037416, 0.001764, -3.140303
137.277000, 6.037416, 0.001764, -3.140300
137.382000, 6.037416, 0.001764, -3.140297
137.486000, 6.037416, 0.001764, -3.140295
137.580000, 6.037416, 0.001764, -3.140295
137.687000, 6.037416, 0.001764, -3.140292
137.787000, 6.037416, 0.001764, -3.140290
137.864000, 6.037416, 0.001764, -3.140288
137.984000, 6.037416, 0.001764, -3.140285
138.083000, 6.037416, 0.001764, -3.140283
138.182000, 6.037416, 0.001764, -3.140281
138.276000, 6.037416, 0.001764, -3.140278
138.383000, 6.037416, 0.001764, -3.140276
138.458000, 6.037416, 0.001764, -3.140275
138.588000, 6.037416, 0.001764, -3.140271
138.685000, 6.037416, 0.001764, -3.140269
138.787000, 6.037416, 0.001764, -3.140266
138.872000, 6.037416, 0.001764, -3.140263
138.983000, 6.037416, 0.001764, -3.140261
139.077000, 6.037416, 0.001764, -3.140258
139.159000, 6.037416, 0.001764, -3.140255
139.266000, 6.037416, 0.001764, -3.140252
139.384000, 6.037416, 0.001764, -3.140250
139.486000, 6.037416, 0.001764, -3.140248
139.582000, 6.037416, 0.001764, -3.140244
139.681000, 6.037416, 0.001764, -3.140241
139.781000, 6.037416, 0.001764, -3.140241
139.870000, 6.037416, 0.001764, -3.140238
139.980000, 6.037416, 0.001764, -3.140235
140.075000, 6.037416, 0.001764, -3.140234
140.171000, 6.037416, 0.001764, -3.140232
140.281000, 6.037416, 0.001764, -3.140229
140.377000, 6.037416, 0.001764, -3.140225
140.482000, 6.037416, 0.001764, -3.140223
140.573000, 6.037416, 0.001764, -3.140221
140.680000, 6.037416, 0.001764, -3.140218
140.784000, 6.037416, 0.001764, -3.140214
140.861000, 6.037416, 0.001764, -3.140213
140.978000, 6.037416, 0.001764, -3.140211
141.084000, 6.035954, 0.001762, -3.140209
141.184000, 6.027816, 0.001751, -3.140198
141.283000, 6.013179, 0.001730, -3.140192
141.384000, 5.993229, 0.001702, -3.140184
141.488000, 5.972429, 0.001667, -3.137811
141.586000, 5.952630, 0.001479, -3.125562
141.640000, 5.938433, 0.001186, -3.116171
141.786000, 5.912648, 0.000320, -3.101046
141.880000, 5.894065, -0.000471, -3.097232
141.986000, 5.872887, -0.001438, -3.094359
142.068000, 5.853707, -0.002383, -3.089497
142.187000, 5.832741, -0.003574, -3.080399
142.279000, 5.812890, -0.008997, -3.068968
142.387000, 5.791752, -0.010623, -3.059397
142.483000, 5.772426, -0.012314, -3.049915
142.581000, 5.752519, -0.014235, -3.039980
142.683000, 5.732832, -0.016349, -3.029414
142.785000, 5.712373, -0.018751, -3.020298
142.873000, 5.693719, -0.021089, -3.013670
142.982000, 5.673493, -0.023749, -3.008179
143.076000, 5.653082, -0.026532, -3.003606
143.171000, 5.612907, -0.037599, -2.992810
143.284000, 5.593530, -0.040544, -2.988779
143.385000, 5.573768, -0.043624, -2.985467
143.486000, 5.553817, -0.046786, -2.982492
143.586000, 5.533883, -0.050052, -2.976043
143.688000, 5.513969, -0.053437, -2.970017
143.783000, 5.495062, -0.056779, -2.963320
143.887000, 5.474799, -0.060489, -2.958000
143.984000, 5.455339, -0.064142, -2.954275
144.076000, 5.437462, -0.067558, -2.951048
144.183000, 5.416654, -0.071616, -2.946598
144.285000, 5.396456, -0.075666, -2.940422
144.386000, 5.380903, -0.090562, -2.933930
144.480000, 5.362126, -0.094569, -2.928917
144.575000, 5.342779, -0.098784, -2.925415
144.678000, 5.323640, -0.103009, -2.923040
144.756000, 5.305490, -0.107073, -2.919566
144.881000, 5.284034, -0.111938, -2.918353
144.983000, 5.264336, -0.116412, -2.917209
145.086000, 5.244264, -0.121048, -2.911663
145.185000, 5.224794, -0.125622, -2.911432
145.281000, 5.206104, -0.130017, -2.909073
145.382000, 5.182641, -0.136414, -2.906526
145.480000, 5.163591, -0.141026, -2.901764
145.574000, 5.144949, -0.145618, -2.898378
145.678000, 5.125154, -0.150550, -2.896792
145.787000, 5.104004, -0.155834, -2.896804
145.880000, 5.085960, -0.160349, -2.895647
145.978000, 5.066954, -0.165136, -2.894351
146.073000, 5.048531, -0.169785, -2.894622
146.177000, 5.026805, -0.175239, -2.897113
146.285000, 5.007392, -0.180046, -2.900420
146.386000, 4.987772, -0.184853, -2.902625
146.482000, 4.934481, -0.194648, -2.905025
146.586000, 4.914273, -0.199573, -2.901190
146.687000, 4.894653, -0.204381, -2.901786
146.776000, 4.877359, -0.208595, -2.903180
146.884000, 4.856175, -0.213742, -2.902939
146.980000, 4.837715, -0.218239, -2.902634
147.081000, 4.818089, -0.223018, -2.903147
147.180000, 4.798846, -0.227683, -2.902251
147.274000, 4.780021, -0.232370, -2.892709
147.374000, 4.761242, -0.237240, -2.881711
147.482000, 4.740011, -0.243003, -2.875601
147.588000, 4.719957, -0.248526, -2.868599
147.688000, 4.709337, -0.248339, -2.864495
147.786000, 4.700108, -0.250982, -2.859421
147.880000, 4.691094, -0.253648, -2.848560
147.975000, 4.681727, -0.256527, -2.838234
148.075000, 4.672191, -0.259538, -2.835199
148.178000, 4.662656, -0.262551, -2.836358
148.273000, 4.653498, -0.265430, -2.836380
148.376000, 4.650256, -0.266456, -2.832862
148.477000, 4.650256, -0.266456, -2.832845
148.583000, 4.650256, -0.266456, -2.832844
148.683000, 4.650256, -0.266456, -2.832841
148.773000, 4.650256, -0.266456, -2.832840
148.877000, 4.650256, -0.266456, -2.832838
148.975000, 4.650256, -0.266456, -2.832835
149.072000, 4.650256, -0.266456, -2.832833
149.178000, 4.650256, -0.266456, -2.832831
149.266000, 4.650256, -0.266456, -2.832828
149.384000, 4.650256, -0.266456, -2.832825
149.471000, 4.650256, -0.266456, -2.832824
149.581000, 4.650256, -0.266456, -2.832822
149.680000, 4.650256, -0.266456, -2.832818
149.785000, 4.650256, -0.266456, -2.832816
149.880000, 4.650256, -0.266456, -2.832815
149.977000, 4.650256, -0.266456, -2.832812
150.077000, 4.650256, -0.266456, -2.832810
150.173000, 4.650256, -0.266456, -2.832809
150.280000, 4.650256, -0.266456, -2.832805
150.385000, 4.650256, -0.266456, -2.832803
150.485000, 4.650256, -0.266456, -2.832801
150.576000, 4.650256, -0.266456, -2.832798
150.673000, 4.650256, -0.266456, -2.832797
150.784000, 4.650256, -0.266456, -2.832794
150.876000, 4.650256, -0.266456, -2.832791
150.982000, 4.650256, -0.266456, -2.832790
151.066000, 4.650256, -0.266456, -2.832788
151.188000, 4.650256, -0.266456, -2.832783
151.286000, 4.650256, -0.266456, -2.832781
151.383000, 4.650256, -0.266456, -2.832779
151.477000, 4.650256, -0.266456, -2.832776
151.578000, 4.650256, -0.266456, -2.832774
151.688000, 4.650256, -0.266456, -2.832772
151.778000, 4.650256, -0.266456, -2.832771
151.880000, 4.650256, -0.266456, -2.832767
151.975000, 4.650256, -0.266456, -2.832765
152.077000, 4.650256, -0.266456, -2.832763
152.179000, 4.650256, -0.266456, -2.832760
152.275000, 4.650256, -0.266456, -2.832757
152.387000, 4.650256, -0.266456, -2.832755
152.485000, 4.650256, -0.266456, -2.832753
152.583000, 4.650256, -0.266456, -2.832752
152.682000, 4.650256, -0.266456, -2.832750
152.774000, 4.650256, -0.266456, -2.832749
152.888000, 4.650256, -0.266456, -2.832746
152.982000, 4.650256, -0.266456, -2.832744
153.087000, 4.650256, -0.266456, -2.832741
153.171000, 4.650256, -0.266456, -2.832739
153.269000, 4.650256, -0.266456, -2.832737
153.383000, 4.650256, -0.266456, -2.832732
153.485000, 4.650256, -0.266456, -2.832730
153.574000, 4.650256, -0.266456, -2.832728
153.678000, 4.650256, -0.266456, -2.832724
153.772000, 4.650256, -0.266456, -2.832722
153.871000, 4.646789, -0.267555, -2.837705
153.986000, 4.633898, -0.271437, -2.859147
154.089000, 4.615053, -0.276685, -2.880288
154.173000, 4.598788, -0.280889, -2.897235
154.278000, 4.578362, -0.285764, -2.917118
154.384000, 4.557648, -0.290275, -2.937815
154.480000, 4.538811, -0.293991, -2.955675
154.585000, 4.518139, -0.297688, -2.973396
154.678000, 4.489090, -0.300458, -2.973397
154.776000, 4.470005, -0.303935, -2.944561
154.881000, 4.449532, -0.308601, -2.887073
154.986000, 4.429368, -0.314455, -2.832166
155.074000, 4.426465, -0.323367, -2.795704
155.185000, 4.405949, -0.331304, -2.746143
155.275000, 4.389258, -0.338559, -2.722685
155.386000, 4.369204, -0.347606, -2.718578
155.487000, 4.350734, -0.355783, -2.732335
155.581000, 4.333431, -0.363134, -2.747792
155.687000, 4.313802, -0.371144, -2.758869
155.784000, 4.295774, -0.378310, -2.767969
155.879000, 4.278056, -0.385170, -2.776184
155.979000, 4.259357, -0.392265, -2.780725
156.077000, 4.241006, -0.399152, -2.784857
156.188000, 4.220187, -0.406858, -2.788893
156.286000, 4.182234, -0.410521, -2.772379
156.382000, 4.164625, -0.417654, -2.739088
156.484000, 4.145839, -0.426102, -2.697288
156.586000, 4.127777, -0.435145, -2.658238
156.687000, 4.110057, -0.444840, -2.624402
156.775000, 4.093008, -0.454906, -2.591406
156.883000, 4.082987, -0.461184, -2.577312
156.984000, 4.074344, -0.466601, -2.593068
157.079000, 4.062464, -0.473645, -2.615738
157.182000, 4.044906, -0.483684, -2.626805
157.284000, 4.027463, -0.493469, -2.633661
157.385000, 4.009787, -0.503246, -2.638862
157.475000, 3.993304, -0.512289, -2.639931
157.576000, 3.976117, -0.521710, -2.640803
157.676000, 3.956519, -0.528735, -2.641025
157.784000, 3.937936, -0.538939, -2.635312
157.887000, 3.919968, -0.549014, -2.625366
157.968000, 3.905923, -0.557088, -2.612680
158.072000, 3.887539, -0.568041, -2.598049
158.174000, 3.876252, -0.574932, -2.587067
158.280000, 3.867442, -0.580460, -2.576889
158.379000, 3.859040, -0.585696, -2.598430
158.482000, 3.856246, -0.587343, -2.653215
158.586000, 3.856246, -0.587343, -2.721612
158.683000, 3.852769, -0.588744, -2.785358
158.767000, 3.850877, -0.584813, -2.842678
158.874000, 3.850877, -0.584813, -2.912482
158.985000, 3.850877, -0.584813, -2.986737
159.073000, 3.851233, -0.583219, -3.045438
159.175000, 3.845769, -0.583553, -3.112002
159.274000, 3.839320, -0.583564, 3.108850
159.379000, 3.845922, -0.579382, 3.037382
159.483000, 3.845276, -0.579312, 2.972353
159.569000, 3.841850, -0.578597, 2.910710
159.673000, 3.838462, -0.577720, 2.846829
159.785000, 3.847351, -0.578270, 2.772442
159.877000, 3.847351, -0.578270, 2.712645
159.973000, 3.847351, -0.578270, 2.648663
160.079000, 3.851263, -0.575595, 2.575791
160.176000, 3.850758, -0.575271, 2.516908
160.288000, 3.849417, -0.574186, 2.447340
160.382000, 3.844771, -0.570082, 2.388213
160.478000, 3.843973, -0.569325, 2.338596
160.583000, 3.844797, -0.567063, 2.290977
160.681000, 3.844468, -0.566687, 2.245095
160.782000, 3.842458, -0.564022, 2.201899
160.888000, 3.838085, -0.557716, 2.151953
160.978000, 3.837757, -0.557214, 2.111992
161.073000, 3.834482, -0.552529, 2.067325
161.175000, 3.832057, -0.547816, 2.027863
161.284000, 3.828150, -0.539364, 1.978626
161.377000, 3.824871, -0.531259, 1.931041
161.479000, 3.821647, -0.521979, 1.879329
161.581000, 3.826566, -0.514023, 1.834933
161.688000, 3.823971, -0.503434, 1.787302
161.785000, 3.822123, -0.494159, 1.747681
161.870000, 3.820797, -0.485883, 1.710288
161.978000, 3.819509, -0.475174, 1.675996
162.082000, 3.818516, -0.464526, 1.651714
162.181000, 3.817824, -0.454754, 1.631315
162.284000, 3.817257, -0.443358, 1.612735
162.380000, 3.816494, -0.425779, 1.621489
162.485000, 3.815094, -0.405428, 1.661739
162.586000, 3.812822, -0.385358, 1.704999
162.687000, 3.809692, -0.365404, 1.748478
162.773000, 3.806346, -0.348533, 1.784774
162.886000, 3.801042, -0.326566, 1.830635
162.986000, 3.794836, -0.311088, 1.861642
163.088000, 3.788685, -0.291638, 1.892426
163.174000, 3.782337, -0.273519, 1.924472
163.274000, 3.778248, -0.262824, 1.946703
163.374000, 3.776695, -0.258947, 1.977884
163.479000, 3.776695, -0.258947, 2.025180
163.581000, 3.774925, -0.255584, 2.072583
163.687000, 3.770207, -0.256992, 2.122458
163.783000, 3.767672, -0.253093, 2.162459
163.877000, 3.761248, -0.243858, 2.188874
163.968000, 3.753007, -0.232417, 2.200566
164.073000, 3.742038, -0.217474, 2.204521
164.186000, 3.733302, -0.205527, 2.198573
164.276000, 3.728057, -0.198213, 2.185261
164.388000, 3.721732, -0.189092, 2.170047
164.482000, 3.720159, -0.186766, 2.141521
164.572000, 3.720159, -0.186766, 2.100825
164.678000, 3.718053, -0.182959, 2.066932
164.781000, 3.711988, -0.171506, 2.053397
164.882000, 3.703423, -0.155179, 2.057510
164.969000, 3.698078, -0.145194, 2.069071
165.082000, 3.692693, -0.135488, 2.086076
165.186000, 3.687593, -0.126539, 2.087363
165.274000, 3.683204, -0.118797, 2.087206
165.380000, 3.678037, -0.109656, 2.080924
165.481000, 3.673172, -0.100920, 2.078546
165.572000, 3.668747, -0.092968, 2.078548
165.678000, 3.663549, -0.083615, 2.077314
165.784000, 3.658454, -0.074434, 2.078851
165.871000, 3.654849, -0.065634, 2.089388
165.978000, 3.645104, -0.049034, 2.113900
166.076000, 3.640113, -0.040980, 2.144938
166.181000, 3.633168, -0.030738, 2.182515
166.278000, 3.624425, -0.018550, 2.200627
166.377000, 3.613956, -0.004543, 2.228114
166.475000, 3.601744, 0.010529, 2.277267
166.590000, 3.577136, 0.029275, 2.335798
166.687000, 3.562816, 0.043520, 2.381907
166.786000, 3.548623, 0.056447, 2.423955
166.873000, 3.535308, 0.067647, 2.460640
166.978000, 3.518876, 0.080398, 2.502632
167.086000, 3.494849, 0.092813, 2.548210
167.174000, 3.479755, 0.102618, 2.582234
167.280000, 3.461925, 0.113327, 2.618661
167.369000, 3.446383, 0.122003, 2.646761
167.475000, 3.427557, 0.131748, 2.681861
167.585000, 3.407488, 0.141236, 2.718076
167.688000, 3.388577, 0.149403, 2.749766
167.779000, 3.380645, 0.154961, 2.776080
167.883000, 3.361104, 0.162087, 2.809310
167.982000, 3.342286, 0.168243, 2.841468
168.074000, 3.324442, 0.173487, 2.870006
168.182000, 3.303347, 0.178984, 2.904030
168.280000, 3.284623, 0.183229, 2.933195
168.379000, 3.260778, 0.188200, 2.963700
168.481000, 3.240442, 0.191474, 3.003707
168.581000, 3.220178, 0.193805, 3.053001
168.671000, 3.202217, 0.194966, 3.102523
168.781000, 3.180821, 0.195265, -3.134062
168.874000, 3.166620, 0.193575, -3.093585
168.981000, 3.144881, 0.191973, -3.041654
169.075000, 3.126620, 0.189730, -2.996221
169.187000, 3.104544, 0.185945, -2.949701
169.275000, 3.088621, 0.181708, -2.903285
169.386000, 3.067971, 0.176101, -2.851675
169.477000, 3.050076, 0.170342, -2.808279
169.569000, 3.033386, 0.164159, -2.763979
169.676000, 3.013896, 0.155825, -2.710996
169.774000, 2.997067, 0.152321, -2.663074
169.881000, 2.978123, 0.141948, -2.620678
169.985000, 2.960109, 0.131157, -2.582482
170.085000, 2.943516, 0.120355, -2.545842
170.183000, 2.927006, 0.108719, -2.509658
170.286000, 2.899337, 0.096867, -2.463688
170.381000, 2.884801, 0.084635, -2.420419
170.462000, 2.871375, 0.072348, -2.380495
170.582000, 2.855813, 0.056801, -2.332021
170.685000, 2.841895, 0.041615, -2.295142
170.779000, 2.829649, 0.027352, -2.265428
170.883000, 2.816282, 0.009553, -2.232146
170.986000, 2.804010, -0.006742, -2.200335
171.080000, 2.793151, -0.022088, -2.172832
171.179000, 2.782041, -0.038718, -2.147473
171.278000, 2.771437, -0.055438, -2.124770
171.374000, 2.761617, -0.071703, -2.102568
171.484000, 2.750717, -0.090813, -2.075175
171.573000, 2.742079, -0.106832, -2.057133
171.680000, 2.732409, -0.125473, -2.042722
171.780000, 2.723324, -0.143514, -2.032130
171.877000, 2.717413, -0.158661, -2.022153
171.982000, 2.708537, -0.177251, -2.010287
172.083000, 2.703061, -0.188959, -2.010781
172.181000, 2.701260, -0.192746, -2.034371
172.278000, 2.701260, -0.192746, -2.087702
172.382000, 2.701260, -0.192746, -2.156206
172.463000, 2.699791, -0.193986, -2.213871
172.586000, 2.694635, -0.200295, -2.292820
172.684000, 2.694038, -0.200968, -2.357472
172.779000, 2.694038, -0.200968, -2.420692
172.876000, 2.699102, -0.199285, -2.484970
172.988000, 2.699102, -0.199285, -2.557412
173.083000, 2.699102, -0.199285, -2.619907
173.181000, 2.703652, -0.197164, -2.685954
173.279000, 2.703652, -0.197164, -2.749840
173.369000, 2.703652, -0.197164, -2.809046
173.480000, 2.699823, -0.198572, -2.881581
173.573000, 2.699823, -0.198572, -2.946037
173.683000, 2.699823, -0.198572, -3.015088
173.784000, 2.699823, -0.198572, -3.082819
173.875000, 2.703648, -0.199136, 3.140658
173.977000, 2.703648, -0.199136, 3.074178
174.079000, 2.703648, -0.199136, 3.007150
174.168000, 2.703352, -0.194224, 2.948310
174.282000, 2.703352, -0.194224, 2.874732
174.382000, 2.703352, -0.194224, 2.809630
174.476000, 2.696611, -0.195543, 2.749066
174.582000, 2.696611, -0.195543, 2.678634
174.669000, 2.693845, -0.194038, 2.620154
174.772000, 2.692895, -0.193484, 2.553628
174.873000, 2.690547, -0.192357, 2.487552
174.978000, 2.684863, -0.187660, 2.417920
175.081000, 2.678393, -0.181533, 2.349551
175.172000, 2.669253, -0.176351, 2.290224
175.276000, 2.662803, -0.168452, 2.220477
175.375000, 2.657286, -0.160691, 2.156541
175.480000, 2.651885, -0.151918, 2.088208
175.588000, 2.642833, -0.146659, 2.018306
175.681000, 2.638960, -0.137898, 1.955234
175.777000, 2.634223, -0.124972, 1.893420
175.863000, 2.626797, -0.108818, 1.822179
175.987000, 2.622907, -0.091242, 1.754360
176.072000, 2.620577, -0.076392, 1.697854
176.183000, 2.618798, -0.056724, 1.623499
176.282000, 2.615057, -0.038628, 1.563713
176.380000, 2.615724, -0.021513, 1.499240
176.481000, 2.617587, -0.003784, 1.432216
176.579000, 2.613191, 0.012066, 1.366313
176.674000, 2.617109, 0.028380, 1.303124
176.781000, 2.622565, 0.045901, 1.234109
176.880000, 2.629584, 0.064034, 1.169046
176.969000, 2.638882, 0.080073, 1.110175
177.069000, 2.648648, 0.098206, 1.042568
177.181000, 2.660182, 0.116464, 0.971516
177.271000, 2.674233, 0.133190, 0.914838
177.384000, 2.688502, 0.150451, 0.843148
177.484000, 2.702280, 0.164943, 0.777536
177.581000, 2.711290, 0.172971, 0.713943
177.687000, 2.719443, 0.179584, 0.648948
177.786000, 2.727498, 0.185338, 0.591987
177.882000, 2.735601, 0.190484, 0.539382
177.967000, 2.742989, 0.194684, 0.494380
178.067000, 2.753365, 0.198881, 0.439025
178.182000, 2.763923, 0.203436, 0.376420
178.287000, 2.773786, 0.207032, 0.322743
178.379000, 2.782570, 0.209764, 0.281627
178.485000, 2.785387, 0.210554, 0.256323
178.587000, 2.785387, 0.210554, 0.228492
178.682000, 2.785603, 0.210855, 0.172129
178.776000, 2.785603, 0.210855, 0.111508
178.870000, 2.785603, 0.210855, 0.047722
178.969000, 2.783997, 0.209915, -0.011333
179.087000, 2.783997, 0.209915, -0.088908
179.186000, 2.783997, 0.209915, -0.154669
179.277000, 2.780748, 0.207559, -0.213426
179.377000, 2.780748, 0.207559, -0.279233
179.486000, 2.780748, 0.207559, -0.352187
179.584000, 2.780748, 0.207559, -0.415949
179.672000, 2.776223, 0.207057, -0.469797
179.778000, 2.776223, 0.207057, -0.548149
179.883000, 2.779536, 0.204861, -0.599802
179.973000, 2.776999, 0.203813, -0.648838
180.077000, 2.776999, 0.203813, -0.715867
180.177000, 2.776999, 0.203813, -0.780933
180.277000, 2.784211, 0.204913, -0.849807
180.377000, 2.784211, 0.204913, -0.914920
180.474000, 2.784211, 0.204913, -0.984706
180.583000, 2.784211, 0.204913, -1.050489
180.675000, 2.785594, 0.204807, -1.110534
180.774000, 2.785594, 0.204807, -1.176915
180.879000, 2.785594, 0.204807, -1.245401
180.983000, 2.791643, 0.203747, -1.316827
181.086000, 2.791643, 0.203747, -1.382533
181.184000, 2.791643, 0.203747, -1.447026
181.283000, 2.791953, 0.200098, -1.512114
181.377000, 2.791733, 0.198311, -1.575692
181.484000, 2.791733, 0.198311, -1.644743
181.579000, 2.791733, 0.198311, -1.707288
181.686000, 2.798337, 0.194503, -1.778459
181.785000, 2.796615, 0.187488, -1.843496
181.878000, 2.796390, 0.186694, -1.904492
181.984000, 2.799128, 0.181081, -1.979347
182.081000, 2.795098, 0.172591, -2.041867
182.182000, 2.789194, 0.161860, -2.106300
182.275000, 2.786379, 0.157340, -2.168749
182.377000, 2.784690, 0.151767, -2.237386
182.484000, 2.774393, 0.139689, -2.309521
182.567000, 2.763328, 0.128239, -2.369346
182.673000, 2.754395, 0.117956, -2.433585
182.771000, 2.738790, 0.105452, -2.499234
182.888000, 2.719876, 0.092375, -2.574811
182.975000, 2.710748, 0.086893, -2.631503
183.082000, 2.691093, 0.077834, -2.701216
183.188000, 2.682006, 0.073846, -2.760237
183.276000, 2.674879, 0.071174, -2.805146
183.385000, 2.665254, 0.068096, -2.858591
183.478000, 2.655370, 0.065605, -2.902950
183.579000, 2.645695, 0.063515, -2.958925
183.684000, 2.643108, 0.063070, -3.011847
183.784000, 2.639477, 0.062693, -3.055219
183.880000, 2.638929, 0.062646, -3.101262
183.976000, 2.637930, 0.064263, 3.139352
184.077000, 2.636980, 0.064268, 3.094706
184.184000, 2.633179, 0.064555, 3.047006
184.286000, 2.625859, 0.065449, 2.992951
184.369000, 2.616238, 0.066098, 2.947911
184.469000, 2.603821, 0.068928, 2.894102
184.576000, 2.587538, 0.073449, 2.848391
184.675000, 2.570108, 0.079064, 2.820825
184.780000, 2.550369, 0.085621, 2.826125
184.883000, 2.530534, 0.091882, 2.844017
184.988000, 2.510609, 0.097851, 2.856001
185.075000, 2.491769, 0.103256, 2.869428
185.181000, 2.473054, 0.108366, 2.880060
185.282000, 2.453895, 0.113363, 2.893786
185.380000, 2.434667, 0.118087, 2.907359
185.474000, 2.416356, 0.122346, 2.918556
185.586000, 2.392308, 0.126232, 2.929269
185.684000, 2.373135, 0.130303, 2.934791
185.788000, 2.352762, 0.134494, 2.943674
185.877000, 2.334903, 0.138001, 2.951427
185.984000, 2.314267, 0.141894, 2.958619
186.073000, 2.302831, 0.143982, 2.963579
186.180000, 2.287555, 0.146678, 2.970428
186.271000, 2.272371, 0.149250, 2.976914
186.387000, 2.252507, 0.152480, 2.983509
186.477000, 2.236947, 0.154917, 2.989322
186.578000, 2.219468, 0.157545, 2.995107
186.670000, 2.203708, 0.159827, 3.000858
186.777000, 2.187588, 0.162082, 3.006267
186.887000, 2.168857, 0.164606, 3.007899
186.984000, 2.152030, 0.166842, 3.011853
187.078000, 2.135712, 0.168924, 3.017809
187.186000, 2.116954, 0.171236, 3.018394
187.280000, 2.100625, 0.173230, 3.023087
187.382000, 2.082891, 0.175255, 3.033803
187.474000, 2.072923, 0.176253, 3.057286
187.586000, 2.071502, 0.176367, 3.102525
187.685000, 2.071502, 0.176367, -3.141162
187.785000, 2.071502, 0.176367, -3.101292
187.877000, 2.069442, 0.175533, -3.064406
187.979000, 2.069442, 0.175533, -3.048530
188.076000, 2.069442, 0.175533, -3.048628
188.177000, 2.069442, 0.175533, -3.048624
188.287000, 2.069442, 0.175533, -3.048620
188.377000, 2.069442, 0.175533, -3.048619
188.487000, 2.069442, 0.175533, -3.048615
188.566000, 2.069442, 0.175533, -3.048614
188.700000, 2.069442, 0.175533, -3.048611
188.762000, 2.069442, 0.175533, -3.048610
188.887000, 2.069442, 0.175533, -3.048606
188.980000, 2.069442, 0.175533, -3.048604
189.067000, 2.069442, 0.175533, -3.048600
189.177000, 2.069442, 0.175533, -3.048598
189.289000, 2.069442, 0.175533, -3.048595
189.381000, 2.069442, 0.175533, -3.048593
189.482000, 2.069442, 0.175533, -3.048590
189.577000, 2.069442, 0.175533, -3.048587
189.685000, 2.069442, 0.175533, -3.048583
189.776000, 2.069442, 0.175533, -3.048582
189.872000, 2.069442, 0.175533, -3.048577
189.985000, 2.069442, 0.175533, -3.048574
190.081000, 2.069442, 0.175533, -3.048572
190.186000, 2.069442, 0.175533, -3.048568
190.274000, 2.069442, 0.175533, -3.048567
190.378000, 2.069442, 0.175533, -3.048565
190.480000, 2.069442, 0.175533, -3.048562
190.575000, 2.069442, 0.175533, -3.048560
190.674000, 2.069442, 0.175533, -3.048560
190.786000, 2.069442, 0.175533, -3.048558
190.875000, 2.069442, 0.175533, -3.048555
190.977000, 2.069442, 0.175533, -3.048553
191.087000, 2.069442, 0.175533, -3.048548
191.180000, 2.069442, 0.175533, -3.048547
191.288000, 2.069442, 0.175533, -3.048543
191.376000, 2.069442, 0.175533, -3.048540
191.479000, 2.069442, 0.175533, -3.048538
191.586000, 2.069442, 0.175533, -3.048537
191.679000, 2.069442, 0.175533, -3.048534
191.774000, 2.069442, 0.175533, -3.048532
191.879000, 2.069442, 0.175533, -3.048528
191.988000, 2.069442, 0.175533, -3.048528
192.071000, 2.069442, 0.175533, -3.048525
192.180000, 2.069442, 0.175533, -3.048522
192.281000, 2.069442, 0.175533, -3.048520
192.389000, 2.069442, 0.175533, -3.048517
192.489000, 2.069442, 0.175533, -3.048514
192.575000, 2.069442, 0.175533, -3.048512
192.671000, 2.069442, 0.175533, -3.048510
192.783000, 2.069442, 0.175533, -3.048506
192.878000, 2.069442, 0.175533, -3.048503
192.982000, 2.069442, 0.175533, -3.048500
193.086000, 2.069442, 0.175533, -3.048499
193.176000, 2.069442, 0.175533, -3.048494
193.285000, 2.069442, 0.175533, -3.048491
193.368000, 2.069442, 0.175533, -3.048489
193.478000, 2.069442, 0.175533, -3.048488
193.574000, 2.069442, 0.175533, -3.048485
193.681000, 2.069442, 0.175533, -3.048483
193.777000, 2.069442, 0.175533, -3.048480
193.889000, 2.069442, 0.175533, -3.048478
193.979000, 2.069442, 0.175533, -3.048474
194.075000, 2.069442, 0.175533, -3.048472
194.184000, 2.069442, 0.175533, -3.048471
194.280000, 2.069442, 0.175533, -3.048467
194.391000, 2.069442, 0.175533, -3.048464
194.472000, 2.069442, 0.175533, -3.048462
194.573000, 2.069442, 0.175533, -3.048458
194.681000, 2.069442, 0.175533, -3.048456
194.773000, 2.069442, 0.175533, -3.048454
194.874000, 2.069442, 0.175533, -3.048451
194.987000, 2.069442, 0.175533, -3.048447
195.086000, 2.069442, 0.175533, -3.048446
195.187000, 2.069442, 0.175533, -3.048442
195.283000, 2.069442, 0.175533, -3.048439
195.386000, 2.069442, 0.175533, -3.048437
195.475000, 2.069442, 0.175533, -3.048434
195.578000, 2.069442, 0.175533, -3.048430
195.684000, 2.069442, 0.175533, -3.048428
195.777000, 2.069442, 0.175533, -3.048427
195.872000, 2.065225, 0.175122, -3.039310
195.971000, 2.062239, 0.174795, -3.007747
196.082000, 2.062239, 0.174795, -2.942950
196.187000, 2.066852, 0.176059, -2.875082
196.271000, 2.066852, 0.176059, -2.818596
196.379000, 2.066852, 0.176059, -2.748808
196.487000, 2.061950, 0.173862, -2.677004
196.583000, 2.061950, 0.173862, -2.613209
196.681000, 2.058773, 0.171848, -2.549466
196.770000, 2.058276, 0.171511, -2.490887
196.875000, 2.054188, 0.167934, -2.422216
196.976000, 2.049067, 0.163127, -2.356451
197.072000, 2.047803, 0.161845, -2.290713
197.178000, 2.045759, 0.162343, -2.223939
197.283000, 2.045759, 0.162343, -2.152871
197.384000, 2.045759, 0.162343, -2.088450
197.482000, 2.045759, 0.162343, -2.022083
197.587000, 2.044520, 0.161726, -1.953512
197.686000, 2.042858, 0.157065, -1.888211
197.775000, 2.040662, 0.149646, -1.829119
197.885000, 2.040843, 0.145646, -1.755736
197.978000, 2.040843, 0.145646, -1.695285
198.086000, 2.040457, 0.140749, -1.624194
198.188000, 2.044373, 0.129681, -1.558323
198.281000, 2.045001, 0.115297, -1.495216
198.387000, 2.047135, 0.096031, -1.427581
198.481000, 2.050387, 0.077517, -1.365659
198.586000, 2.056542, 0.057325, -1.296611
198.677000, 2.062248, 0.039206, -1.234083
198.778000, 2.069075, 0.021478, -1.171609
198.886000, 2.078794, 0.001045, -1.098746
198.982000, 2.087952, -0.015599, -1.036056
199.085000, 2.098923, -0.032793, -0.968988
199.178000, 2.113680, -0.045868, -0.908772
199.278000, 2.126613, -0.061381, -0.842256
199.377000, 2.140120, -0.075578, -0.777648
199.475000, 2.155421, -0.089662, -0.710132
199.569000, 2.166663, -0.100659, -0.656829
199.678000, 2.185003, -0.113858, -0.591783
199.781000, 2.202743, -0.125092, -0.536067
199.875000, 2.218051, -0.133773, -0.497077
199.987000, 2.237976, -0.144004, -0.451699
200.079000, 2.254853, -0.151820, -0.415724
200.183000, 2.271830, -0.159610, -0.375007
200.284000, 2.290558, -0.166627, -0.342610
200.371000, 2.307016, -0.172272, -0.318746
200.476000, 2.327043, -0.178589, -0.292493
200.582000, 2.347417, -0.184448, -0.267774
200.678000, 2.366178, -0.189384, -0.246830
200.787000, 2.387378, -0.194459, -0.222572
200.878000, 2.405951, -0.198464, -0.202304
200.983000, 2.425582, -0.202288, -0.182673
201.086000, 2.448559, -0.203848, -0.164488
201.178000, 2.466534, -0.206695, -0.149920
201.273000, 2.485535, -0.209454, -0.140256
201.373000, 2.506338, -0.212320, -0.133879
201.475000, 2.525374, -0.214827, -0.127633
201.580000, 2.546212, -0.217432, -0.121375
201.678000, 2.565873, -0.219770, -0.114923
201.772000, 2.584556, -0.221870, -0.109290
201.886000, 2.607226, -0.224297, -0.104405
201.975000, 2.624734, -0.226098, -0.100205
202.087000, 2.647027, -0.228282, -0.095476
202.177000, 2.665570, -0.230018, -0.092923
202.282000, 2.686484, -0.231917, -0.088570
202.386000, 2.707207, -0.233707, -0.083432
202.476000, 2.724947, -0.235158, -0.079940
202.584000, 2.746482, -0.236832, -0.074797
202.681000, 2.765831, -0.238242, -0.070986
202.787000, 2.787179, -0.239730, -0.068542
202.875000, 2.804540, -0.240900, -0.065761
202.977000, 2.825297, -0.242238, -0.063313
203.074000, 2.844460, -0.243428, -0.060365
203.173000, 2.864069, -0.244082, -0.059937
203.277000, 2.884633, -0.245288, -0.056855
203.378000, 2.904802, -0.246408, -0.054421
203.488000, 2.926771, -0.247572, -0.051056
203.582000, 2.945748, -0.248518, -0.048860
203.673000, 2.963727, -0.249376, -0.046148
203.775000, 2.984107, -0.250289, -0.043744
203.880000, 3.005488, -0.251195, -0.040611
203.985000, 3.026072, -0.252005, -0.038335
204.085000, 3.046257, -0.252791, -0.040473
204.185000, 3.065155, -0.254413, -0.044360
204.275000, 3.083136, -0.255244, -0.047681
204.377000, 3.103512, -0.256242, -0.049832
204.480000, 3.124285, -0.257294, -0.051435
204.583000, 3.137928, -0.258063, -0.069741
204.676000, 3.140672, -0.258281, -0.114176
204.768000, 3.140672, -0.258281, -0.176731
204.885000, 3.139731, -0.257353, -0.249122
204.969000, 3.139731, -0.257353, -0.307636
205.081000, 3.139731, -0.257353, -0.379281
205.164000, 3.139731, -0.257353, -0.437797
205.283000, 3.143918, -0.256304, -0.512292
205.370000, 3.143918, -0.256304, -0.570859
205.473000, 3.143918, -0.256304, -0.637367
205.578000, 3.145860, -0.257131, -0.708609
205.675000, 3.145860, -0.257131, -0.772344
205.786000, 3.145860, -0.257131, -0.845363
205.875000, 3.148005, -0.259720, -0.903212
205.977000, 3.152324, -0.265487, -0.967818
206.085000, 3.157611, -0.273840, -1.044108
206.175000, 3.161265, -0.280531, -1.098025
206.279000, 3.165812, -0.289509, -1.168938
206.377000, 3.170849, -0.302626, -1.234089
206.481000, 3.177003, -0.322409, -1.303768
206.585000, 3.183811, -0.342550, -1.372588
206.682000, 3.186975, -0.361282, -1.435071
206.766000, 3.188792, -0.377981, -1.490314
206.878000, 3.189778, -0.400354, -1.563872
206.988000, 3.188437, -0.420625, -1.635723
207.080000, 3.186645, -0.439336, -1.697535
207.183000, 3.183436, -0.459276, -1.763962
207.276000, 3.179062, -0.478960, -1.830754
207.385000, 3.173167, -0.498486, -1.897909
207.476000, 3.166586, -0.516093, -1.959761
207.580000, 3.158317, -0.534520, -2.026144
207.678000, 3.147315, -0.551744, -2.089944
207.787000, 3.135769, -0.570466, -2.156383
207.880000, 3.125082, -0.585686, -2.209802
207.984000, 3.112331, -0.601862, -2.267009
208.077000, 3.099682, -0.616113, -2.312542
208.179000, 3.085408, -0.630963, -2.361026
208.282000, 3.070432, -0.645106, -2.408562
208.386000, 3.054682, -0.658690, -2.449765
208.479000, 3.040027, -0.670464, -2.478621
208.579000, 3.024247, -0.682423, -2.508126
208.680000, 3.007979, -0.694056, -2.532192
208.779000, 2.992618, -0.705874, -2.550118
208.876000, 2.976431, -0.716567, -2.565214
208.982000, 2.958564, -0.727976, -2.582002
209.085000, 2.940523, -0.739110, -2.593453
209.176000, 2.925467, -0.748225, -2.601393
209.277000, 2.907925, -0.758639, -2.609988
209.387000, 2.889081, -0.769600, -2.619950
209.486000, 2.871883, -0.779411, -2.625587
209.585000, 2.854635, -0.789135, -2.631250
209.673000, 2.836643, -0.799166, -2.633737
209.773000, 2.821786, -0.807430, -2.633990
209.882000, 2.802731, -0.818020, -2.635135
209.974000, 2.785613, -0.827702, -2.636498
210.079000, 2.767214, -0.837826, -2.641072
210.186000, 2.748240, -0.848149, -2.645198
210.282000, 2.731879, -0.856995, -2.646021
210.380000, 2.714106, -0.866595, -2.647094
210.482000, 2.696674, -0.875986, -2.647480
210.583000, 2.678710, -0.885652, -2.648792
210.677000, 2.662325, -0.894456, -2.647253
210.774000, 2.645256, -0.903675, -2.646174
210.882000, 2.626249, -0.913937, -2.647309
210.980000, 2.608984, -0.923215, -2.650111
211.077000, 2.591695, -0.932449, -2.651214
211.181000, 2.572588, -0.941272, -2.651652
211.288000, 2.553525, -0.951428, -2.652182
211.389000, 2.535877, -0.960839, -2.650902
211.467000, 2.521763, -0.968374, -2.652323
211.580000, 2.501968, -0.978859, -2.657206
211.681000, 2.484272, -0.988178, -2.654074
211.783000, 2.465178, -0.998276, -2.659179
211.882000, 2.448519, -1.006990, -2.658271
211.967000, 2.433469, -1.014895, -2.658495
212.085000, 2.412732, -1.025736, -2.661766
212.177000, 2.396415, -1.034240, -2.659031
212.283000, 2.377649, -1.044103, -2.657464
212.383000, 2.359052, -1.053703, -2.661423
212.477000, 2.343059, -1.061963, -2.669278
212.585000, 2.323775, -1.071695, -2.678850
212.684000, 2.306018, -1.080454, -2.688262
212.777000, 2.289288, -1.088581, -2.687570
212.881000, 2.270071, -1.097997, -2.685625
212.973000, 2.253925, -1.105955, -2.680187
213.071000, 2.236398, -1.114727, -2.676791
213.168000, 2.219232, -1.123328, -2.677847
213.284000, 2.204745, -1.130578, -2.673483
213.373000, 2.197076, -1.134470, -2.672311
213.485000, 2.187081, -1.139524, -2.674805
213.583000, 2.178334, -1.143943, -2.671220
213.685000, 2.169254, -1.148589, -2.666510
213.773000, 2.161338, -1.152658, -2.668506
213.872000, 2.152443, -1.157226, -2.662532
213.979000, 2.142260, -1.161148, -2.656729
214.073000, 2.133946, -1.165535, -2.655938
214.186000, 2.123965, -1.170833, -2.649248
214.288000, 2.121232, -1.172313, -2.622506
214.384000, 2.121232, -1.172313, -2.568294
214.477000, 2.121347, -1.170799, -2.507718
214.577000, 2.121347, -1.170799, -2.439889
214.682000, 2.121347, -1.170799, -2.372157
214.773000, 2.121347, -1.170799, -2.312346
214.870000, 2.122499, -1.170777, -2.246702
214.979000, 2.122499, -1.170777, -2.174432
215.086000, 2.122499, -1.170777, -2.109866
215.185000, 2.122499, -1.170777, -2.054488
215.284000, 2.124540, -1.170659, -2.006168
215.380000, 2.124540, -1.170659, -1.962741
215.492000, 2.124540, -1.170659, -1.917204
215.575000, 2.124540, -1.170659, -1.884107
215.681000, 2.124540, -1.170659, -1.842250
215.778000, 2.124540, -1.170659, -1.802776
215.882000, 2.124540, -1.170659, -1.786954
215.981000, 2.124540, -1.170659, -1.786933
216.079000, 2.124540, -1.170659, -1.786930
216.178000, 2.124540, -1.170659, -1.786928
216.285000, 2.124540, -1.170659, -1.786926
216.388000, 2.124540, -1.170659, -1.786922
216.478000, 2.124540, -1.170659, -1.786920
216.580000, 2.124540, -1.170659, -1.786916
216.689000, 2.124540, -1.170659, -1.786915
216.768000, 2.124540, -1.170659, -1.786913
216.885000, 2.124540, -1.170659, -1.786912
216.972000, 2.124540, -1.170659, -1.786911
217.070000, 2.124540, -1.170659, -1.786906
217.182000, 2.124540, -1.170659, -1.786903
217.280000, 2.124540, -1.170659, -1.786902
217.385000, 2.124540, -1.170659, -1.786899
217.484000, 2.124540, -1.170659, -1.786896
217.573000, 2.124540, -1.170659, -1.786893
217.679000, 2.124540, -1.170659, -1.786889
217.783000, 2.124540, -1.170659, -1.786885
217.882000, 2.124540, -1.170659, -1.786882
217.968000, 2.124540, -1.170659, -1.786881
218.086000, 2.124540, -1.170659, -1.786876
218.175000, 2.124540, -1.170659, -1.786872
218.281000, 2.124540, -1.170659, -1.786871
218.376000, 2.124540, -1.170659, -1.786867
218.480000, 2.124540, -1.170659, -1.786866
218.578000, 2.124540, -1.170659, -1.786865
218.680000, 2.124540, -1.170659, -1.786862
218.776000, 2.124540, -1.170659, -1.786861
218.880000, 2.124540, -1.170659, -1.786859
218.973000, 2.124540, -1.170659, -1.786858
219.086000, 2.124540, -1.170659, -1.786856
219.181000, 2.124540, -1.170659, -1.786853
219.278000, 2.124540, -1.170659, -1.786850
219.382000, 2.124540, -1.170659, -1.786848
219.475000, 2.123668, -1.174653, -1.784209
219.571000, 2.121270, -1.185874, -1.779865
219.676000, 2.117972, -1.201428, -1.780031
219.775000, 2.114881, -1.215646, -1.795121
219.878000, 2.112773, -1.224215, -1.842431
219.984000, 2.112652, -1.224648, -1.887758
220.082000, 2.112652, -1.224648, -1.930966
220.180000, 2.112652, -1.224648, -1.985606
220.285000, 2.112652, -1.224648, -2.050993
220.378000, 2.112652, -1.224648, -2.102078
220.489000, 2.112652, -1.224648, -2.160870
220.577000, 2.111918, -1.225211, -2.204303
220.679000, 2.111918, -1.225211, -2.265922
220.778000, 2.111918, -1.225211, -2.333721
220.877000, 2.111941, -1.228887, -2.397358
220.965000, 2.111941, -1.228887, -2.459270
221.079000, 2.108953, -1.231132, -2.515228
221.179000, 2.103215, -1.235096, -2.558475
221.284000, 2.095584, -1.239844, -2.612737
221.381000, 2.088781, -1.242215, -2.662799
221.487000, 2.079316, -1.246816, -2.714857
221.577000, 2.077796, -1.247491, -2.751999
221.678000, 2.077796, -1.247491, -2.807095
221.788000, 2.077848, -1.245150, -2.874520
221.877000, 2.077848, -1.245150, -2.932763
221.976000, 2.077848, -1.245150, -2.997878
222.084000, 2.076992, -1.247282, -3.070079
222.189000, 2.076992, -1.247282, -3.139170
222.276000, 2.076992, -1.247282, 3.086709
222.373000, 2.076992, -1.247282, 3.022859
222.480000, 2.075981, -1.246106, 2.952476
222.573000, 2.075981, -1.246106, 2.891287
222.672000, 2.075981, -1.246106, 2.825566
222.779000, 2.077251, -1.244263, 2.755619
222.877000, 2.077251, -1.244263, 2.690469
222.978000, 2.077251, -1.244263, 2.624771
223.087000, 2.077251, -1.244263, 2.553172
223.181000, 2.070350, -1.242084, 2.490731
223.277000, 2.069874, -1.241719, 2.427534
223.382000, 2.069874, -1.241719, 2.357814
223.486000, 2.070786, -1.240661, 2.289324
223.576000, 2.070786, -1.240661, 2.231532
223.682000, 2.070786, -1.240661, 2.160512
223.781000, 2.069779, -1.242266, 2.097482
223.879000, 2.069779, -1.242266, 2.032935
223.987000, 2.069779, -1.242266, 1.961281
224.078000, 2.069779, -1.242266, 1.900764
224.171000, 2.068480, -1.244842, 1.839564
224.279000, 2.068480, -1.244842, 1.768524
224.388000, 2.068480, -1.244842, 1.697440
224.486000, 2.067908, -1.242686, 1.631725
224.577000, 2.067908, -1.242686, 1.571873
224.683000, 2.067908, -1.242686, 1.502756
224.774000, 2.067908, -1.242686, 1.442907
224.875000, 2.068175, -1.242450, 1.376514
224.980000, 2.068175, -1.242450, 1.308148
225.079000, 2.068175, -1.242450, 1.260685
225.176000, 2.068175, -1.242450, 1.208990
225.288000, 2.070676, -1.241831, 1.136173
225.382000, 2.070676, -1.241831, 1.072284
225.475000, 2.070676, -1.241831, 1.013026
225.582000, 2.070676, -1.241831, 0.949515
225.683000, 2.070915, -1.242534, 0.890800
225.777000, 2.070915, -1.242534, 0.840202
225.876000, 2.070915, -1.242534, 0.784356
225.982000, 2.070915, -1.242534, 0.724560
226.087000, 2.069062, -1.246318, 0.661102
226.180000, 2.069062, -1.246318, 0.605902
226.279000, 2.069062, -1.246318, 0.543325
226.377000, 2.069505, -1.246857, 0.478196
226.476000, 2.069505, -1.246857, 0.413832
226.581000, 2.069505, -1.246857, 0.344889
226.681000, 2.069505, -1.246857, 0.278932
226.778000, 2.071375, -1.245742, 0.211778
226.881000, 2.071375, -1.245742, 0.146766
226.977000, 2.071375, -1.245742, 0.082999
227.078000, 2.071408, -1.247659, 0.016383
227.158000, 2.071408, -1.247659, -0.038788
227.279000, 2.071408, -1.247659, -0.116524
227.383000, 2.072520, -1.248743, -0.185640
227.485000, 2.072520, -1.248743, -0.253379
227.577000, 2.072520, -1.248743, -0.313262
227.686000, 2.072520, -1.248743, -0.388969
227.776000, 2.071494, -1.245768, -0.446326
227.887000, 2.071494, -1.245768, -0.519971
227.983000, 2.071494, -1.245768, -0.582382
228.083000, 2.070467, -1.244686, -0.651501
228.183000, 2.070467, -1.244686, -0.715326
228.284000, 2.070467, -1.244686, -0.784333
228.383000, 2.071027, -1.244222, -0.847999
228.477000, 2.071027, -1.244222, -0.909247
228.582000, 2.071027, -1.244222, -0.980413
228.676000, 2.071027, -1.244222, -1.040871
228.788000, 2.069416, -1.243441, -1.114236
228.877000, 2.069416, -1.243441, -1.172119
228.987000, 2.069416, -1.243441, -1.237069
229.069000, 2.069416, -1.243441, -1.283912
229.188000, 2.067652, -1.241333, -1.346929
229.280000, 2.067652, -1.241333, -1.392766
229.374000, 2.067652, -1.241333, -1.437889
229.481000, 2.067652, -1.241333, -1.484433
229.576000, 2.067652, -1.241333, -1.524863
229.674000, 2.067652, -1.241333, -1.564366
229.771000, 2.065341, -1.240888, -1.612048
229.885000, 2.065341, -1.240888, -1.666357
229.978000, 2.065341, -1.240888, -1.708844
230.084000, 2.065110, -1.242181, -1.754116
230.175000, 2.065452, -1.241766, -1.797247
230.288000, 2.065452, -1.241766, -1.854278
230.379000, 2.065452, -1.241766, -1.898341
230.487000, 2.065452, -1.241766, -1.948923
230.583000, 2.065452, -1.241766, -1.990192
230.676000, 2.062209, -1.243803, -2.040474
230.777000, 2.062209, -1.243803, -2.108156
230.883000, 2.062209, -1.243803, -2.176573
230.988000, 2.062360, -1.244565, -2.246301
231.084000, 2.062360, -1.244565, -2.311361
231.178000, 2.062360, -1.244565, -2.371882
231.288000, 2.065632, -1.243823, -2.441303
231.388000, 2.065632, -1.243823, -2.502959
231.485000, 2.065632, -1.243823, -2.556268
231.577000, 2.065632, -1.243823, -2.604621
231.677000, 2.065632, -1.243823, -2.654648
231.782000, 2.064606, -1.244826, -2.705401
231.872000, 2.064606, -1.244826, -2.742761
231.975000, 2.064606, -1.244826, -2.785470
232.075000, 2.064606, -1.244826, -2.837221
232.173000, 2.064690, -1.244917, -2.885873
232.284000, 2.064690, -1.244917, -2.930781
232.386000, 2.064690, -1.244917, -2.973594
232.481000, 2.064690, -1.244917, -3.017017
232.589000, 2.064690, -1.244917, -3.082565
232.688000, 2.064948, -1.244512, 3.136149
232.776000, 2.064948, -1.244512, 3.078261
232.882000, 2.064948, -1.244512, 3.005863
232.987000, 2.064866, -1.240879, 2.940033
233.080000, 2.064866, -1.240879, 2.879447
233.175000, 2.064866, -1.240879, 2.815628
233.283000, 2.064866, -1.240879, 2.743678
233.382000, 2.063013, -1.240360, 2.679662
233.475000, 2.063013, -1.240360, 2.619084
233.578000, 2.063013, -1.240360, 2.550068
233.671000, 2.065954, -1.239773, 2.489183
233.777000, 2.065954, -1.239773, 2.419533
233.878000, 2.065954, -1.239773, 2.347139
233.977000, 2.065954, -1.239773, 2.287317
234.085000, 2.063402, -1.243308, 2.217668
234.173000, 2.063402, -1.243308, 2.158546
234.271000, 2.063402, -1.243308, 2.093410
234.386000, 2.064792, -1.244442, 2.018666
234.487000, 2.064792, -1.244442, 1.952261
234.585000, 2.064792, -1.244442, 1.887854
234.679000, 2.064792, -1.244442, 1.826001
234.777000, 2.064099, -1.245775, 1.759655
234.878000, 2.064099, -1.245775, 1.692725
234.987000, 2.063705, -1.240691, 1.621597
235.085000, 2.063762, -1.232224, 1.556926
235.186000, 2.064431, -1.217542, 1.492735
235.278000, 2.065919, -1.203824, 1.432137
235.385000, 2.071117, -1.180633, 1.357902
235.481000, 2.075649, -1.162390, 1.296058
235.581000, 2.082166, -1.142011, 1.225855
235.679000, 2.088902, -1.124892, 1.165263
235.773000, 2.098419, -1.107929, 1.105033
235.882000, 2.108892, -1.088815, 1.033294
235.975000, 2.119344, -1.072475, 0.969516
236.083000, 2.131907, -1.056418, 0.899077
236.180000, 2.143916, -1.042218, 0.837900
236.274000, 2.157055, -1.028497, 0.775500
236.382000, 2.172296, -1.013887, 0.703282
236.473000, 2.186357, -1.002653, 0.644217
236.582000, 2.204238, -0.990191, 0.572492
236.687000, 2.215330, -0.983514, 0.503491
236.783000, 2.216728, -0.982600, 0.452151
236.887000, 2.216728, -0.982600, 0.392740
236.974000, 2.216728, -0.982600, 0.336278
237.084000, 2.215417, -0.983782, 0.264442
237.171000, 2.215417, -0.983782, 0.207100
237.279000, 2.215417, -0.983782, 0.134085
237.381000, 2.216082, -0.985416, 0.069718
237.482000, 2.216082, -0.985416, 0.001977
237.587000, 2.216082, -0.985416, -0.066436
237.679000, 2.217461, -0.985051, -0.129478
237.788000, 2.217461, -0.985051, -0.200459
237.881000, 2.217461, -0.985051, -0.262881
237.975000, 2.217461, -0.985051, -0.324815
238.086000, 2.216639, -0.984545, -0.395813
238.171000, 2.216639, -0.984545, -0.453738
238.274000, 2.219584, -0.986115, -0.508275
238.380000, 2.220412, -0.986581, -0.553276
238.472000, 2.224532, -0.985662, -0.584976
238.582000, 2.226802, -0.987187, -0.627473
238.684000, 2.226802, -0.987187, -0.670424
238.775000, 2.226802, -0.987187, -0.709965
238.873000, 2.226802, -0.987187, -0.753390
238.981000, 2.227359, -0.987788, -0.803593
239.083000, 2.227359, -0.987788, -0.850963
239.187000, 2.227359, -0.987788, -0.897825
239.279000, 2.227359, -0.987788, -0.938230
239.386000, 2.227249, -0.990609, -0.986064
239.484000, 2.227249, -0.990609, -1.032545
239.584000, 2.227249, -0.990609, -1.074635
239.686000, 2.227249, -0.990609, -1.122992
239.781000, 2.227249, -0.990609, -1.155123
239.878000, 2.227249, -0.990609, -1.153290
239.983000, 2.227249, -0.990609, -1.115697
240.071000, 2.227249, -0.990609, -1.060777
240.182000, 2.227249, -0.990609, -0.987029
240.275000, 2.227249, -0.990609, -0.925904
240.376000, 2.227875, -0.993157, -0.859055
240.486000, 2.227875, -0.993157, -0.786075
240.571000, 2.227875, -0.993157, -0.728786
240.684000, 2.227875, -0.993157, -0.656555
240.773000, 2.227852, -0.993765, -0.597707
240.885000, 2.227852, -0.993765, -0.522795
240.972000, 2.227852, -0.993765, -0.466208
241.081000, 2.226564, -0.997535, -0.393382
241.186000, 2.226564, -0.997535, -0.324271
241.288000, 2.226564, -0.997535, -0.257185
241.383000, 2.226564, -0.997535, -0.194726
241.482000, 2.226991, -0.996012, -0.130722
241.579000, 2.226991, -0.996012, -0.066919
241.676000, 2.226991, -0.996012, -0.003093
241.777000, 2.225510, -0.996765, 0.064056
241.880000, 2.225510, -0.996765, 0.132461
241.977000, 2.225510, -0.996765, 0.201532
242.074000, 2.225692, -0.993923, 0.260175
242.176000, 2.225692, -0.993923, 0.326620
242.278000, 2.225692, -0.993923, 0.393680
242.374000, 2.225692, -0.993923, 0.458227
242.485000, 2.225512, -0.996862, 0.533397
242.569000, 2.225512, -0.996862, 0.591301
242.683000, 2.225512, -0.996862, 0.663664
242.774000, 2.224848, -0.996872, 0.724247
242.886000, 2.224848, -0.996872, 0.796621
242.960000, 2.224848, -0.996872, 0.846634
243.084000, 2.222673, -0.999149, 0.929135
243.180000, 2.222673, -0.999149, 0.990937
243.285000, 2.222673, -0.999149, 1.060019
243.383000, 2.222673, -0.999149, 1.127124
243.476000, 2.223959, -0.996210, 1.183728
243.580000, 2.223959, -0.996210, 1.252176
243.685000, 2.223959, -0.996210, 1.321178
243.779000, 2.223631, -0.997355, 1.383002
243.883000, 2.223631, -0.997355, 1.452010
243.981000, 2.223631, -0.997355, 1.514540
244.081000, 2.222041, -0.997957, 1.583447
244.185000, 2.222041, -0.997957, 1.652480
244.282000, 2.222041, -0.997957, 1.715576
244.379000, 2.222041, -0.997957, 1.782005
244.469000, 2.226443, -0.993887, 1.837064
244.574000, 2.226443, -0.993887, 1.904897
244.677000, 2.226443, -0.993887, 1.973304
244.776000, 2.223818, -0.995375, 2.035557
244.875000, 2.223818, -0.995375, 2.101380
244.970000, 2.223818, -0.995375, 2.166504
245.080000, 2.223818, -0.995375, 2.235577
245.172000, 2.224172, -0.996600, 2.298045
245.277000, 2.224172, -0.996600, 2.367146
245.375000, 2.224172, -0.996600, 2.429664
245.483000, 2.227070, -0.995110, 2.499622
245.586000, 2.227070, -0.995110, 2.567376
245.671000, 2.227070, -0.995110, 2.623209
245.782000, 2.227070, -0.995110, 2.696238
245.868000, 2.229021, -0.995386, 2.751485
245.989000, 2.229021, -0.995386, 2.830410
246.077000, 2.229021, -0.995386, 2.889538
246.175000, 2.228634, -0.995702, 2.954533
246.285000, 2.228634, -0.995702, 3.026800
246.367000, 2.228634, -0.995702, 3.080187
246.486000, 2.231392, -0.995285, -3.125584
246.576000, 2.231392, -0.995285, -3.065054
246.685000, 2.231392, -0.995285, -2.994047
246.781000, 2.231392, -0.995285, -2.931559
246.873000, 2.232138, -0.995287, -2.869290
246.977000, 2.232138, -0.995287, -2.801507
247.082000, 2.232138, -0.995287, -2.731718
247.180000, 2.228422, -0.995732, -2.665899
247.282000, 2.228422, -0.995732, -2.599353
247.387000, 2.228422, -0.995732, -2.530254
247.478000, 2.227373, -0.997457, -2.468516
247.579000, 2.227373, -0.997457, -2.400671
247.682000, 2.227373, -0.997457, -2.334336
247.780000, 2.227373, -0.997457, -2.269947
247.877000, 2.227277, -0.998220, -2.205860
247.983000, 2.227277, -0.998220, -2.135291
248.085000, 2.227277, -0.998220, -2.068901
248.186000, 2.223500, -0.999414, -2.002240
248.279000, 2.223500, -0.999414, -1.939162
248.371000, 2.223500, -0.999414, -1.879926
248.484000, 2.223500, -0.999414, -1.805637
248.584000, 2.228136, -0.998305, -1.742097
248.686000, 2.228136, -0.998305, -1.675069
248.785000, 2.228136, -0.998305, -1.609918
248.869000, 2.226481, -1.000961, -1.552787
248.973000, 2.226481, -1.000961, -1.485743
249.075000, 2.226481, -1.000961, -1.418635
249.181000, 2.226051, -1.000176, -1.349153
249.274000, 2.226051, -1.000176, -1.287966
249.385000, 2.226051, -1.000176, -1.214953
249.490000, 2.225520, -1.000922, -1.145489
249.585000, 2.226172, -1.002189, -1.082968
249.682000, 2.229722, -1.008351, -1.019304
249.769000, 2.234033, -1.014925, -0.961412
249.877000, 2.238589, -1.023795, -0.889763
249.985000, 2.245432, -1.031660, -0.819421
250.082000, 2.252259, -1.038516, -0.754977
250.177000, 2.256658, -1.043112, -0.695239
250.278000, 2.258174, -1.044301, -0.643089
250.375000, 2.262584, -1.047417, -0.593335
250.484000, 2.269546, -1.051840, -0.538177
250.587000, 2.274407, -1.054621, -0.482709
250.677000, 2.273705, -1.055170, -0.444286
250.776000, 2.278966, -1.057521, -0.401609
250.882000, 2.286584, -1.060560, -0.355681
250.985000, 2.292813, -1.062717, -0.297129
251.083000, 2.293397, -1.062786, -0.255459
251.181000, 2.293397, -1.062786, -0.215811
251.279000, 2.293397, -1.062786, -0.176432
251.381000, 2.293397, -1.062786, -0.133293
251.476000, 2.294703, -1.062916, -0.091601
251.573000, 2.297657, -1.063145, -0.052276
251.688000, 2.300600, -1.063021, -0.005928
251.777000, 2.303487, -1.063002, 0.031976
251.885000, 2.305059, -1.062895, 0.077528
251.988000, 2.312880, -1.062096, 0.122451
252.081000, 2.322121, -1.060760, 0.160057
252.177000, 2.337729, -1.058055, 0.177801
252.276000, 2.357283, -1.054609, 0.165713
252.378000, 2.377848, -1.051492, 0.135360
252.482000, 2.397699, -1.049060, 0.108999
252.572000, 2.415610, -1.047280, 0.088767
252.678000, 2.436947, -1.045651, 0.063701
252.776000, 2.456320, -1.044621, 0.042017
252.879000, 2.476910, -1.044004, 0.017467
252.973000, 2.496761, -1.043190, -0.007272
253.078000, 2.517757, -1.043563, -0.028997
253.177000, 2.537540, -1.044380, -0.052810
253.276000, 2.557501, -1.045632, -0.072443
253.388000, 2.579625, -1.047458, -0.092050
253.482000, 2.598331, -1.049333, -0.109494
253.582000, 2.618183, -1.051760, -0.133727
253.685000, 2.638565, -1.054742, -0.156054
253.779000, 2.657112, -1.057818, -0.173106
253.873000, 2.675797, -1.061262, -0.191777
253.988000, 2.696771, -1.066512, -0.216427
254.077000, 2.714125, -1.070472, -0.231792
254.190000, 2.736071, -1.075868, -0.250091
254.279000, 2.753481, -1.080438, -0.263162
254.383000, 2.773527, -1.085987, -0.277437
254.483000, 2.792721, -1.091608, -0.292414
254.588000, 2.812594, -1.097748, -0.306674
254.671000, 2.828964, -1.103025, -0.317006
254.779000, 2.848874, -1.109702, -0.330243
254.882000, 2.868697, -1.116635, -0.341951
254.983000, 2.888260, -1.123700, -0.351323
255.068000, 2.903256, -1.129279, -0.361525
255.188000, 2.924559, -1.135930, -0.369897
255.280000, 2.941496, -1.142591, -0.379248
255.384000, 2.960783, -1.150380, -0.388872
255.479000, 2.978328, -1.157672, -0.399703
255.579000, 2.997240, -1.165838, -0.415687
255.681000, 3.015297, -1.173960, -0.428533
255.788000, 3.034720, -1.182944, -0.439129
255.883000, 3.051866, -1.191130, -0.451560
255.988000, 3.070705, -1.200407, -0.462734
256.085000, 3.088570, -1.209400, -0.471126
256.172000, 3.103679, -1.217190, -0.480844
256.280000, 3.122505, -1.229500, -0.492539
256.383000, 3.139401, -1.238620, -0.497725
256.484000, 3.156943, -1.248226, -0.504677
256.582000, 3.174062, -1.257772, -0.512460
256.681000, 3.191286, -1.267537, -0.519959
256.773000, 3.207724, -1.277065, -0.530103
256.878000, 3.225635, -1.287641, -0.536110
256.983000, 3.243336, -1.298178, -0.539410
257.079000, 3.259764, -1.308116, -0.548468
257.178000, 3.278318, -1.319560, -0.555954
257.275000, 3.291283, -1.327637, -0.558776
257.372000, 3.300216, -1.333249, -0.564605
257.475000, 3.309636, -1.339307, -0.576428
257.577000, 3.322449, -1.351145, -0.575838
257.689000, 3.338170, -1.361316, -0.570797
257.786000, 3.352501, -1.370415, -0.560771
257.875000, 3.365872, -1.378737, -0.552399
257.982000, 3.382167, -1.388653, -0.541104
258.085000, 3.397207, -1.397599, -0.531724
258.187000, 3.413096, -1.406829, -0.521088
258.287000, 3.427854, -1.415216, -0.512045
258.380000, 3.439781, -1.421854, -0.503113
258.473000, 3.442082, -1.423118, -0.500618
258.591000, 3.442082, -1.423118, -0.500623
258.674000, 3.442082, -1.423118, -0.500620
258.778000, 3.442082, -1.423118, -0.500619
258.888000, 3.442082, -1.423118, -0.500615
258.978000, 3.442082, -1.423118, -0.500616
259.078000, 3.442082, -1.423118, -0.500615
259.185000, 3.442082, -1.423118, -0.500612
259.279000, 3.442082, -1.423118, -0.500610
259.386000, 3.442082, -1.423118, -0.500607
259.485000, 3.442082, -1.423118, -0.500603
