129.485000, -nan, -nan, -nan
129.584000, 2.994485, 0.001714, -1.573961
129.680000, 2.994485, 0.001714, -1.573959
129.773000, 2.994485, 0.001714, -1.573956
129.884000, 2.994485, 0.001714, -1.573952
129.982000, 2.994485, 0.001714, -1.573950
130.087000, 2.994485, 0.001714, -1.573948
130.183000, 2.994485, 0.001714, -1.573944
130.285000, 2.994485, 0.001714, -1.573941
130.382000, 2.994485, 0.001714, -1.573939
130.487000, 2.994485, 0.001714, -1.573937
130.583000, 2.994485, 0.001714, -1.573934
130.676000, 2.994485, 0.001714, -1.573932
130.784000, 2.994485, 0.001714, -1.573930
130.884000, 2.994485, 0.001714, -1.573928
130.987000, 2.994485, 0.001714, -1.573926
131.081000, 2.994485, 0.001714, -1.573924
131.178000, 2.994485, 0.001714, -1.573923
131.265000, 2.994485, 0.001714, -1.573920
131.377000, 2.994485, 0.001714, -1.573917
131.474000, 2.994485, 0.001714, -1.573916
131.584000, 2.994485, 0.001714, -1.573914
131.686000, 2.994485, 0.001714, -1.573909
131.788000, 2.994485, 0.001714, -1.573908
131.879000, 2.994485, 0.001714, -1.573907
131.981000, 2.994485, 0.001714, -1.573903
132.084000, 2.994485, 0.001714, -1.573901
132.183000, 2.994485, 0.001714, -1.573899
132.285000, 2.994485, 0.001714, -1.573898
132.382000, 2.994485, 0.001714, -1.573895
132.470000, 2.994485, 0.001714, -1.573891
132.579000, 2.994485, 0.001714, -1.573889
132.688000, 2.994485, 0.001714, -1.573886
132.784000, 2.994485, 0.001714, -1.573883
132.879000, 2.994485, 0.001714, -1.573882
132.982000, 2.994485, 0.001714, -1.573880
133.085000, 2.994485, 0.001714, -1.573877
133.180000, 2.994485, 0.001714, -1.573874
133.277000, 2.994485, 0.001714, -1.573872
133.374000, 2.994485, 0.001714, -1.573869
133.475000, 2.994485, 0.001714, -1.573866
133.578000, 2.994485, 0.001714, -1.573862
133.684000, 2.994485, 0.001714, -1.573861
133.770000, 2.994485, 0.001714, -1.573859
133.869000, 2.994485, 0.001714, -1.573855
133.987000, 2.994485, 0.001714, -1.573852
134.077000, 2.994485, 0.001714, -1.573849
134.181000, 2.994485, 0.001714, -1.573847
134.286000, 2.994485, 0.001714, -1.573843
134.382000, 2.994485, 0.001714, -1.573840
134.486000, 2.994485, 0.001714, -1.573835
134.586000, 2.994485, 0.001714, -1.573833
134.687000, 2.994485, 0.001714, -1.573832
134.778000, 2.994485, 0.001714, -1.573829
134.885000, 2.994485, 0.001714, -1.573827
134.976000, 2.994485, 0.001714, -1.573827
135.080000, 2.994485, 0.001714, -1.573826
135.175000, 2.994485, 0.001714, -1.573824
135.287000, 2.994485, 0.001714, -1.573822
135.379000, 2.994485, 0.001714, -1.573820
135.480000, 2.994485, 0.001714, -1.573818
135.585000, 2.994485, 0.001714, -1.573819
135.686000, 2.994485, 0.001714, -1.573817
135.786000, 2.994485, 0.001714, -1.573814
135.882000, 2.994485, 0.001714, -1.573812
135.980000, 2.994485, 0.001714, -1.573810
136.084000, 2.994485, 0.001714, -1.573809
136.181000, 2.994485, 0.001714, -1.573806
136.285000, 2.994485, 0.001714, -1.573803
136.374000, 2.994485, 0.001714, -1.573802
136.484000, 2.994485, 0.001714, -1.573801
136.573000, 2.994485, 0.001714, -1.573798
136.679000, 2.994485, 0.001714, -1.573794
136.784000, 2.994485, 0.001714, -1.573793
136.872000, 2.994485, 0.001714, -1.573791
136.954000, 2.994485, 0.001714, -1.573787
137.073000, 2.994485, 0.001714, -1.573785
137.182000, 2.994485, 0.001714, -1.573784
137.280000, 2.994485, 0.001714, -1.573783
137.383000, 2.994485, 0.001714, -1.573779
137.486000, 2.994485, 0.001714, -1.573777
137.575000, 2.994485, 0.001714, -1.573775
137.683000, 2.994485, 0.001714, -1.573771
137.780000, 2.994485, 0.001714, -1.573769
137.864000, 2.994485, 0.001714, -1.573768
137.981000, 2.994485, 0.001714, -1.573767
138.080000, 2.994485, 0.001714, -1.573763
138.181000, 2.994485, 0.001714, -1.573760
138.276000, 2.994485, 0.001714, -1.573759
138.386000, 2.994485, 0.001714, -1.573755
138.458000, 2.994485, 0.001714, -1.573753
138.581000, 2.994485, 0.001714, -1.573750
138.685000, 2.994485, 0.001714, -1.573749
138.787000, 2.994485, 0.001714, -1.573746
138.872000, 2.994485, 0.001714, -1.573742
138.981000, 2.994485, 0.001714, -1.573739
139.077000, 2.994485, 0.001714, -1.573737
139.133000, 2.994485, 0.001714, -1.573734
139.270000, 2.994485, 0.001714, -1.573733
139.388000, 2.994485, 0.001714, -1.573729
139.487000, 2.994485, 0.001714, -1.573726
139.583000, 2.994485, 0.001714, -1.573724
139.685000, 2.994485, 0.001714, -1.573721
139.777000, 2.994485, 0.001714, -1.573718
139.870000, 2.994485, 0.001714, -1.573715
139.980000, 2.994485, 0.001714, -1.573713
140.075000, 2.994485, 0.001714, -1.573710
140.171000, 2.994485, 0.001714, -1.573707
140.287000, 2.994485, 0.001714, -1.573705
140.376000, 2.994485, 0.001714, -1.573701
140.487000, 2.994485, 0.001714, -1.573699
140.573000, 2.994485, 0.001714, -1.573698
140.679000, 2.994485, 0.001714, -1.573694
140.784000, 2.994485, 0.001714, -1.573691
140.861000, 2.994485, 0.001714, -1.573688
140.981000, 2.994480, -0.000086, -1.574726
141.084000, 2.994420, -0.009123, -1.579703
141.184000, 2.994248, -0.024260, -1.584188
141.283000, 2.993956, -0.043832, -1.586131
141.382000, 2.993663, -0.063630, -1.584621
141.488000, 2.993397, -0.084829, -1.582525
141.588000, 2.993174, -0.104827, -1.580905
141.640000, 2.993045, -0.118827, -1.579080
141.788000, 2.992861, -0.144826, -1.577175
141.879000, 2.992754, -0.163026, -1.575824
141.987000, 2.992671, -0.185026, -1.573700
142.068000, 3.001976, -0.209105, -1.584116
142.185000, 3.001701, -0.229703, -1.584115
142.282000, 3.001435, -0.249702, -1.584114
142.386000, 3.001166, -0.269900, -1.584110
142.481000, 3.000913, -0.288898, -1.584108
142.581000, 3.000639, -0.309496, -1.584105
142.683000, 3.000376, -0.329295, -1.584102
142.778000, 3.000123, -0.348293, -1.584098
142.887000, 2.999833, -0.370091, -1.584094
142.981000, 2.999585, -0.388889, -1.582545
143.076000, 2.998879, -0.404577, -1.575496
143.171000, 2.998848, -0.424977, -1.570038
143.285000, 2.998863, -0.444577, -1.570068
143.385000, 2.998877, -0.464577, -1.570066
143.486000, 2.998892, -0.484777, -1.570064
143.581000, 2.998906, -0.503777, -1.570060
143.688000, 2.998922, -0.525177, -1.570058
143.781000, 2.998933, -0.543977, -1.570671
143.887000, 2.998920, -0.564977, -1.571767
143.984000, 2.998901, -0.584777, -1.571767
144.076000, 2.997678, -0.603244, -1.568381
144.183000, 2.997736, -0.624443, -1.566482
144.285000, 2.997881, -0.645043, -1.560610
144.385000, 2.998147, -0.664841, -1.554219
144.480000, 2.998508, -0.684038, -1.550090
144.582000, 2.998990, -0.705432, -1.546032
144.683000, 2.999513, -0.724825, -1.542005
144.756000, 3.000036, -0.742217, -1.539683
144.881000, 3.000732, -0.764006, -1.537828
144.983000, 3.001435, -0.784394, -1.535222
145.087000, 3.002192, -0.805180, -1.533159
145.184000, 3.000059, -0.827307, -1.530565
145.275000, 3.000798, -0.845492, -1.528119
145.385000, 3.001835, -0.867468, -1.519510
145.484000, 3.002912, -0.887238, -1.513566
145.584000, 3.004103, -0.907203, -1.509205
145.681000, 3.005328, -0.926564, -1.505536
145.786000, 3.006749, -0.947516, -1.500999
145.879000, 3.008075, -0.966069, -1.497518
145.983000, 3.009664, -0.987008, -1.492906
146.086000, 3.011283, -1.007344, -1.490217
146.177000, 3.008465, -1.024647, -1.489997
146.279000, 3.010009, -1.043383, -1.487807
146.384000, 3.011750, -1.064311, -1.487799
146.475000, 3.013292, -1.082847, -1.487797
146.578000, 3.015033, -1.103774, -1.487795
146.682000, 3.016694, -1.123705, -1.486472
146.785000, 3.018476, -1.144228, -1.482936
146.879000, 3.020124, -1.162956, -1.483422
146.988000, 3.022011, -1.184674, -1.483668
147.074000, 3.023533, -1.201806, -1.480454
147.188000, 3.030972, -1.222558, -1.471170
147.286000, 3.032954, -1.242058, -1.467452
147.370000, 3.034764, -1.259162, -1.463445
147.476000, 3.037093, -1.280435, -1.460213
147.583000, 3.039403, -1.301106, -1.459136
147.688000, 3.041788, -1.322373, -1.459129
147.786000, 3.043927, -1.341453, -1.459127
147.878000, 3.046000, -1.359938, -1.459125
147.985000, 3.048369, -1.381005, -1.457318
148.064000, 3.050286, -1.397494, -1.450938
148.185000, 3.057826, -1.418441, -1.430818
148.277000, 3.060439, -1.436655, -1.424171
148.379000, 3.063586, -1.457013, -1.410894
148.482000, 3.066947, -1.477134, -1.400772
148.580000, 3.070364, -1.496637, -1.392761
148.683000, 3.074093, -1.516693, -1.381498
148.772000, 3.077518, -1.534160, -1.373243
148.883000, 3.081970, -1.556317, -1.372063
148.975000, 3.085563, -1.574159, -1.372105
149.081000, 3.089708, -1.594746, -1.372101
149.187000, 3.093890, -1.615529, -1.372789
149.275000, 3.104371, -1.631666, -1.373474
149.374000, 3.108134, -1.650494, -1.373868
149.473000, 3.112071, -1.670306, -1.375171
149.586000, 3.116385, -1.692083, -1.375664
149.676000, 3.119901, -1.709940, -1.376776
149.782000, 3.123987, -1.730743, -1.377308
149.876000, 3.127548, -1.748999, -1.379325
149.968000, 3.131097, -1.767461, -1.382175
150.072000, 3.134943, -1.787699, -1.384114
150.172000, 3.138591, -1.807160, -1.385428
150.280000, 3.142635, -1.828378, -1.378483
150.379000, 3.133589, -1.850718, -1.361957
150.482000, 3.137778, -1.869865, -1.352367
150.573000, 3.141696, -1.887638, -1.355512
150.688000, 3.146642, -1.910509, -1.360579
150.779000, 3.150356, -1.928122, -1.365034
150.888000, 3.154741, -1.949272, -1.364870
150.979000, 3.158533, -1.967073, -1.355216
151.066000, 3.162464, -1.984433, -1.340182
151.175000, 3.167825, -2.005975, -1.314613
151.282000, 3.173244, -2.025850, -1.292727
151.376000, 3.178626, -2.043862, -1.270645
151.472000, 3.178135, -2.066234, -1.259868
151.584000, 3.183963, -2.084029, -1.244898
151.684000, 3.187706, -2.094717, -1.222234
151.787000, 3.192260, -2.106759, -1.197168
151.885000, 3.196895, -2.118233, -1.176915
151.974000, 3.201200, -2.128356, -1.160551
152.077000, 3.206596, -2.140457, -1.141695
152.179000, 3.210398, -2.148615, -1.126908
152.275000, 3.211371, -2.150657, -1.129814
152.387000, 3.211490, -2.150910, -1.167898
152.485000, 3.211490, -2.150910, -1.211042
152.584000, 3.211490, -2.150910, -1.248972
152.682000, 3.211490, -2.150910, -1.288456
152.774000, 3.211490, -2.150910, -1.324756
152.888000, 3.211490, -2.150910, -1.360739
152.978000, 3.211490, -2.150910, -1.361437
153.082000, 3.211490, -2.150910, -1.361434
153.170000, 3.211490, -2.150910, -1.361431
153.269000, 3.211490, -2.150910, -1.361428
153.386000, 3.211490, -2.150910, -1.361425
153.485000, 3.211490, -2.150910, -1.361424
153.574000, 3.211490, -2.150910, -1.361421
153.678000, 3.211785, -2.152304, -1.363221
153.772000, 3.212796, -2.157237, -1.384588
153.873000, 3.222179, -2.155862, -1.421170
153.988000, 3.222179, -2.155862, -1.493549
154.088000, 3.222179, -2.155862, -1.559241
154.174000, 3.220330, -2.155704, -1.613613
154.283000, 3.220330, -2.155704, -1.687962
154.385000, 3.220330, -2.155704, -1.752389
154.481000, 3.220330, -2.155704, -1.815558
154.588000, 3.217865, -2.154563, -1.887499
154.678000, 3.217865, -2.154563, -1.947403
154.777000, 3.217865, -2.154563, -2.013814
154.887000, 3.226076, -2.149458, -2.085077
154.980000, 3.226076, -2.149458, -2.146278
155.079000, 3.226076, -2.149458, -2.213203
155.184000, 3.224902, -2.150871, -2.280325
155.275000, 3.225814, -2.153452, -2.341706
155.382000, 3.225814, -2.153452, -2.412792
155.485000, 3.225814, -2.153452, -2.479162
155.576000, 3.229118, -2.149813, -2.537445
155.678000, 3.229118, -2.149813, -2.604517
155.782000, 3.229118, -2.149813, -2.673758
155.880000, 3.227645, -2.150469, -2.737589
155.981000, 3.222952, -2.149507, -2.798823
156.080000, 3.209553, -2.153934, -2.840088
156.180000, 3.191349, -2.159289, -2.870247
156.285000, 3.171030, -2.164587, -2.902694
156.382000, 3.152118, -2.168909, -2.931060
156.486000, 3.131718, -2.172965, -2.959390
156.585000, 3.112202, -2.176305, -2.984672
156.675000, 3.093404, -2.179061, -3.007473
156.775000, 3.072040, -2.181642, -3.029874
156.877000, 3.051934, -2.183588, -3.060239
156.982000, 3.030781, -2.184988, -3.092170
157.074000, 3.011793, -2.185628, -3.123669
157.179000, 2.991394, -2.185668, 3.127610
157.276000, 2.972202, -2.185132, 3.100392
157.377000, 2.951433, -2.184015, 3.076219
157.483000, 2.932439, -2.183321, 3.058323
157.577000, 2.913721, -2.181571, 3.037809
157.674000, 2.894251, -2.179319, 3.013881
157.784000, 2.872673, -2.176223, 2.985555
157.884000, 2.852947, -2.172923, 2.965597
157.975000, 2.834863, -2.169530, 2.947377
158.072000, 2.815466, -2.165557, 2.931237
158.174000, 2.795749, -2.161167, 2.913884
158.280000, 2.775525, -2.156308, 2.897919
158.380000, 2.756150, -2.151348, 2.883495
158.481000, 2.736660, -2.146038, 2.867233
158.586000, 2.715923, -2.139996, 2.849169
158.683000, 2.695469, -2.133453, 2.836673
158.767000, 2.678903, -2.128131, 2.824481
158.878000, 2.657870, -2.121028, 2.806870
158.985000, 2.637724, -2.113811, 2.786877
159.073000, 2.620720, -2.107322, 2.767312
159.175000, 2.601995, -2.099748, 2.747215
159.274000, 2.584480, -2.092383, 2.739601
159.379000, 2.564503, -2.083658, 2.719173
159.483000, 2.546525, -2.075360, 2.698616
159.569000, 2.529623, -2.067130, 2.678410
159.681000, 2.510936, -2.057551, 2.656887
159.782000, 2.490553, -2.050303, 2.629853
159.888000, 2.472349, -2.039442, 2.573176
159.972000, 2.458422, -2.030050, 2.522976
160.075000, 2.441536, -2.017237, 2.461800
160.176000, 2.427739, -2.008138, 2.407463
160.288000, 2.411228, -1.992419, 2.354754
160.384000, 2.398220, -1.978847, 2.315298
160.479000, 2.385355, -1.964328, 2.276406
160.588000, 2.371809, -1.947763, 2.237826
160.681000, 2.360268, -1.932670, 2.209470
160.782000, 2.348693, -1.916607, 2.180374
160.887000, 2.339146, -1.900124, 2.149066
160.976000, 2.329604, -1.885098, 2.125057
161.073000, 2.318838, -1.867302, 2.105509
161.176000, 2.309177, -1.850710, 2.089373
161.288000, 2.298284, -1.831138, 2.069940
161.388000, 2.288815, -1.813521, 2.057429
161.485000, 2.279852, -1.796316, 2.045029
161.587000, 2.270548, -1.777937, 2.034985
161.677000, 2.262362, -1.761458, 2.028317
161.779000, 2.253605, -1.743477, 2.018535
161.878000, 2.244470, -1.724125, 2.006245
161.978000, 2.236853, -1.707595, 1.999193
162.082000, 2.230327, -1.691608, 1.993898
162.184000, 2.222103, -1.673158, 1.987443
162.284000, 2.214198, -1.655223, 1.984848
162.380000, 2.206248, -1.637089, 1.982689
162.482000, 2.198350, -1.618932, 1.979195
162.586000, 2.190143, -1.599820, 1.972496
162.687000, 2.182334, -1.581190, 1.964033
162.773000, 2.175780, -1.565288, 1.959670
162.885000, 2.167334, -1.544541, 1.954680
162.987000, 2.159741, -1.525607, 1.950835
163.076000, 2.153143, -1.509075, 1.949981
163.174000, 2.143356, -1.492434, 1.948993
163.285000, 2.135461, -1.472543, 1.947900
163.388000, 2.127971, -1.453568, 1.945117
163.487000, 2.120764, -1.435126, 1.941925
163.581000, 2.113749, -1.417039, 1.939216
163.687000, 2.106362, -1.397809, 1.936858
163.784000, 2.099418, -1.379694, 1.936857
163.876000, 2.092833, -1.362513, 1.936358
163.967000, 2.086339, -1.345511, 1.935204
164.073000, 2.078781, -1.325704, 1.936484
164.186000, 2.070569, -1.304434, 1.941651
164.276000, 2.074233, -1.287272, 1.943829
164.371000, 2.067369, -1.269770, 1.944998
164.482000, 2.059181, -1.248920, 1.944987
164.572000, 2.052380, -1.231608, 1.946193
164.678000, 2.044851, -1.212648, 1.951074
164.768000, 2.038143, -1.195944, 1.954164
164.872000, 2.030269, -1.176477, 1.955990
164.979000, 2.021999, -1.156090, 1.956238
165.086000, 2.014252, -1.137002, 1.956841
165.176000, 2.007463, -1.120332, 1.957930
165.280000, 1.999611, -1.101071, 1.957904
165.386000, 1.991610, -1.081438, 1.957270
165.476000, 1.989221, -1.065872, 1.954710
165.578000, 1.981612, -1.046944, 1.950999
165.674000, 1.974521, -1.029101, 1.949889
165.786000, 1.966127, -1.008334, 1.957656
165.871000, 1.959630, -0.992408, 1.958470
165.978000, 1.951317, -0.972039, 1.957614
166.076000, 1.944239, -0.954622, 1.956228
166.181000, 1.936350, -0.935160, 1.954476
166.278000, 1.928913, -0.916594, 1.948680
166.377000, 1.921888, -0.898726, 1.941660
166.475000, 1.914859, -0.880430, 1.933792
166.587000, 1.908842, -0.862003, 1.926323
166.685000, 1.901992, -0.843426, 1.923200
166.781000, 1.895405, -0.825604, 1.926169
166.873000, 1.888915, -0.808173, 1.927819
166.986000, 1.881092, -0.787184, 1.926116
167.078000, 1.874731, -0.769918, 1.921041
167.165000, 1.868604, -0.752993, 1.916427
167.287000, 1.860528, -0.730605, 1.914228
167.383000, 1.854144, -0.712498, 1.906995
167.482000, 1.847498, -0.693422, 1.904714
167.579000, 1.842193, -0.678088, 1.906508
167.683000, 1.838605, -0.668097, 1.923795
167.772000, 1.833009, -0.658149, 1.929965
167.880000, 1.829167, -0.648056, 1.940974
167.974000, 1.825702, -0.639318, 1.953277
168.084000, 1.821604, -0.629110, 1.952918
168.177000, 1.818085, -0.620393, 1.956580
168.285000, 1.814032, -0.610491, 1.961509
168.377000, 1.810513, -0.601990, 1.966538
168.476000, 1.806607, -0.592785, 1.975461
168.575000, 1.802763, -0.583770, 1.972582
168.676000, 1.798746, -0.574286, 1.968708
168.782000, 1.795619, -0.566760, 1.959171
168.874000, 1.795590, -0.566690, 1.958795
168.981000, 1.795590, -0.566690, 1.958797
169.075000, 1.795590, -0.566690, 1.958798
169.186000, 1.795590, -0.566690, 1.958802
169.286000, 1.795590, -0.566690, 1.958804
169.385000, 1.795590, -0.566690, 1.958804
169.477000, 1.795590, -0.566690, 1.958809
169.573000, 1.795590, -0.566690, 1.958810
169.688000, 1.795590, -0.566690, 1.958813
169.779000, 1.795590, -0.566690, 1.958813
169.885000, 1.795590, -0.566690, 1.958815
169.981000, 1.795590, -0.566690, 1.958819
170.068000, 1.795590, -0.566690, 1.958823
170.168000, 1.795590, -0.566690, 1.958830
170.276000, 1.795590, -0.566690, 1.958834
170.386000, 1.795590, -0.566690, 1.958835
170.483000, 1.795590, -0.566690, 1.958838
170.588000, 1.795590, -0.566690, 1.958839
170.688000, 1.795590, -0.566690, 1.958842
170.774000, 1.795590, -0.566690, 1.958844
170.888000, 1.795590, -0.566690, 1.958848
170.988000, 1.795590, -0.566690, 1.958852
171.080000, 1.795590, -0.566690, 1.958854
171.180000, 1.795590, -0.566690, 1.958856
171.278000, 1.795590, -0.566690, 1.958859
171.372000, 1.795590, -0.566690, 1.958863
171.487000, 1.795590, -0.566690, 1.958866
171.586000, 1.795590, -0.566690, 1.958867
171.680000, 1.795590, -0.566690, 1.958872
171.782000, 1.795590, -0.566690, 1.958872
171.877000, 1.795590, -0.566690, 1.958873
171.966000, 1.795590, -0.566690, 1.958877
172.078000, 1.795590, -0.566690, 1.958880
172.182000, 1.795590, -0.566690, 1.958882
172.285000, 1.795590, -0.566690, 1.958885
172.375000, 1.795590, -0.566690, 1.958887
172.470000, 1.794968, -0.565162, 1.954936
172.578000, 1.793290, -0.560936, 1.929984
172.686000, 1.793274, -0.560895, 1.876843
172.786000, 1.792778, -0.559009, 1.810986
172.886000, 1.791121, -0.551107, 1.745743
172.977000, 1.796900, -0.543709, 1.682389
173.085000, 1.796122, -0.533559, 1.612167
173.181000, 1.796030, -0.524089, 1.548468
173.278000, 1.800218, -0.515704, 1.486157
173.383000, 1.802379, -0.497677, 1.416802
173.479000, 1.805409, -0.481484, 1.354229
173.572000, 1.813492, -0.466338, 1.293287
173.683000, 1.819372, -0.448192, 1.220914
173.775000, 1.825286, -0.433375, 1.160516
173.879000, 1.833114, -0.416937, 1.091446
173.985000, 1.834540, -0.407433, 1.026249
174.085000, 1.839267, -0.400211, 0.960478
174.180000, 1.845100, -0.392412, 0.896109
174.271000, 1.849234, -0.384323, 0.837108
174.386000, 1.857234, -0.376092, 0.761579
174.476000, 1.863997, -0.370016, 0.701726
174.582000, 1.872399, -0.363401, 0.631449
174.683000, 1.877012, -0.354177, 0.567247
174.772000, 1.884739, -0.349566, 0.508083
174.874000, 1.893718, -0.344946, 0.441747
174.979000, 1.904229, -0.342074, 0.371962
175.087000, 1.914420, -0.338506, 0.300938
175.175000, 1.920524, -0.336756, 0.242376
175.270000, 1.924580, -0.333632, 0.177721
175.378000, 1.930398, -0.332822, 0.106643
175.474000, 1.934438, -0.332468, 0.043657
175.587000, 1.936138, -0.332486, -0.025366
175.681000, 1.937458, -0.333101, -0.083577
175.777000, 1.939096, -0.333302, -0.136026
175.887000, 1.941838, -0.333729, -0.201913
175.987000, 1.941838, -0.333729, -0.252060
176.072000, 1.941685, -0.335669, -0.296953
176.179000, 1.941685, -0.335669, -0.350267
176.278000, 1.941685, -0.335669, -0.398988
176.376000, 1.943080, -0.336314, -0.442479
176.475000, 1.950062, -0.337149, -0.486588
176.586000, 1.953977, -0.339303, -0.543397
176.682000, 1.955326, -0.340186, -0.588730
176.787000, 1.962214, -0.344993, -0.630808
176.876000, 1.968589, -0.349866, -0.672798
176.982000, 1.973704, -0.354067, -0.708645
177.069000, 1.973789, -0.354140, -0.715444
177.169000, 1.973789, -0.354140, -0.710306
177.286000, 1.973789, -0.354140, -0.670383
177.382000, 1.973789, -0.354140, -0.617197
177.473000, 1.973789, -0.354140, -0.552747
177.587000, 1.973789, -0.354140, -0.482267
177.680000, 1.973789, -0.354140, -0.418541
177.776000, 1.973789, -0.354140, -0.357985
177.888000, 1.974090, -0.355711, -0.284740
177.967000, 1.974090, -0.355711, -0.232869
178.067000, 1.974090, -0.355711, -0.167100
178.181000, 1.974508, -0.355005, -0.093372
178.288000, 1.974508, -0.355005, -0.023018
178.377000, 1.974508, -0.355005, 0.035422
178.486000, 1.975451, -0.353254, 0.107734
178.586000, 1.975451, -0.353254, 0.173503
178.682000, 1.975451, -0.353254, 0.237988
178.775000, 1.975451, -0.353254, 0.298424
178.882000, 1.974859, -0.355706, 0.369238
178.985000, 1.974859, -0.355706, 0.431570
179.085000, 1.974859, -0.355706, 0.483862
179.179000, 1.974859, -0.355706, 0.530387
179.284000, 1.973740, -0.358902, 0.574515
179.379000, 1.973740, -0.358902, 0.613016
179.477000, 1.973740, -0.358902, 0.652536
179.584000, 1.973740, -0.358902, 0.694770
179.672000, 1.973740, -0.358902, 0.721318
179.778000, 1.973740, -0.358902, 0.722689
179.882000, 1.973740, -0.358902, 0.722692
179.972000, 1.973740, -0.358902, 0.722695
180.078000, 1.973740, -0.358902, 0.722698
180.178000, 1.973740, -0.358902, 0.722700
180.277000, 1.973740, -0.358902, 0.722700
180.379000, 1.973740, -0.358902, 0.722701
180.474000, 1.973740, -0.358902, 0.722705
180.577000, 1.973740, -0.358902, 0.722706
180.685000, 1.973740, -0.358902, 0.722709
180.769000, 1.973740, -0.358902, 0.722712
180.879000, 1.973740, -0.358902, 0.722715
180.983000, 1.973740, -0.358902, 0.722715
181.086000, 1.973740, -0.358902, 0.722718
181.184000, 1.975119, -0.357688, 0.720914
181.285000, 1.982286, -0.351472, 0.705548
181.365000, 1.989354, -0.345595, 0.674799
181.479000, 1.993595, -0.342394, 0.604585
181.579000, 1.995313, -0.341252, 0.538787
181.684000, 1.995313, -0.341252, 0.469644
181.783000, 1.992833, -0.341551, 0.404264
181.885000, 1.992833, -0.341551, 0.337276
181.977000, 1.992833, -0.341551, 0.276712
182.084000, 1.995997, -0.341699, 0.205829
182.182000, 1.995997, -0.341699, 0.141448
182.282000, 1.995997, -0.341699, 0.075039
182.387000, 1.995997, -0.341699, 0.006713
182.484000, 1.996223, -0.341765, -0.056999
182.567000, 1.996223, -0.341765, -0.117402
182.673000, 1.997517, -0.341985, -0.180455
182.781000, 1.994788, -0.345228, -0.257440
182.865000, 1.994788, -0.345228, -0.304740
182.975000, 1.996190, -0.345761, -0.376371
183.082000, 2.002203, -0.348419, -0.448059
183.188000, 2.012609, -0.350245, -0.516976
183.277000, 2.019469, -0.354418, -0.575549
183.382000, 2.029068, -0.361168, -0.645092
183.477000, 2.043660, -0.372012, -0.709636
183.579000, 2.058683, -0.385807, -0.776815
183.684000, 2.073144, -0.401029, -0.845786
183.784000, 2.085911, -0.416419, -0.911587
183.880000, 2.100419, -0.432080, -0.977997
183.976000, 2.110541, -0.448155, -1.040429
184.077000, 2.120802, -0.467157, -1.111567
184.184000, 2.131264, -0.484955, -1.178893
184.286000, 2.138423, -0.504054, -1.246014
184.377000, 2.143927, -0.522236, -1.308416
184.477000, 2.148784, -0.544365, -1.380099
184.580000, 2.151782, -0.562921, -1.441843
184.688000, 2.153780, -0.584023, -1.511573
184.786000, 2.154315, -0.603612, -1.576114
184.868000, 2.155203, -0.619734, -1.632447
184.983000, 2.152962, -0.642620, -1.702216
185.071000, 2.150261, -0.660013, -1.747683
185.181000, 2.145784, -0.681754, -1.801432
185.280000, 2.138828, -0.700066, -1.844368
185.377000, 2.133328, -0.718460, -1.878328
185.474000, 2.127081, -0.737037, -1.913959
185.586000, 2.119147, -0.757769, -1.955322
185.681000, 2.111793, -0.775287, -1.981092
185.785000, 2.103162, -0.794431, -2.006588
185.876000, 2.095413, -0.810677, -2.025018
185.979000, 2.086190, -0.829097, -2.045532
186.069000, 2.076335, -0.845231, -2.064452
186.177000, 2.065807, -0.864320, -2.084926
186.282000, 2.055219, -0.882686, -2.101521
186.377000, 2.045612, -0.898846, -2.112489
186.483000, 2.034685, -0.916779, -2.124115
186.582000, 2.024072, -0.933731, -2.136721
186.674000, 2.014221, -0.949034, -2.147845
186.781000, 2.002241, -0.967247, -2.157878
186.878000, 1.991639, -0.983015, -2.167918
186.988000, 1.979044, -1.001296, -2.178991
187.080000, 1.968601, -1.016201, -2.184638
187.186000, 1.956343, -1.033498, -2.190150
187.282000, 1.945512, -1.049680, -2.200279
187.388000, 1.932977, -1.066778, -2.207063
187.473000, 1.922831, -1.080417, -2.214735
187.572000, 1.910364, -1.096817, -2.225183
187.687000, 1.896689, -1.114558, -2.230313
187.774000, 1.886115, -1.128124, -2.236441
187.879000, 1.872940, -1.144732, -2.243235
187.987000, 1.859651, -1.161506, -2.237877
188.086000, 1.847434, -1.177088, -2.236436
188.184000, 1.835279, -1.192464, -2.245019
188.280000, 1.823206, -1.207393, -2.252864
188.382000, 1.810376, -1.223253, -2.250841
188.471000, 1.798781, -1.237540, -2.254497
188.577000, 1.785097, -1.254253, -2.257453
188.677000, 1.773633, -1.272886, -2.253299
188.762000, 1.763280, -1.285604, -2.254827
188.870000, 1.749876, -1.302029, -2.256689
188.980000, 1.736661, -1.318092, -2.261002
189.067000, 1.725350, -1.331836, -2.256657
189.177000, 1.711626, -1.348773, -2.247180
189.288000, 1.697909, -1.365973, -2.244652
189.381000, 1.686252, -1.380468, -2.251169
189.484000, 1.673250, -1.396446, -2.255425
189.577000, 1.661357, -1.411006, -2.255911
189.685000, 1.647817, -1.427578, -2.255338
189.785000, 1.635179, -1.443079, -2.255384
189.877000, 1.623137, -1.457775, -2.261001
189.980000, 1.612394, -1.470659, -2.269262
190.080000, 1.603208, -1.478756, -2.269960
190.186000, 1.596308, -1.486934, -2.275308
190.273000, 1.590710, -1.493462, -2.283318
190.378000, 1.583824, -1.501389, -2.288455
190.480000, 1.577103, -1.509061, -2.291721
190.589000, 1.569901, -1.517244, -2.292062
190.677000, 1.565191, -1.522614, -2.287761
190.786000, 1.564703, -1.523178, -2.244875
190.875000, 1.564703, -1.523178, -2.195694
190.977000, 1.564703, -1.523178, -2.128665
191.087000, 1.564877, -1.524464, -2.055953
191.180000, 1.564877, -1.524464, -1.994102
191.288000, 1.564877, -1.524464, -1.923655
191.376000, 1.564877, -1.524464, -1.865841
191.479000, 1.566360, -1.523947, -1.797567
191.585000, 1.566360, -1.523947, -1.727745
191.675000, 1.566360, -1.523947, -1.668494
191.774000, 1.566310, -1.523705, -1.604306
191.880000, 1.566310, -1.523705, -1.534472
191.985000, 1.566310, -1.523705, -1.465417
192.069000, 1.565157, -1.521427, -1.410708
192.176000, 1.565157, -1.521427, -1.340401
192.276000, 1.565157, -1.521427, -1.274586
192.387000, 1.565157, -1.521427, -1.201516
192.480000, 1.564044, -1.520875, -1.142535
192.573000, 1.564044, -1.520875, -1.082110
192.685000, 1.564044, -1.520875, -1.008418
192.779000, 1.565172, -1.520223, -0.944742
192.888000, 1.565172, -1.520223, -0.874603
192.976000, 1.565172, -1.520223, -0.821897
193.077000, 1.565172, -1.520223, -0.766120
193.184000, 1.564374, -1.521458, -0.714147
193.281000, 1.564374, -1.521458, -0.672678
193.368000, 1.564374, -1.521458, -0.632780
193.478000, 1.564374, -1.521458, -0.594113
193.587000, 1.564374, -1.521458, -0.550651
193.681000, 1.564374, -1.521458, -0.523509
193.786000, 1.564374, -1.521458, -0.522618
193.889000, 1.564374, -1.521458, -0.522616
193.979000, 1.564374, -1.521458, -0.522614
194.075000, 1.564374, -1.521458, -0.522612
194.186000, 1.564374, -1.521458, -0.522610
194.286000, 1.564374, -1.521458, -0.522608
194.377000, 1.564374, -1.521458, -0.522604
194.472000, 1.564374, -1.521458, -0.522604
194.573000, 1.564374, -1.521458, -0.522599
194.681000, 1.564374, -1.521458, -0.522597
194.770000, 1.564374, -1.521458, -0.522594
194.884000, 1.564374, -1.521458, -0.522590
194.984000, 1.564374, -1.521458, -0.522590
195.074000, 1.564374, -1.521458, -0.522588
195.174000, 1.564374, -1.521458, -0.522585
195.270000, 1.564374, -1.521458, -0.522583
195.386000, 1.564374, -1.521458, -0.522580
195.474000, 1.564374, -1.521458, -0.522578
195.578000, 1.564374, -1.521458, -0.522576
195.684000, 1.564374, -1.521458, -0.522573
195.777000, 1.565805, -1.522281, -0.519492
195.882000, 1.574382, -1.524339, -0.498302
195.977000, 1.588685, -1.531783, -0.459879
196.085000, 1.607851, -1.540629, -0.404516
196.173000, 1.624930, -1.547472, -0.357207
196.271000, 1.637948, -1.556075, -0.309748
196.379000, 1.658469, -1.562140, -0.265573
196.487000, 1.679423, -1.567372, -0.219442
196.583000, 1.698464, -1.571078, -0.167759
196.678000, 1.717058, -1.573843, -0.127918
196.785000, 1.738333, -1.576138, -0.086942
196.881000, 1.756901, -1.578821, -0.051567
196.976000, 1.776890, -1.579448, -0.011985
197.072000, 1.795889, -1.579358, 0.020597
197.178000, 1.816275, -1.578628, 0.050875
197.283000, 1.837828, -1.577212, 0.079305
197.383000, 1.857148, -1.575462, 0.100814
197.482000, 1.877425, -1.573226, 0.118589
197.584000, 1.897067, -1.570728, 0.134207
197.677000, 1.915482, -1.568116, 0.147318
197.788000, 1.937419, -1.564705, 0.160857
197.883000, 1.953837, -1.561158, 0.170922
197.979000, 1.972743, -1.557808, 0.179485
198.076000, 1.992604, -1.554127, 0.186766
198.179000, 2.012246, -1.550356, 0.192276
198.281000, 2.032458, -1.546377, 0.196196
198.387000, 2.052851, -1.542284, 0.201910
198.481000, 2.071250, -1.538421, 0.211780
198.586000, 2.092150, -1.533822, 0.221073
198.677000, 2.110673, -1.529592, 0.227713
198.778000, 2.129171, -1.525253, 0.232834
198.886000, 2.150566, -1.520130, 0.236813
198.982000, 2.171217, -1.517252, 0.239049
199.085000, 2.191046, -1.512462, 0.232261
199.177000, 2.208979, -1.508343, 0.218893
199.278000, 2.228731, -1.504115, 0.201583
199.377000, 2.248366, -1.500309, 0.181585
199.475000, 2.269056, -1.496715, 0.162572
199.569000, 2.286048, -1.494054, 0.148228
199.678000, 2.308229, -1.490932, 0.131706
199.781000, 2.328668, -1.488362, 0.119437
199.869000, 2.345554, -1.486395, 0.112612
199.980000, 2.368218, -1.483913, 0.106703
200.084000, 2.388595, -1.483200, 0.105492
200.180000, 2.407689, -1.481180, 0.104944
200.282000, 2.427978, -1.479059, 0.103676
200.387000, 2.448866, -1.476888, 0.103032
200.476000, 2.466572, -1.475069, 0.102010
200.582000, 2.487662, -1.472912, 0.101437
200.678000, 2.506964, -1.470965, 0.099296
200.788000, 2.528661, -1.468841, 0.096254
200.885000, 2.547972, -1.466994, 0.094064
200.985000, 2.567887, -1.465147, 0.091289
201.078000, 2.586779, -1.464169, 0.087222
201.175000, 2.605712, -1.462571, 0.082033
201.278000, 2.626443, -1.460883, 0.080762
201.365000, 2.644982, -1.459383, 0.080731
201.482000, 2.666911, -1.457609, 0.080734
201.578000, 2.686048, -1.456060, 0.081175
201.688000, 2.707974, -1.454254, 0.083570
201.784000, 2.727104, -1.452622, 0.086238
201.884000, 2.747228, -1.450865, 0.088371
201.984000, 2.766948, -1.449088, 0.091050
202.078000, 2.786834, -1.447163, 0.093195
202.171000, 2.804555, -1.445485, 0.095132
202.276000, 2.825261, -1.443509, 0.095129
202.377000, 2.845369, -1.441591, 0.095132
202.477000, 2.865279, -1.439689, 0.095658
202.586000, 2.886978, -1.437595, 0.095524
202.681000, 2.905894, -1.435810, 0.092917
202.777000, 2.925012, -1.434042, 0.091838
202.886000, 2.946919, -1.432022, 0.092478
202.988000, 2.967032, -1.430147, 0.092250
203.073000, 2.982901, -1.426869, 0.089096
203.172000, 3.002627, -1.425154, 0.084589
203.282000, 3.024552, -1.423337, 0.080382
203.383000, 3.045288, -1.421717, 0.075869
203.484000, 3.065034, -1.420250, 0.072086
203.572000, 3.079847, -1.419206, 0.069924
203.680000, 3.091562, -1.418299, 0.090011
203.768000, 3.100217, -1.417414, 0.111835
203.877000, 3.112129, -1.415967, 0.127393
203.985000, 3.130433, -1.413554, 0.136745
204.085000, 3.148449, -1.410950, 0.146027
204.182000, 3.167860, -1.408240, 0.125963
204.287000, 3.186014, -1.406767, 0.093185
204.387000, 3.205953, -1.405215, 0.061810
204.480000, 3.221234, -1.404464, 0.034548
204.579000, 3.228813, -1.404258, 0.012793
204.674000, 3.229029, -1.404255, -0.032640
204.788000, 3.229029, -1.404255, -0.107482
204.879000, 3.225045, -1.402584, -0.167916
204.969000, 3.225045, -1.402584, -0.230313
205.078000, 3.225045, -1.402584, -0.298623
205.185000, 3.225045, -1.402584, -0.368926
205.268000, 3.224181, -1.404182, -0.426773
205.382000, 3.224181, -1.404182, -0.499188
205.480000, 3.224181, -1.404182, -0.563655
205.584000, 3.222142, -1.402744, -0.632221
205.678000, 3.222142, -1.402744, -0.694102
205.775000, 3.222142, -1.402744, -0.757899
205.881000, 3.222142, -1.402744, -0.827639
205.975000, 3.221399, -1.403944, -0.888069
206.075000, 3.221399, -1.403944, -0.953897
206.174000, 3.221399, -1.403944, -1.019065
206.287000, 3.220461, -1.402847, -1.095679
206.380000, 3.220461, -1.402847, -1.156768
206.481000, 3.220461, -1.402847, -1.224456
206.591000, 3.219954, -1.404303, -1.296966
206.686000, 3.219954, -1.404303, -1.359498
206.770000, 3.219954, -1.404303, -1.415420
206.876000, 3.219954, -1.404303, -1.485084
206.987000, 3.221309, -1.402236, -1.558246
207.085000, 3.221309, -1.402236, -1.622662
207.183000, 3.221309, -1.402236, -1.687146
207.276000, 3.225388, -1.402618, -1.748970
207.377000, 3.225388, -1.402618, -1.815441
207.474000, 3.225388, -1.402618, -1.879216
207.586000, 3.225388, -1.402618, -1.952371
207.675000, 3.225119, -1.401642, -2.010247
207.784000, 3.225119, -1.401642, -2.082187
207.881000, 3.225119, -1.401642, -2.145473
207.984000, 3.225000, -1.402595, -2.209756
208.077000, 3.225000, -1.402595, -2.263537
208.183000, 3.225000, -1.402595, -2.321993
208.282000, 3.225000, -1.402595, -2.373978
208.375000, 3.228970, -1.403177, -2.416317
208.483000, 3.228970, -1.403177, -2.463465
208.581000, 3.228970, -1.403177, -2.505548
208.677000, 3.228970, -1.403177, -2.544517
208.777000, 3.228970, -1.403177, -2.589540
208.884000, 3.228970, -1.403177, -2.635501
208.978000, 3.228417, -1.403444, -2.677604
209.071000, 3.228417, -1.403444, -2.723044
209.188000, 3.228417, -1.403444, -2.774305
209.274000, 3.228417, -1.403444, -2.810546
209.380000, 3.226767, -1.403948, -2.855237
209.484000, 3.220909, -1.405508, -2.905349
209.584000, 3.216236, -1.406093, -2.954621
209.671000, 3.214866, -1.406313, -2.988398
209.779000, 3.206250, -1.407521, -3.010621
209.887000, 3.189213, -1.409691, -3.014230
209.984000, 3.169587, -1.412309, -3.001534
210.083000, 3.150401, -1.415179, -2.985577
210.182000, 3.130861, -1.418379, -2.973250
210.284000, 3.110769, -1.421910, -2.962191
210.386000, 3.090716, -1.425654, -2.950510
210.482000, 3.071889, -1.429423, -2.939157
210.583000, 3.051919, -1.433587, -2.932575
210.682000, 3.032761, -1.437729, -2.922719
210.780000, 3.016279, -1.441775, -2.903131
210.886000, 3.005823, -1.444525, -2.866223
210.982000, 2.994972, -1.447766, -2.837762
211.079000, 2.981984, -1.452044, -2.803108
211.181000, 2.973163, -1.455364, -2.765230
211.287000, 2.960323, -1.460620, -2.737770
211.388000, 2.950046, -1.465196, -2.710257
211.488000, 2.939769, -1.470043, -2.693257
211.583000, 2.929080, -1.475160, -2.679968
211.669000, 2.919953, -1.479799, -2.663908
211.773000, 2.909795, -1.485135, -2.649050
211.879000, 2.899548, -1.490783, -2.629787
211.978000, 2.889669, -1.496395, -2.615871
212.086000, 2.879531, -1.502457, -2.592845
212.179000, 2.869197, -1.508776, -2.595848
212.286000, 2.852158, -1.518934, -2.613649
212.376000, 2.837513, -1.527317, -2.628325
212.477000, 2.820969, -1.536532, -2.638168
212.585000, 2.803189, -1.546225, -2.645687
212.682000, 2.787008, -1.554931, -2.652918
212.778000, 2.771218, -1.563176, -2.669667
212.877000, 2.754592, -1.571428, -2.689427
212.975000, 2.737373, -1.579753, -2.690537
213.071000, 2.722326, -1.585293, -2.682678
213.172000, 2.705593, -1.593752, -2.668077
213.282000, 2.687231, -1.603145, -2.671699
213.388000, 2.669130, -1.612225, -2.681257
213.484000, 2.656614, -1.618384, -2.687540
213.582000, 2.654557, -1.619385, -2.689298
213.678000, 2.654557, -1.619385, -2.689287
213.778000, 2.654557, -1.619385, -2.689285
213.883000, 2.654557, -1.619385, -2.689281
213.989000, 2.654557, -1.619385, -2.689278
214.087000, 2.654557, -1.619385, -2.689278
214.185000, 2.654557, -1.619385, -2.689275
214.288000, 2.654557, -1.619385, -2.689273
214.374000, 2.654557, -1.619385, -2.689270
214.477000, 2.654557, -1.619385, -2.689268
214.582000, 2.654557, -1.619385, -2.689267
214.682000, 2.654557, -1.619385, -2.689265
214.773000, 2.654557, -1.619385, -2.689263
214.870000, 2.654557, -1.619385, -2.689260
214.977000, 2.654557, -1.619385, -2.689257
215.074000, 2.654557, -1.619385, -2.689254
215.183000, 2.654557, -1.619385, -2.689252
215.280000, 2.654557, -1.619385, -2.689250
215.384000, 2.654557, -1.619385, -2.689247
215.488000, 2.654557, -1.619385, -2.689244
215.585000, 2.654557, -1.619385, -2.689240
215.679000, 2.654557, -1.619385, -2.689237
215.770000, 2.654557, -1.619385, -2.689234
215.872000, 2.654557, -1.619385, -2.689232
215.985000, 2.654557, -1.619385, -2.689230
216.080000, 2.654557, -1.619385, -2.689227
216.180000, 2.654557, -1.619385, -2.689224
216.286000, 2.654557, -1.619385, -2.689223
216.384000, 2.654557, -1.619385, -2.689220
216.476000, 2.654557, -1.619385, -2.689216
216.583000, 2.654557, -1.619385, -2.689212
216.682000, 2.654557, -1.619385, -2.689211
216.778000, 2.654557, -1.619385, -2.689209
216.872000, 2.654557, -1.619385, -2.689208
216.981000, 2.654557, -1.619385, -2.689205
217.082000, 2.654557, -1.619385, -2.689200
217.179000, 2.654557, -1.619385, -2.689198
217.278000, 2.654557, -1.619385, -2.689197
217.385000, 2.654557, -1.619385, -2.689191
217.484000, 2.654557, -1.619385, -2.689187
217.573000, 2.654557, -1.619385, -2.689186
217.679000, 2.654557, -1.619385, -2.689182
217.783000, 2.654557, -1.619385, -2.689180
217.882000, 2.654557, -1.619385, -2.689177
217.974000, 2.654557, -1.619385, -2.689174
218.086000, 2.654557, -1.619385, -2.689172
218.175000, 2.654557, -1.619385, -2.689169
218.281000, 2.654557, -1.619385, -2.689166
218.377000, 2.654557, -1.619385, -2.689164
218.478000, 2.654557, -1.619385, -2.689163
218.575000, 2.654557, -1.619385, -2.689161
218.672000, 2.654557, -1.619385, -2.689156
218.777000, 2.654557, -1.619385, -2.689156
218.880000, 2.654557, -1.619385, -2.689153
218.973000, 2.654557, -1.619385, -2.689150
219.086000, 2.654557, -1.619385, -2.689147
219.178000, 2.654557, -1.619385, -2.689145
219.276000, 2.654557, -1.619385, -2.689143
219.374000, 2.653242, -1.620026, -2.686288
219.479000, 2.649146, -1.622062, -2.659562
219.571000, 2.649146, -1.622062, -2.619069
219.676000, 2.648141, -1.622719, -2.551740
219.775000, 2.646710, -1.624911, -2.488542
219.878000, 2.645256, -1.626154, -2.416964
219.980000, 2.640978, -1.630215, -2.353688
220.081000, 2.633072, -1.636512, -2.289779
220.176000, 2.627639, -1.643128, -2.227293
220.285000, 2.623697, -1.648514, -2.155038
220.375000, 2.622908, -1.649833, -2.096344
220.488000, 2.621486, -1.652444, -2.031205
220.579000, 2.620780, -1.653977, -1.992785
220.684000, 2.619604, -1.656696, -1.944645
220.778000, 2.618962, -1.658497, -1.901935
220.872000, 2.618174, -1.660870, -1.864364
220.964000, 2.618345, -1.662984, -1.826072
221.077000, 2.617587, -1.666157, -1.767212
221.178000, 2.617325, -1.667748, -1.723621
221.284000, 2.616937, -1.670533, -1.674601
221.381000, 2.616804, -1.672328, -1.634217
221.487000, 2.616659, -1.675162, -1.588443
221.581000, 2.616811, -1.675989, -1.550974
221.670000, 2.616863, -1.677000, -1.513731
221.788000, 2.617091, -1.680154, -1.463576
221.886000, 2.617091, -1.680154, -1.422380
221.984000, 2.617091, -1.680154, -1.379512
222.084000, 2.619436, -1.680797, -1.337727
222.182000, 2.619436, -1.680797, -1.298186
222.281000, 2.619436, -1.680797, -1.256245
222.377000, 2.619436, -1.680797, -1.216871
222.480000, 2.619436, -1.680797, -1.174626
222.573000, 2.619436, -1.680797, -1.135792
222.672000, 2.618483, -1.681507, -1.095804
222.781000, 2.618483, -1.681507, -1.051042
222.887000, 2.618483, -1.681507, -1.007541
222.977000, 2.618483, -1.681507, -0.970128
223.083000, 2.618483, -1.681507, -0.925020
223.188000, 2.618483, -1.681507, -0.881135
223.282000, 2.618354, -1.682842, -0.839664
223.388000, 2.618354, -1.682842, -0.794621
223.474000, 2.618354, -1.682842, -0.760144
223.585000, 2.618354, -1.682842, -0.714794
223.678000, 2.618354, -1.682842, -0.676291
223.786000, 2.617556, -1.681839, -0.632879
223.874000, 2.617556, -1.681839, -0.596187
223.984000, 2.617556, -1.681839, -0.549513
224.071000, 2.617556, -1.681839, -0.511034
224.182000, 2.617556, -1.681839, -0.444338
224.288000, 2.617576, -1.678329, -0.389892
224.384000, 2.617576, -1.678329, -0.350568
224.480000, 2.617576, -1.678329, -0.312033
224.576000, 2.617576, -1.678329, -0.282529
224.683000, 2.617576, -1.678329, -0.281037
224.780000, 2.617576, -1.678329, -0.281034
224.876000, 2.617576, -1.678329, -0.281034
224.980000, 2.617576, -1.678329, -0.281028
225.081000, 2.617576, -1.678329, -0.281026
225.180000, 2.617576, -1.678329, -0.281023
225.286000, 2.617576, -1.678329, -0.281020
225.378000, 2.617576, -1.678329, -0.281019
225.488000, 2.617576, -1.678329, -0.281016
225.582000, 2.617576, -1.678329, -0.281013
225.686000, 2.617576, -1.678329, -0.281010
225.781000, 2.617576, -1.678329, -0.281009
225.882000, 2.617576, -1.678329, -0.281006
225.983000, 2.617576, -1.678329, -0.281003
226.075000, 2.617576, -1.678329, -0.281002
226.182000, 2.617576, -1.678329, -0.280998
226.284000, 2.617576, -1.678329, -0.280995
226.377000, 2.617576, -1.678329, -0.280994
226.486000, 2.617576, -1.678329, -0.280991
226.581000, 2.617576, -1.678329, -0.280987
226.681000, 2.617576, -1.678329, -0.280984
226.782000, 2.617576, -1.678329, -0.280981
226.880000, 2.617576, -1.678329, -0.280976
226.979000, 2.617576, -1.678329, -0.280975
227.091000, 2.617576, -1.678329, -0.280973
227.163000, 2.617576, -1.678329, -0.280971
227.280000, 2.617576, -1.678329, -0.280968
227.375000, 2.617576, -1.678329, -0.280964
227.476000, 2.617576, -1.678329, -0.280962
227.585000, 2.617576, -1.678329, -0.280960
227.683000, 2.617576, -1.678329, -0.280956
227.776000, 2.617576, -1.678329, -0.280953
227.887000, 2.617576, -1.678329, -0.280951
227.988000, 2.617576, -1.678329, -0.280950
228.083000, 2.617576, -1.678329, -0.280946
228.183000, 2.617576, -1.678329, -0.280942
228.267000, 2.617576, -1.678329, -0.280941
228.383000, 2.617576, -1.678329, -0.280937
228.487000, 2.617576, -1.678329, -0.280934
228.576000, 2.617576, -1.678329, -0.280930
228.673000, 2.617576, -1.678329, -0.280930
228.788000, 2.617576, -1.678329, -0.280927
228.877000, 2.617576, -1.678329, -0.280925
228.985000, 2.617576, -1.678329, -0.280922
229.067000, 2.617576, -1.678329, -0.280920
229.176000, 2.617576, -1.678329, -0.280917
229.282000, 2.617576, -1.678329, -0.280914
229.378000, 2.617576, -1.678329, -0.280912
229.476000, 2.617576, -1.678329, -0.280910
229.576000, 2.617576, -1.678329, -0.280907
229.674000, 2.617576, -1.678329, -0.280903
229.771000, 2.617576, -1.678329, -0.280902
229.867000, 2.617576, -1.678329, -0.280900
229.973000, 2.617576, -1.678329, -0.280897
230.080000, 2.617576, -1.678329, -0.280893
230.176000, 2.617576, -1.678329, -0.280889
230.288000, 2.617576, -1.678329, -0.280886
230.379000, 2.617576, -1.678329, -0.280884
230.487000, 2.617576, -1.678329, -0.280878
230.572000, 2.617576, -1.678329, -0.280875
230.688000, 2.617576, -1.678329, -0.280873
230.780000, 2.617576, -1.678329, -0.280869
230.884000, 2.617576, -1.678329, -0.280866
230.979000, 2.617576, -1.678329, -0.280863
231.065000, 2.617576, -1.678329, -0.280860
231.183000, 2.617576, -1.678329, -0.280857
231.281000, 2.617576, -1.678329, -0.280854
231.383000, 2.617576, -1.678329, -0.280850
231.477000, 2.617576, -1.678329, -0.280849
231.581000, 2.617576, -1.678329, -0.280846
231.677000, 2.617576, -1.678329, -0.280843
231.776000, 2.617576, -1.678329, -0.280840
231.873000, 2.617576, -1.678329, -0.280838
231.981000, 2.617576, -1.678329, -0.280836
232.085000, 2.617576, -1.678329, -0.280832
232.173000, 2.617576, -1.678329, -0.280827
232.285000, 2.617576, -1.678329, -0.280825
232.385000, 2.617576, -1.678329, -0.280823
232.481000, 2.617576, -1.678329, -0.280821
232.588000, 2.617576, -1.678329, -0.280818
232.678000, 2.617576, -1.678329, -0.280816
232.774000, 2.617576, -1.678329, -0.280814
232.882000, 2.617576, -1.678329, -0.280812
232.985000, 2.617576, -1.678329, -0.280809
233.076000, 2.617576, -1.678329, -0.280807
233.170000, 2.617576, -1.678329, -0.280805
233.286000, 2.617576, -1.678329, -0.280802
233.387000, 2.617576, -1.678329, -0.280799
233.479000, 2.617576, -1.678329, -0.280796
233.578000, 2.617576, -1.678329, -0.280793
233.674000, 2.617576, -1.678329, -0.280790
233.784000, 2.617576, -1.678329, -0.280790
233.871000, 2.617576, -1.678329, -0.280788
233.983000, 2.617576, -1.678329, -0.280787
234.085000, 2.617576, -1.678329, -0.280785
234.176000, 2.617576, -1.678329, -0.280781
234.275000, 2.617576, -1.678329, -0.280777
234.388000, 2.617576, -1.678329, -0.280773
234.462000, 2.617576, -1.678329, -0.280772
234.574000, 2.617576, -1.678329, -0.280767
234.681000, 2.617576, -1.678329, -0.280763
234.783000, 2.617576, -1.678329, -0.280762
234.882000, 2.617576, -1.678329, -0.280758
234.975000, 2.617576, -1.678329, -0.276153
235.071000, 2.617576, -1.678329, -0.244687
235.176000, 2.620033, -1.679278, -0.180478
235.286000, 2.620033, -1.679278, -0.108062
235.378000, 2.620033, -1.679278, -0.046873
235.484000, 2.620702, -1.679895, 0.023636
235.581000, 2.620702, -1.679895, 0.091949
235.679000, 2.620702, -1.679895, 0.152478
235.773000, 2.620702, -1.679895, 0.213697
235.882000, 2.622432, -1.679050, 0.286288
235.975000, 2.622432, -1.679050, 0.349419
236.083000, 2.622432, -1.679050, 0.421197
236.180000, 2.622268, -1.679564, 0.483637
236.282000, 2.622268, -1.679564, 0.550110
236.386000, 2.622268, -1.679564, 0.619701
236.486000, 2.619228, -1.678159, 0.683306
236.581000, 2.619228, -1.678159, 0.745755
236.686000, 2.619228, -1.678159, 0.814848
236.779000, 2.619228, -1.678159, 0.875962
236.887000, 2.618907, -1.678973, 0.947048
236.971000, 2.618907, -1.678973, 1.002317
237.084000, 2.618907, -1.678973, 1.077354
237.176000, 2.617756, -1.677813, 1.137155
237.277000, 2.617756, -1.677813, 1.203620
237.379000, 2.617756, -1.677813, 1.270709
237.480000, 2.616370, -1.677734, 1.337575
237.586000, 2.616370, -1.677734, 1.406003
237.688000, 2.616370, -1.677734, 1.473142
237.783000, 2.616370, -1.677734, 1.535567
237.874000, 2.618044, -1.676389, 1.595434
237.983000, 2.618044, -1.676389, 1.668552
238.088000, 2.618044, -1.676389, 1.736233
238.171000, 2.617113, -1.676306, 1.792322
238.277000, 2.617113, -1.676306, 1.860752
238.380000, 2.617113, -1.676306, 1.929100
238.476000, 2.619327, -1.678850, 1.993087
238.582000, 2.619327, -1.678850, 2.064822
238.684000, 2.619327, -1.678850, 2.130564
238.775000, 2.619327, -1.678850, 2.189805
238.872000, 2.618653, -1.677755, 2.253905
238.981000, 2.618653, -1.677755, 2.325640
239.083000, 2.618653, -1.677755, 2.393332
239.187000, 2.619788, -1.676100, 2.463351
239.278000, 2.619788, -1.676100, 2.523185
239.383000, 2.619788, -1.676100, 2.592193
239.482000, 2.621031, -1.676814, 2.657736
239.588000, 2.621031, -1.676814, 2.728108
239.686000, 2.621031, -1.676814, 2.792471
239.779000, 2.621031, -1.676814, 2.852931
239.872000, 2.622798, -1.675696, 2.916215
239.970000, 2.622798, -1.675696, 2.980705
240.076000, 2.622798, -1.675696, 3.050369
240.186000, 2.625251, -1.676879, 3.124314
240.276000, 2.625251, -1.676879, -3.098972
240.375000, 2.625251, -1.676879, -3.034550
240.486000, 2.625251, -1.676879, -2.961543
240.570000, 2.624740, -1.673044, -2.906134
240.682000, 2.624740, -1.673044, -2.833077
240.779000, 2.624740, -1.673044, -2.766661
240.874000, 2.624479, -1.672554, -2.704080
240.984000, 2.624479, -1.672554, -2.633224
241.077000, 2.624479, -1.672554, -2.572099
241.179000, 2.621811, -1.672474, -2.506332
241.277000, 2.621811, -1.672474, -2.441915
241.385000, 2.621811, -1.672474, -2.371436
241.487000, 2.621811, -1.672474, -2.304231
241.586000, 2.623109, -1.672417, -2.239049
241.685000, 2.623109, -1.672417, -2.173241
241.785000, 2.623109, -1.672417, -2.107370
241.877000, 2.622261, -1.674767, -2.045487
241.975000, 2.622261, -1.674767, -1.981106
242.080000, 2.622261, -1.674767, -1.910658
242.180000, 2.622509, -1.672678, -1.844368
242.278000, 2.622509, -1.672678, -1.779903
242.376000, 2.622509, -1.672678, -1.715459
242.487000, 2.622509, -1.672678, -1.642482
242.565000, 2.621864, -1.671449, -1.589611
242.672000, 2.621864, -1.671449, -1.519868
242.782000, 2.621864, -1.671449, -1.447550
242.885000, 2.623086, -1.672351, -1.381202
242.979000, 2.623086, -1.672351, -1.318036
243.081000, 2.623086, -1.672351, -1.251554
243.184000, 2.623467, -1.673062, -1.183437
243.279000, 2.623467, -1.673062, -1.120960
243.371000, 2.623467, -1.673062, -1.057138
243.476000, 2.623467, -1.673062, -0.990177
243.579000, 2.622639, -1.672459, -0.925246
243.688000, 2.622639, -1.672459, -0.853551
243.771000, 2.622639, -1.672459, -0.798996
243.872000, 2.620596, -1.671900, -0.732120
243.974000, 2.620596, -1.671900, -0.666236
244.083000, 2.620596, -1.671900, -0.594579
244.178000, 2.620596, -1.671900, -0.532154
244.278000, 2.620351, -1.672609, -0.463393
244.379000, 2.620351, -1.672609, -0.395035
244.476000, 2.620351, -1.672609, -0.333184
244.574000, 2.620046, -1.674611, -0.269628
244.676000, 2.620046, -1.674611, -0.208917
244.775000, 2.620046, -1.674611, -0.168280
244.875000, 2.620046, -1.674611, -0.126106
244.970000, 2.620046, -1.674611, -0.085819
245.077000, 2.620046, -1.674611, -0.041929
245.170000, 2.617890, -1.676966, -0.000085
245.277000, 2.617890, -1.676966, 0.047962
245.376000, 2.617890, -1.676966, 0.088752
245.482000, 2.617890, -1.676966, 0.134177
245.586000, 2.619916, -1.680189, 0.185555
245.672000, 2.619916, -1.680189, 0.225906
245.784000, 2.619916, -1.680189, 0.275853
245.880000, 2.619916, -1.680189, 0.316922
245.988000, 2.619916, -1.680189, 0.360936
246.085000, 2.620651, -1.679165, 0.405994
246.182000, 2.620651, -1.679165, 0.460426
246.276000, 2.620651, -1.679165, 0.508417
246.368000, 2.620651, -1.679165, 0.554965
246.486000, 2.621673, -1.678700, 0.607761
246.574000, 2.621673, -1.678700, 0.647041
246.685000, 2.621673, -1.678700, 0.693791
246.780000, 2.621673, -1.678700, 0.736941
246.884000, 2.621673, -1.678700, 0.794902
246.983000, 2.622286, -1.678396, 0.845579
247.072000, 2.622286, -1.678396, 0.889083
247.188000, 2.622286, -1.678396, 0.940281
247.287000, 2.622286, -1.678396, 0.981693
247.377000, 2.622286, -1.678396, 1.019906
247.483000, 2.624867, -1.680049, 1.063807
247.582000, 2.624867, -1.680049, 1.104748
247.682000, 2.624867, -1.680049, 1.145489
247.784000, 2.624867, -1.680049, 1.187590
247.879000, 2.624867, -1.680049, 1.226372
247.981000, 2.624867, -1.680049, 1.268856
248.080000, 2.624593, -1.682004, 1.311821
248.175000, 2.624593, -1.682004, 1.355939
248.279000, 2.624593, -1.682004, 1.398354
248.371000, 2.624593, -1.682004, 1.435654
248.481000, 2.624593, -1.682004, 1.481394
248.583000, 2.624593, -1.682004, 1.523346
248.686000, 2.623499, -1.686016, 1.565957
248.777000, 2.623499, -1.686016, 1.604795
248.880000, 2.623499, -1.686016, 1.654941
248.978000, 2.623499, -1.686016, 1.718614
249.083000, 2.623988, -1.686978, 1.786588
249.166000, 2.623988, -1.686978, 1.843844
249.278000, 2.623988, -1.686978, 1.914849
249.371000, 2.624025, -1.687791, 1.979800
249.477000, 2.624025, -1.687791, 2.050786
249.586000, 2.624025, -1.687791, 2.121143
249.684000, 2.624025, -1.687791, 2.185605
249.785000, 2.623657, -1.687327, 2.251007
249.884000, 2.623657, -1.687327, 2.316071
249.987000, 2.623657, -1.687327, 2.383758
250.074000, 2.622429, -1.688205, 2.442044
250.177000, 2.622429, -1.688205, 2.509765
250.281000, 2.622429, -1.688205, 2.580802
250.373000, 2.621832, -1.688180, 2.638732
250.483000, 2.621832, -1.688180, 2.711163
250.582000, 2.621832, -1.688180, 2.776259
250.686000, 2.621832, -1.688180, 2.845336
250.784000, 2.621784, -1.686456, 2.909978
250.875000, 2.621784, -1.686456, 2.969790
250.976000, 2.621784, -1.686456, 3.036238
251.080000, 2.620709, -1.685209, 3.103033
251.185000, 2.620709, -1.685209, -3.109815
251.282000, 2.620709, -1.685209, -3.047233
251.381000, 2.619329, -1.684658, -2.980574
251.479000, 2.619329, -1.684658, -2.916849
251.573000, 2.619329, -1.684658, -2.855082
251.688000, 2.619329, -1.684658, -2.779353
251.777000, 2.619818, -1.684682, -2.720391
251.887000, 2.619818, -1.684682, -2.651481
251.986000, 2.618108, -1.685693, -2.591287
252.077000, 2.613810, -1.691560, -2.532457
252.185000, 2.605792, -1.697604, -2.459360
252.275000, 2.599512, -1.703010, -2.402144
252.376000, 2.594731, -1.710008, -2.334637
252.480000, 2.586866, -1.718837, -2.267574
252.572000, 2.576626, -1.731836, -2.210032
252.685000, 2.563811, -1.750446, -2.137484
252.787000, 2.553960, -1.768518, -2.076327
252.877000, 2.545740, -1.784304, -2.025988
252.973000, 2.537735, -1.801753, -1.975041
253.079000, 2.529951, -1.821469, -1.919108
253.177000, 2.522582, -1.841395, -1.869432
253.276000, 2.517351, -1.859866, -1.823363
253.387000, 2.512420, -1.881304, -1.771200
253.484000, 2.508959, -1.900391, -1.729068
253.579000, 2.506342, -1.919209, -1.688372
253.681000, 2.504352, -1.940113, -1.642926
253.779000, 2.504198, -1.958342, -1.603250
253.873000, 2.503940, -1.977339, -1.566316
253.986000, 2.504447, -1.999932, -1.529479
254.073000, 2.505413, -2.017305, -1.502349
254.178000, 2.507127, -2.038234, -1.475216
254.282000, 2.509370, -2.058711, -1.449095
254.383000, 2.512039, -2.078733, -1.427648
254.483000, 2.515190, -2.099091, -1.406264
254.574000, 2.518236, -2.116425, -1.387981
254.666000, 2.521938, -2.134385, -1.373295
254.774000, 2.526349, -2.155530, -1.355039
254.886000, 2.531466, -2.177336, -1.325652
254.983000, 2.536657, -2.197064, -1.302283
255.067000, 2.540963, -2.212266, -1.287301
255.189000, 2.548039, -2.235617, -1.265244
255.280000, 2.553654, -2.252929, -1.251395
255.383000, 2.560194, -2.272463, -1.244885
255.486000, 2.566818, -2.291969, -1.241480
255.565000, 2.571953, -2.306912, -1.238043
255.685000, 2.580223, -2.331656, -1.232101
255.784000, 2.586793, -2.349909, -1.218751
255.871000, 2.593308, -2.367331, -1.207413
255.986000, 2.601182, -2.387659, -1.193623
256.085000, 2.608693, -2.406194, -1.178231
256.178000, 2.615836, -2.423152, -1.168293
256.280000, 2.622650, -2.439080, -1.160332
256.379000, 2.626956, -2.448684, -1.141063
256.474000, 2.632012, -2.459567, -1.127691
256.579000, 2.637723, -2.471245, -1.109227
256.678000, 2.643314, -2.482424, -1.101380
256.776000, 2.649238, -2.493856, -1.085936
256.885000, 2.655293, -2.505218, -1.076702
256.976000, 2.660717, -2.515217, -1.073149
257.082000, 2.667017, -2.526873, -1.077752
257.178000, 2.672283, -2.536723, -1.078784
257.287000, 2.674668, -2.536776, -1.044777
257.372000, 2.674668, -2.536776, -1.000828
257.475000, 2.674668, -2.536776, -0.935304
257.577000, 2.674668, -2.536776, -0.867376
257.688000, 2.672929, -2.535859, -0.805954
257.788000, 2.672929, -2.535859, -0.754073
257.884000, 2.672929, -2.535859, -0.709185
257.985000, 2.672929, -2.535859, -0.665234
258.086000, 2.672929, -2.535859, -0.625761
258.172000, 2.674878, -2.533949, -0.590593
258.287000, 2.674878, -2.533949, -0.544697
258.380000, 2.674878, -2.533949, -0.519693
258.472000, 2.674878, -2.533949, -0.518671
258.588000, 2.674878, -2.533949, -0.518669
258.682000, 2.674878, -2.533949, -0.518666
258.781000, 2.674878, -2.533949, -0.518662
258.888000, 2.674878, -2.533949, -0.518659
258.979000, 2.674878, -2.533949, -0.518660
259.083000, 2.674878, -2.533949, -0.518659
259.171000, 2.674878, -2.533949, -0.518657
259.276000, 2.674878, -2.533949, -0.518654
259.382000, 2.674878, -2.533949, -0.518649
259.480000, 2.674878, -2.533949, -0.518645
