129.482000, -nan, -nan, -nan
129.582000, 2.012522, -2.003891, 1.575440
129.680000, 2.012522, -2.003891, 1.575441
129.767000, 2.012522, -2.003891, 1.575445
129.878000, 2.012522, -2.003891, 1.575448
129.988000, 2.012522, -2.003891, 1.575450
130.087000, 2.012522, -2.003891, 1.575453
130.183000, 2.012522, -2.003891, 1.575456
130.285000, 2.012522, -2.003891, 1.575458
130.382000, 2.012522, -2.003891, 1.575458
130.487000, 2.012522, -2.003891, 1.575462
130.583000, 2.012522, -2.003891, 1.575465
130.676000, 2.012522, -2.003891, 1.575466
130.785000, 2.012522, -2.003891, 1.575468
130.885000, 2.012522, -2.003891, 1.575472
130.985000, 2.012522, -2.003891, 1.575474
131.087000, 2.012522, -2.003891, 1.575475
131.178000, 2.012522, -2.003891, 1.575478
131.265000, 2.012522, -2.003891, 1.575481
131.377000, 2.012522, -2.003891, 1.575482
131.474000, 2.012522, -2.003891, 1.575484
131.584000, 2.012522, -2.003891, 1.575488
131.682000, 2.012522, -2.003891, 1.575490
131.787000, 2.012522, -2.003891, 1.575493
131.886000, 2.012522, -2.003891, 1.575495
131.984000, 2.012522, -2.003891, 1.575498
132.071000, 2.012522, -2.003891, 1.575500
132.188000, 2.012522, -2.003891, 1.575501
132.285000, 2.012522, -2.003891, 1.575504
132.370000, 2.012522, -2.003891, 1.575507
132.472000, 2.012522, -2.003891, 1.575508
132.583000, 2.012522, -2.003891, 1.575510
132.688000, 2.012522, -2.003891, 1.575511
132.784000, 2.012522, -2.003891, 1.575514
132.884000, 2.012522, -2.003891, 1.575515
132.982000, 2.012522, -2.003891, 1.575517
133.085000, 2.012522, -2.003891, 1.575521
133.180000, 2.012522, -2.003891, 1.575524
133.277000, 2.012522, -2.003891, 1.575525
133.374000, 2.012522, -2.003891, 1.575528
133.475000, 2.012522, -2.003891, 1.575530
133.578000, 2.012522, -2.003891, 1.575530
133.684000, 2.012522, -2.003891, 1.575533
133.770000, 2.012522, -2.003891, 1.575535
133.869000, 2.012522, -2.003891, 1.575538
133.988000, 2.012522, -2.003891, 1.575539
134.064000, 2.012522, -2.003891, 1.575543
134.181000, 2.012522, -2.003891, 1.575545
134.285000, 2.012522, -2.003891, 1.575547
134.379000, 2.012522, -2.003891, 1.575549
134.486000, 2.012522, -2.003891, 1.575551
134.582000, 2.012522, -2.003891, 1.575554
134.687000, 2.012522, -2.003891, 1.575556
134.778000, 2.012522, -2.003891, 1.575557
134.883000, 2.012522, -2.003891, 1.575560
134.977000, 2.012522, -2.003891, 1.575563
135.085000, 2.012522, -2.003891, 1.575564
135.181000, 2.012522, -2.003891, 1.575567
135.282000, 2.012522, -2.003891, 1.575570
135.379000, 2.012522, -2.003891, 1.575573
135.480000, 2.012522, -2.003891, 1.575574
135.585000, 2.012522, -2.003891, 1.575576
135.673000, 2.012522, -2.003891, 1.575578
135.788000, 2.012522, -2.003891, 1.575581
135.882000, 2.012522, -2.003891, 1.575584
135.980000, 2.012522, -2.003891, 1.575585
136.084000, 2.012522, -2.003891, 1.575587
136.181000, 2.012522, -2.003891, 1.575590
136.285000, 2.012522, -2.003891, 1.575593
136.374000, 2.012522, -2.003891, 1.575595
136.484000, 2.012522, -2.003891, 1.575597
136.573000, 2.012522, -2.003891, 1.575599
136.679000, 2.012522, -2.003891, 1.575601
136.784000, 2.012522, -2.003891, 1.575603
136.877000, 2.012522, -2.003891, 1.575604
136.967000, 2.012522, -2.003891, 1.575607
137.073000, 2.012522, -2.003891, 1.575610
137.182000, 2.012522, -2.003891, 1.575613
137.280000, 2.012522, -2.003891, 1.575614
137.383000, 2.012522, -2.003891, 1.575617
137.486000, 2.012522, -2.003891, 1.575620
137.575000, 2.012522, -2.003891, 1.575622
137.682000, 2.012522, -2.003891, 1.575624
137.780000, 2.012522, -2.003891, 1.575627
137.864000, 2.012522, -2.003891, 1.575628
137.981000, 2.012522, -2.003891, 1.575631
138.080000, 2.012522, -2.003891, 1.575634
138.183000, 2.012522, -2.003891, 1.575636
138.276000, 2.012522, -2.003891, 1.575638
138.386000, 2.012522, -2.003891, 1.575640
138.458000, 2.012522, -2.003891, 1.575643
138.579000, 2.012522, -2.003891, 1.575645
138.667000, 2.012522, -2.003891, 1.575646
138.787000, 2.012522, -2.003891, 1.575649
138.872000, 2.012522, -2.003891, 1.575653
138.981000, 2.012522, -2.003891, 1.575655
139.076000, 2.012522, -2.003891, 1.575656
139.133000, 2.012522, -2.003891, 1.575659
139.266000, 2.012522, -2.003891, 1.575664
139.388000, 2.012522, -2.003891, 1.575668
139.476000, 2.012522, -2.003891, 1.575671
139.581000, 2.012522, -2.003891, 1.575672
139.678000, 2.012522, -2.003891, 1.575675
139.773000, 2.012522, -2.003891, 1.575679
139.881000, 2.012522, -2.003891, 1.575682
139.980000, 2.012522, -2.003891, 1.575684
140.075000, 2.012522, -2.003891, 1.575688
140.171000, 2.012522, -2.003891, 1.575691
140.287000, 2.012522, -2.003891, 1.575693
140.376000, 2.012522, -2.003891, 1.575694
140.482000, 2.012522, -2.003891, 1.575697
140.573000, 2.012522, -2.003891, 1.575698
140.679000, 2.012522, -2.003891, 1.575701
140.784000, 2.012522, -2.003891, 1.575704
140.861000, 2.012522, -2.003891, 1.575707
140.988000, 2.012522, -2.003891, 1.575709
141.084000, 2.012513, -2.001941, 1.574540
141.184000, 2.012503, -1.993091, 1.570190
141.283000, 2.012520, -1.977804, 1.569032
141.382000, 2.012590, -1.958054, 1.565139
141.487000, 2.012743, -1.937054, 1.563984
141.582000, 2.012837, -1.918055, 1.567305
141.640000, 2.012870, -1.906455, 1.568695
141.784000, 2.012870, -1.877655, 1.573539
141.878000, 2.012784, -1.858855, 1.576809
141.986000, 2.012631, -1.837256, 1.578401
142.068000, 2.016198, -1.831040, 1.585070
142.185000, 2.015904, -1.810442, 1.585072
142.282000, 2.015619, -1.790444, 1.585075
142.386000, 2.015330, -1.770246, 1.585078
142.481000, 2.015059, -1.751248, 1.585080
142.581000, 2.014764, -1.730650, 1.585083
142.683000, 2.014482, -1.710852, 1.585086
142.778000, 2.014210, -1.691854, 1.585087
142.887000, 2.013898, -1.670056, 1.585090
142.980000, 2.013633, -1.651458, 1.585093
143.076000, 2.013332, -1.630460, 1.585096
143.171000, 2.004292, -1.617025, 1.581503
143.285000, 2.004082, -1.597426, 1.581505
143.382000, 2.003881, -1.578027, 1.579654
143.483000, 2.003750, -1.557828, 1.575201
143.587000, 2.003697, -1.537028, 1.571093
143.686000, 2.003736, -1.517228, 1.566870
143.781000, 2.003839, -1.498028, 1.564385
143.888000, 2.004000, -1.476229, 1.561982
143.984000, 2.004193, -1.457230, 1.559633
144.076000, 1.998864, -1.442011, 1.562811
144.188000, 1.999079, -1.419612, 1.559976
144.284000, 1.999303, -1.400414, 1.557904
144.385000, 1.999595, -1.380216, 1.554921
144.480000, 1.999912, -1.361018, 1.553935
144.582000, 2.000278, -1.339622, 1.552943
144.683000, 2.000640, -1.320225, 1.551718
144.756000, 2.000971, -1.303028, 1.551095
144.881000, 2.001428, -1.281033, 1.549242
144.984000, 2.001881, -1.260438, 1.547121
145.087000, 2.002426, -1.239845, 1.541128
145.185000, 2.012310, -1.223070, 1.526088
145.281000, 2.013225, -1.203692, 1.521526
145.378000, 2.014202, -1.184517, 1.518515
145.480000, 2.015287, -1.164146, 1.517085
145.584000, 2.016408, -1.143376, 1.516263
145.681000, 2.017482, -1.124006, 1.514931
145.787000, 2.018670, -1.102839, 1.514030
145.879000, 2.019729, -1.084470, 1.512721
145.978000, 2.020881, -1.064703, 1.512541
146.073000, 2.021987, -1.045735, 1.512541
146.177000, 2.034540, -1.025316, 1.507714
146.285000, 2.035801, -1.005356, 1.507718
146.386000, 2.037077, -0.985197, 1.507106
146.475000, 2.038248, -0.967034, 1.506010
146.578000, 2.039608, -0.946078, 1.505577
146.682000, 2.040941, -0.925922, 1.504323
146.782000, 2.042257, -0.906166, 1.503830
146.870000, 2.043461, -0.888407, 1.502596
146.986000, 2.045028, -0.865460, 1.502610
147.081000, 2.046321, -0.846504, 1.503089
147.180000, 2.047649, -0.826749, 1.503261
147.282000, 2.041884, -0.812175, 1.506202
147.383000, 2.043229, -0.791619, 1.505036
147.487000, 2.044570, -0.771263, 1.504694
147.579000, 2.045797, -0.752904, 1.503792
147.668000, 2.047043, -0.734346, 1.502636
147.776000, 2.048550, -0.713601, 1.494331
147.885000, 2.050289, -0.691870, 1.487888
147.975000, 2.051593, -0.676551, 1.482753
148.074000, 2.052493, -0.666842, 1.473558
148.182000, 2.053600, -0.656099, 1.463036
148.271000, 2.054613, -0.647056, 1.455593
148.376000, 2.055832, -0.636828, 1.448939
148.477000, 2.057087, -0.626807, 1.443320
148.585000, 2.058496, -0.616099, 1.436807
148.683000, 2.059827, -0.606390, 1.432694
148.771000, 2.069252, -0.604013, 1.421619
148.882000, 2.070931, -0.593040, 1.416694
148.975000, 2.072101, -0.585588, 1.409046
149.079000, 2.072227, -0.584834, 1.372032
149.187000, 2.072227, -0.584834, 1.324259
149.275000, 2.072227, -0.584834, 1.286506
149.373000, 2.073032, -0.593953, 1.244372
149.470000, 2.073032, -0.593953, 1.205293
149.582000, 2.073032, -0.593953, 1.161093
149.682000, 2.073032, -0.593953, 1.131519
149.787000, 2.073032, -0.593953, 1.130852
149.887000, 2.073032, -0.593953, 1.130854
149.971000, 2.073032, -0.593953, 1.130856
150.072000, 2.073032, -0.593953, 1.130858
150.172000, 2.073032, -0.593953, 1.130862
150.280000, 2.073032, -0.593953, 1.130864
150.379000, 2.073032, -0.593953, 1.130866
150.483000, 2.073032, -0.593953, 1.130868
150.574000, 2.073032, -0.593953, 1.130871
150.688000, 2.073032, -0.593953, 1.130874
150.780000, 2.073032, -0.593953, 1.130875
150.888000, 2.073032, -0.593953, 1.130878
150.979000, 2.073032, -0.593953, 1.130881
151.066000, 2.073032, -0.593953, 1.130883
151.188000, 2.073032, -0.593953, 1.130885
151.294000, 2.073032, -0.593953, 1.130885
151.375000, 2.073032, -0.593953, 1.130887
151.477000, 2.073032, -0.593953, 1.130889
151.578000, 2.073032, -0.593953, 1.130892
151.688000, 2.073032, -0.593953, 1.130895
151.778000, 2.073032, -0.593953, 1.130896
151.877000, 2.073032, -0.593953, 1.130899
151.986000, 2.073032, -0.593953, 1.130905
152.088000, 2.073032, -0.593953, 1.130907
152.174000, 2.073032, -0.593953, 1.130909
152.278000, 2.073032, -0.593953, 1.130911
152.387000, 2.073032, -0.593953, 1.130915
152.485000, 2.073032, -0.593953, 1.130919
152.584000, 2.073032, -0.593953, 1.130920
152.684000, 2.073032, -0.593953, 1.130923
152.777000, 2.073032, -0.593953, 1.130924
152.869000, 2.073032, -0.593953, 1.130928
152.979000, 2.073032, -0.593953, 1.130932
153.084000, 2.073032, -0.593953, 1.130936
153.170000, 2.073032, -0.593953, 1.130936
153.269000, 2.073032, -0.593953, 1.130938
153.386000, 2.073032, -0.593953, 1.130943
153.485000, 2.073032, -0.593953, 1.130947
153.574000, 2.073032, -0.593953, 1.130948
153.678000, 2.073032, -0.593953, 1.130950
153.772000, 2.073032, -0.593953, 1.130953
153.880000, 2.075217, -0.589262, 1.140124
153.982000, 2.075764, -0.588058, 1.173242
154.085000, 2.075764, -0.588058, 1.229667
154.185000, 2.075764, -0.588058, 1.286840
154.278000, 2.075764, -0.588058, 1.339721
154.379000, 2.075764, -0.588058, 1.397121
154.485000, 2.071375, -0.584249, 1.421609
154.579000, 2.072073, -0.579538, 1.426869
154.687000, 2.072364, -0.577446, 1.459407
154.775000, 2.072364, -0.577446, 1.508879
154.882000, 2.061841, -0.572353, 1.583353
154.988000, 2.061627, -0.568046, 1.652926
155.079000, 2.061627, -0.568046, 1.713336
155.184000, 2.060879, -0.563978, 1.781586
155.275000, 2.059240, -0.557302, 1.842009
155.386000, 2.051744, -0.554145, 1.915097
155.487000, 2.048226, -0.545275, 1.981701
155.581000, 2.042195, -0.532574, 2.043420
155.678000, 2.024832, -0.516283, 2.108695
155.785000, 2.013235, -0.498303, 2.179212
155.884000, 2.001153, -0.482119, 2.245608
155.984000, 1.988428, -0.467216, 2.310106
156.080000, 1.984366, -0.448679, 2.371930
156.182000, 1.969406, -0.435110, 2.438466
156.285000, 1.953258, -0.422326, 2.506184
156.381000, 1.932764, -0.415411, 2.561076
156.482000, 1.915382, -0.404737, 2.620916
156.584000, 1.897596, -0.395168, 2.675041
156.675000, 1.880435, -0.387016, 2.721132
156.788000, 1.860319, -0.378622, 2.771599
156.883000, 1.839207, -0.372827, 2.807408
156.986000, 1.819433, -0.366380, 2.845162
157.079000, 1.801561, -0.361228, 2.876845
157.185000, 1.780618, -0.355947, 2.912214
157.283000, 1.762060, -0.351873, 2.938470
157.387000, 1.741635, -0.347947, 2.964944
157.475000, 1.723290, -0.344880, 2.986960
157.589000, 1.701712, -0.341783, 3.010955
157.688000, 1.684490, -0.341703, 3.031106
157.783000, 1.665782, -0.339843, 3.054328
157.879000, 1.646640, -0.338364, 3.074220
157.970000, 1.628472, -0.337292, 3.091001
158.087000, 1.605092, -0.336313, 3.107610
158.185000, 1.583900, -0.335753, 3.123026
158.286000, 1.565301, -0.335534, 3.137083
158.382000, 1.546102, -0.335581, -3.132328
158.483000, 1.525904, -0.335897, -3.119645
158.583000, 1.505911, -0.336418, -3.113229
158.684000, 1.492606, -0.339564, -3.104292
158.767000, 1.475421, -0.340286, -3.095042
158.878000, 1.453251, -0.341437, -3.084734
158.985000, 1.431891, -0.342739, -3.076863
159.073000, 1.413733, -0.343973, -3.070834
159.175000, 1.393587, -0.345455, -3.065383
159.274000, 1.374648, -0.346968, -3.057438
159.379000, 1.352932, -0.348887, -3.050360
159.483000, 1.333220, -0.350744, -3.044626
159.569000, 1.314513, -0.352615, -3.039239
159.683000, 1.301361, -0.354004, -3.032233
159.785000, 1.280363, -0.355692, -3.027946
159.877000, 1.264547, -0.357548, -3.021131
159.973000, 1.247699, -0.359627, -3.017277
160.079000, 1.228949, -0.361997, -3.015131
160.176000, 1.212630, -0.364072, -3.015124
160.288000, 1.193020, -0.366624, -3.007573
160.385000, 1.176552, -0.368900, -3.001048
160.483000, 1.159580, -0.371367, -2.993120
160.588000, 1.141421, -0.374175, -2.982916
160.671000, 1.127085, -0.376507, -2.978313
160.782000, 1.107928, -0.379722, -2.971809
160.886000, 1.090145, -0.382883, -2.957862
160.976000, 1.083979, -0.383966, -2.928597
161.073000, 1.072184, -0.386718, -2.903349
161.174000, 1.056477, -0.390580, -2.897427
161.282000, 1.051022, -0.391953, -2.891860
161.375000, 1.051022, -0.391953, -2.891865
161.474000, 1.051022, -0.391953, -2.891863
161.578000, 1.051022, -0.391953, -2.891860
161.688000, 1.051022, -0.391953, -2.891858
161.785000, 1.051022, -0.391953, -2.891856
161.870000, 1.051022, -0.391953, -2.891855
161.978000, 1.051022, -0.391953, -2.891853
162.082000, 1.051022, -0.391953, -2.891848
162.181000, 1.051022, -0.391953, -2.891844
162.279000, 1.051022, -0.391953, -2.891842
162.380000, 1.051022, -0.391953, -2.891841
162.485000, 1.051022, -0.391953, -2.891841
162.584000, 1.051022, -0.391953, -2.891839
162.683000, 1.051022, -0.391953, -2.891836
162.781000, 1.051022, -0.391953, -2.891832
162.875000, 1.051022, -0.391953, -2.891829
162.977000, 1.051022, -0.391953, -2.891828
163.084000, 1.051022, -0.391953, -2.891826
163.174000, 1.051022, -0.391953, -2.891823
163.275000, 1.051022, -0.391953, -2.891820
163.374000, 1.051022, -0.391953, -2.891817
163.479000, 1.051022, -0.391953, -2.891815
163.581000, 1.051022, -0.391953, -2.891814
163.687000, 1.051022, -0.391953, -2.891812
163.784000, 1.051022, -0.391953, -2.891806
163.876000, 1.051022, -0.391953, -2.891805
163.967000, 1.051022, -0.391953, -2.891801
164.073000, 1.051022, -0.391953, -2.891798
164.186000, 1.051022, -0.391953, -2.891794
164.276000, 1.051022, -0.391953, -2.891793
164.371000, 1.051022, -0.391953, -2.891791
164.482000, 1.051022, -0.391953, -2.891789
164.572000, 1.051022, -0.391953, -2.891788
164.673000, 1.051022, -0.391953, -2.891786
164.781000, 1.051022, -0.391953, -2.891783
164.882000, 1.051022, -0.391953, -2.891780
164.969000, 1.051022, -0.391953, -2.891779
165.082000, 1.051022, -0.391953, -2.891774
165.178000, 1.051022, -0.391953, -2.891773
165.286000, 1.051022, -0.391953, -2.891770
165.378000, 1.051022, -0.391953, -2.891768
165.479000, 1.051022, -0.391953, -2.891767
165.578000, 1.051022, -0.391953, -2.891764
165.677000, 1.051022, -0.391953, -2.891762
165.775000, 1.051022, -0.391953, -2.891759
165.881000, 1.051022, -0.391953, -2.891756
165.974000, 1.051022, -0.391953, -2.891753
166.087000, 1.051022, -0.391953, -2.891749
166.181000, 1.051022, -0.391953, -2.891749
166.278000, 1.051022, -0.391953, -2.891747
166.377000, 1.051022, -0.391953, -2.891740
166.474000, 1.051022, -0.391953, -2.891738
166.587000, 1.051022, -0.391953, -2.891735
166.680000, 1.051022, -0.391953, -2.891731
166.777000, 1.051022, -0.391953, -2.891727
166.887000, 1.051022, -0.391953, -2.891724
166.975000, 1.051022, -0.391953, -2.891722
167.082000, 1.051022, -0.391953, -2.891719
167.169000, 1.051022, -0.391953, -2.891716
167.277000, 1.051022, -0.391953, -2.891715
167.386000, 1.051022, -0.391953, -2.891713
167.485000, 1.051022, -0.391953, -2.891710
167.579000, 1.051022, -0.391953, -2.891708
167.680000, 1.051022, -0.391953, -2.891705
167.771000, 1.051022, -0.391953, -2.891702
167.880000, 1.051022, -0.391953, -2.891699
167.974000, 1.051022, -0.391953, -2.891697
168.084000, 1.051022, -0.391953, -2.891695
168.177000, 1.051022, -0.391953, -2.891692
168.282000, 1.051022, -0.391953, -2.891688
168.377000, 1.051022, -0.391953, -2.891686
168.479000, 1.051022, -0.391953, -2.891683
168.576000, 1.051022, -0.391953, -2.891682
168.682000, 1.051022, -0.391953, -2.891677
168.771000, 1.051022, -0.391953, -2.891676
168.887000, 1.051022, -0.391953, -2.891673
168.979000, 1.051022, -0.391953, -2.891670
169.075000, 1.051022, -0.391953, -2.891670
169.186000, 1.051022, -0.391953, -2.891667
169.271000, 1.051022, -0.391953, -2.891666
169.387000, 1.051022, -0.391953, -2.891662
169.476000, 1.051022, -0.391953, -2.891659
169.586000, 1.051022, -0.391953, -2.891655
169.674000, 1.051022, -0.391953, -2.891654
169.774000, 1.051022, -0.391953, -2.891651
169.881000, 1.051022, -0.391953, -2.891648
169.988000, 1.051022, -0.391953, -2.891647
170.085000, 1.051022, -0.391953, -2.891644
170.183000, 1.051022, -0.391953, -2.891641
170.283000, 1.051022, -0.391953, -2.891640
170.381000, 1.051022, -0.391953, -2.891637
170.486000, 1.051022, -0.391953, -2.891636
170.579000, 1.051022, -0.391953, -2.891634
170.681000, 1.051022, -0.391953, -2.891632
170.779000, 1.051022, -0.391953, -2.891628
170.883000, 1.051022, -0.391953, -2.891626
170.984000, 1.051022, -0.391953, -2.891625
171.075000, 1.051022, -0.391953, -2.891623
171.185000, 1.051022, -0.391953, -2.891621
171.287000, 1.051022, -0.391953, -2.891619
171.381000, 1.051022, -0.391953, -2.891617
171.478000, 1.051022, -0.391953, -2.891615
171.586000, 1.051022, -0.391953, -2.891610
171.680000, 1.051022, -0.391953, -2.891608
171.782000, 1.051022, -0.391953, -2.891606
171.877000, 1.051022, -0.391953, -2.891603
171.966000, 1.051022, -0.391953, -2.891602
172.078000, 1.046159, -0.393218, -2.881549
172.182000, 1.044080, -0.393781, -2.846534
172.282000, 1.044080, -0.393781, -2.789347
172.375000, 1.044910, -0.393851, -2.731448
172.470000, 1.044910, -0.393851, -2.663699
172.578000, 1.044910, -0.393851, -2.597206
172.686000, 1.044849, -0.393894, -2.526818
172.786000, 1.040652, -0.393372, -2.462017
172.886000, 1.040625, -0.393397, -2.396933
172.977000, 1.037799, -0.396174, -2.336516
173.085000, 1.029763, -0.402726, -2.264757
173.178000, 1.024751, -0.409135, -2.203491
173.282000, 1.019282, -0.417152, -2.135084
173.369000, 1.014223, -0.420794, -2.076442
173.481000, 1.009297, -0.430508, -2.003387
173.573000, 1.003717, -0.443739, -1.939933
173.685000, 0.996866, -0.463546, -1.868636
173.775000, 0.987269, -0.481236, -1.810006
173.879000, 0.982996, -0.501792, -1.740868
173.984000, 0.980172, -0.522395, -1.672535
174.086000, 0.982332, -0.536211, -1.606162
174.185000, 0.982270, -0.556007, -1.540923
174.285000, 0.983518, -0.575964, -1.475133
174.382000, 0.984444, -0.592423, -1.411443
174.475000, 0.987950, -0.610686, -1.350102
174.582000, 0.993406, -0.631582, -1.280523
174.673000, 0.999358, -0.649623, -1.223991
174.772000, 1.006292, -0.667310, -1.172729
174.873000, 1.012147, -0.688210, -1.126617
174.979000, 1.021691, -0.707138, -1.081669
175.087000, 1.032264, -0.725972, -1.036082
175.175000, 1.041598, -0.741127, -1.001824
175.270000, 1.052006, -0.756782, -0.965512
175.378000, 1.064506, -0.771590, -0.920587
175.474000, 1.076507, -0.786832, -0.889176
175.587000, 1.090945, -0.803956, -0.849501
175.674000, 1.102757, -0.817003, -0.820736
175.777000, 1.117019, -0.831866, -0.791923
175.863000, 1.132133, -0.846732, -0.761830
175.983000, 1.146645, -0.860200, -0.735327
176.072000, 1.160425, -0.872393, -0.712867
176.179000, 1.179731, -0.878886, -0.687275
176.278000, 1.195147, -0.891311, -0.670791
176.376000, 1.210593, -0.903376, -0.655030
176.475000, 1.226396, -0.915305, -0.637571
176.586000, 1.244332, -0.928387, -0.624472
176.683000, 1.260292, -0.939764, -0.613751
176.787000, 1.277220, -0.951502, -0.597862
176.885000, 1.293512, -0.962397, -0.580588
176.980000, 1.309830, -0.972890, -0.561938
177.086000, 1.327492, -0.983875, -0.553607
177.182000, 1.343862, -0.993908, -0.545340
177.276000, 1.360000, -1.003551, -0.530311
177.384000, 1.374217, -1.012928, -0.510138
177.484000, 1.391732, -1.022583, -0.498205
177.582000, 1.409191, -1.031921, -0.483139
177.678000, 1.426227, -1.040777, -0.477202
177.788000, 1.445621, -1.050732, -0.468186
177.882000, 1.462429, -1.059153, -0.461503
177.979000, 1.481795, -1.068722, -0.456474
178.067000, 1.495630, -1.075485, -0.452022
178.181000, 1.516210, -1.085297, -0.437831
178.285000, 1.535108, -1.093986, -0.423733
178.376000, 1.551740, -1.101376, -0.412569
178.486000, 1.571936, -1.110101, -0.403817
178.586000, 1.589347, -1.114151, -0.403011
178.685000, 1.608295, -1.122233, -0.403188
178.775000, 1.624317, -1.129020, -0.397122
178.882000, 1.644276, -1.137278, -0.386974
178.965000, 1.659486, -1.143411, -0.379762
179.078000, 1.680311, -1.151663, -0.376794
179.186000, 1.700621, -1.159582, -0.363789
179.277000, 1.717465, -1.165930, -0.358678
179.379000, 1.736765, -1.173133, -0.356442
179.475000, 1.754767, -1.179808, -0.352873
179.584000, 1.766965, -1.184302, -0.355953
179.675000, 1.775393, -1.187459, -0.360470
179.778000, 1.786250, -1.191546, -0.358063
179.883000, 1.798055, -1.191731, -0.352570
179.973000, 1.806781, -1.194948, -0.354435
180.078000, 1.816343, -1.198497, -0.356056
180.178000, 1.825715, -1.201985, -0.356358
180.282000, 1.835562, -1.205630, -0.351958
180.385000, 1.845157, -1.209092, -0.339347
180.487000, 1.854778, -1.212479, -0.339321
180.587000, 1.864190, -1.215803, -0.339455
180.682000, 1.867137, -1.216858, -0.360351
180.777000, 1.867439, -1.216976, -0.412080
180.869000, 1.867439, -1.216976, -0.477292
180.985000, 1.866479, -1.214306, -0.548970
181.086000, 1.866479, -1.214306, -0.614755
181.184000, 1.866479, -1.214306, -0.679192
181.285000, 1.866479, -1.214306, -0.745679
181.365000, 1.869009, -1.217131, -0.791185
181.479000, 1.878166, -1.226896, -0.833212
181.577000, 1.889464, -1.239565, -0.850728
181.682000, 1.902997, -1.255392, -0.877955
181.778000, 1.915479, -1.270762, -0.898611
181.882000, 1.928028, -1.286845, -0.917511
181.974000, 1.939117, -1.301528, -0.929977
182.084000, 1.952038, -1.319086, -0.942493
182.182000, 1.963464, -1.335011, -0.954702
182.282000, 1.975022, -1.351577, -0.968923
182.387000, 1.986683, -1.368801, -0.982284
182.484000, 1.997453, -1.385176, -0.996089
182.567000, 2.007380, -1.400669, -1.005231
182.673000, 2.018026, -1.417563, -1.014445
182.781000, 2.030805, -1.438349, -1.025079
182.865000, 2.038241, -1.450680, -1.030668
182.975000, 2.049386, -1.469416, -1.038883
183.082000, 2.060278, -1.488068, -1.044571
183.188000, 2.070679, -1.506082, -1.050085
183.277000, 2.079505, -1.521539, -1.053690
183.382000, 2.089959, -1.539982, -1.056348
183.477000, 2.099202, -1.556353, -1.057080
183.579000, 2.109213, -1.574128, -1.058941
183.683000, 2.119370, -1.592279, -1.062614
183.784000, 2.129155, -1.609951, -1.067917
183.880000, 2.136410, -1.628338, -1.068583
183.986000, 2.146503, -1.646753, -1.070505
184.077000, 2.155898, -1.663955, -1.071156
184.184000, 2.165479, -1.681510, -1.071228
184.287000, 2.175454, -1.699762, -1.069769
184.377000, 2.184391, -1.716074, -1.069559
184.477000, 2.194663, -1.734848, -1.071005
184.580000, 2.203669, -1.751350, -1.071269
184.688000, 2.213841, -1.769951, -1.068117
184.786000, 2.223314, -1.787110, -1.064727
184.868000, 2.231365, -1.801626, -1.064387
184.983000, 2.242511, -1.821745, -1.065807
185.075000, 2.252544, -1.837959, -1.065358
185.177000, 2.261754, -1.854578, -1.063950
185.280000, 2.271486, -1.872050, -1.060948
185.376000, 2.280782, -1.888621, -1.058639
185.474000, 2.290378, -1.905711, -1.060162
185.586000, 2.301293, -1.925272, -1.063807
185.681000, 2.310500, -1.941892, -1.063709
185.788000, 2.320924, -1.960581, -1.061594
185.877000, 2.329798, -1.976471, -1.061710
185.983000, 2.339934, -1.994635, -1.061593
186.077000, 2.349873, -2.012450, -1.062426
186.186000, 2.359694, -2.030102, -1.064199
186.271000, 2.369021, -2.045717, -1.058503
186.374000, 2.379047, -2.063483, -1.056533
186.477000, 2.389184, -2.081417, -1.056460
186.578000, 2.399102, -2.099014, -1.059007
186.683000, 2.409718, -2.118054, -1.066442
186.781000, 2.418638, -2.134376, -1.075193
186.875000, 2.427573, -2.150917, -1.073242
186.986000, 2.438290, -2.170587, -1.071751
187.081000, 2.447287, -2.187094, -1.071748
187.186000, 2.457429, -2.205483, -1.059056
187.280000, 2.466707, -2.221834, -1.051399
187.386000, 2.477364, -2.240160, -1.034493
187.479000, 2.488393, -2.256959, -1.020216
187.585000, 2.494891, -2.267491, -1.019325
187.675000, 2.502362, -2.279757, -1.029095
187.777000, 2.511185, -2.294667, -1.044426
187.875000, 2.519780, -2.309709, -1.058761
187.980000, 2.528674, -2.325788, -1.072167
188.087000, 2.537447, -2.342133, -1.083933
188.177000, 2.545034, -2.356531, -1.086917
188.286000, 2.553669, -2.372948, -1.085288
188.385000, 2.561943, -2.388369, -1.069457
188.484000, 2.570377, -2.403301, -1.042160
188.568000, 2.577903, -2.415928, -1.025698
188.673000, 2.587849, -2.431999, -1.007725
188.771000, 2.597592, -2.447164, -0.992097
188.870000, 2.606943, -2.461331, -0.984254
188.980000, 2.614508, -2.475492, -0.978399
189.067000, 2.623311, -2.488340, -0.961096
189.175000, 2.634169, -2.503595, -0.945341
189.285000, 2.641187, -2.513129, -0.915363
189.380000, 2.646380, -2.519618, -0.875325
189.484000, 2.652763, -2.526938, -0.832146
189.577000, 2.653591, -2.527832, -0.792755
189.685000, 2.658278, -2.530743, -0.758845
189.785000, 2.664555, -2.536501, -0.722459
189.877000, 2.665028, -2.536909, -0.683408
189.980000, 2.665028, -2.536909, -0.643156
190.077000, 2.665028, -2.536909, -0.604459
190.186000, 2.667815, -2.537062, -0.559075
190.273000, 2.667815, -2.537062, -0.524779
190.378000, 2.667815, -2.537062, -0.512355
190.483000, 2.667815, -2.537062, -0.512338
190.575000, 2.667815, -2.537062, -0.512335
190.679000, 2.667815, -2.537062, -0.512335
190.779000, 2.667815, -2.537062, -0.512332
190.876000, 2.667815, -2.537062, -0.512329
190.980000, 2.667815, -2.537062, -0.512326
191.087000, 2.667815, -2.537062, -0.512322
191.180000, 2.667815, -2.537062, -0.512322
191.288000, 2.667815, -2.537062, -0.512318
191.376000, 2.667815, -2.537062, -0.512314
191.479000, 2.667815, -2.537062, -0.512312
191.585000, 2.667815, -2.537062, -0.512311
191.678000, 2.667815, -2.537062, -0.512308
191.774000, 2.667815, -2.537062, -0.512303
191.880000, 2.667815, -2.537062, -0.512301
191.985000, 2.667815, -2.537062, -0.512298
192.061000, 2.667815, -2.537062, -0.512297
192.176000, 2.667815, -2.537062, -0.512294
192.276000, 2.667815, -2.537062, -0.512291
192.387000, 2.667815, -2.537062, -0.512290
192.480000, 2.667815, -2.537062, -0.512287
192.572000, 2.667815, -2.537062, -0.512284
192.676000, 2.667815, -2.537062, -0.512282
192.774000, 2.667815, -2.537062, -0.512280
192.888000, 2.667815, -2.537062, -0.512278
192.975000, 2.667815, -2.537062, -0.512275
193.077000, 2.667815, -2.537062, -0.512271
193.184000, 2.667815, -2.537062, -0.512270
193.280000, 2.667815, -2.537062, -0.512268
193.368000, 2.667815, -2.537062, -0.512265
193.476000, 2.667815, -2.537062, -0.512263
193.573000, 2.667815, -2.537062, -0.512262
193.676000, 2.667815, -2.537062, -0.512259
193.786000, 2.667815, -2.537062, -0.512256
193.889000, 2.667815, -2.537062, -0.512254
193.979000, 2.667815, -2.537062, -0.512253
194.075000, 2.667815, -2.537062, -0.512250
194.186000, 2.667815, -2.537062, -0.512246
194.281000, 2.667815, -2.537062, -0.512245
194.381000, 2.667815, -2.537062, -0.512244
194.479000, 2.667815, -2.537062, -0.512239
194.580000, 2.667815, -2.537062, -0.512238
194.685000, 2.667815, -2.537062, -0.512234
194.777000, 2.667815, -2.537062, -0.512233
194.885000, 2.667815, -2.537062, -0.512231
194.984000, 2.667815, -2.537062, -0.512227
195.078000, 2.667815, -2.537062, -0.512224
195.174000, 2.667815, -2.537062, -0.512223
195.270000, 2.667815, -2.537062, -0.512221
195.386000, 2.667815, -2.537062, -0.512218
195.475000, 2.667815, -2.537062, -0.512214
195.578000, 2.667815, -2.537062, -0.512212
195.684000, 2.667815, -2.537062, -0.512210
195.777000, 2.667815, -2.537062, -0.512208
195.882000, 2.672527, -2.539701, -0.508481
195.980000, 2.683553, -2.545875, -0.515802
196.085000, 2.690504, -2.549925, -0.552859
196.170000, 2.694156, -2.552287, -0.595382
196.271000, 2.694735, -2.552681, -0.656591
196.379000, 2.697399, -2.550363, -0.704622
196.487000, 2.700552, -2.553212, -0.758754
196.583000, 2.705691, -2.558361, -0.814640
196.678000, 2.705845, -2.558524, -0.875328
196.771000, 2.707488, -2.560073, -0.937410
196.874000, 2.708133, -2.560964, -1.005845
196.976000, 2.710412, -2.564931, -1.072236
197.072000, 2.712995, -2.571012, -1.137339
197.178000, 2.716569, -2.579474, -1.204457
197.283000, 2.717121, -2.580969, -1.275410
197.383000, 2.720853, -2.579875, -1.338837
197.482000, 2.721715, -2.584214, -1.405914
197.584000, 2.721771, -2.584560, -1.470996
197.677000, 2.721771, -2.584560, -1.532101
197.788000, 2.726426, -2.584263, -1.601592
197.883000, 2.726426, -2.584263, -1.664050
197.979000, 2.726426, -2.584263, -1.727178
198.076000, 2.728705, -2.582087, -1.793836
198.179000, 2.728705, -2.582087, -1.859650
198.281000, 2.727342, -2.586112, -1.927264
198.387000, 2.727324, -2.586159, -1.995707
198.481000, 2.726163, -2.587008, -2.056834
198.586000, 2.723968, -2.590792, -2.126503
198.677000, 2.720068, -2.596663, -2.188355
198.778000, 2.718176, -2.599473, -2.254206
198.886000, 2.715530, -2.602439, -2.326625
198.975000, 2.715530, -2.602439, -2.383911
199.074000, 2.711618, -2.606323, -2.449412
199.187000, 2.703382, -2.612659, -2.523745
199.285000, 2.695728, -2.617738, -2.588286
199.373000, 2.684308, -2.624317, -2.646768
199.475000, 2.670939, -2.630955, -2.717089
199.569000, 2.657397, -2.636621, -2.774337
199.678000, 2.639526, -2.642758, -2.847799
199.781000, 2.623227, -2.647115, -2.913588
199.869000, 2.616020, -2.648912, -2.968934
199.980000, 2.596963, -2.651509, -3.043910
200.084000, 2.578429, -2.652686, -3.110299
200.180000, 2.558891, -2.653910, 3.107601
200.278000, 2.538939, -2.652581, 3.041889
200.372000, 2.520302, -2.650138, 2.980001
200.472000, 2.499057, -2.647314, 2.914712
200.581000, 2.478390, -2.641779, 2.844447
200.681000, 2.459470, -2.635307, 2.778791
200.788000, 2.440016, -2.627146, 2.708357
200.885000, 2.431392, -2.621571, 2.643988
200.983000, 2.418228, -2.613829, 2.579407
201.087000, 2.403168, -2.603616, 2.511190
201.178000, 2.392133, -2.593330, 2.448253
201.282000, 2.378026, -2.580758, 2.378695
201.373000, 2.372310, -2.575020, 2.327394
201.482000, 2.363873, -2.565513, 2.271512
201.578000, 2.352487, -2.551174, 2.211588
201.688000, 2.339644, -2.532708, 2.148412
201.782000, 2.329789, -2.516700, 2.096417
201.880000, 2.320294, -2.499328, 2.045841
201.984000, 2.311334, -2.480781, 1.995805
202.087000, 2.305196, -2.460184, 1.942730
202.177000, 2.300071, -2.446195, 1.896954
202.284000, 2.296056, -2.433438, 1.855288
202.383000, 2.292825, -2.421622, 1.819963
202.485000, 2.289897, -2.409213, 1.785016
202.577000, 2.287611, -2.397816, 1.748893
202.688000, 2.287582, -2.384128, 1.696936
202.783000, 2.287179, -2.380626, 1.674240
202.893000, 2.287172, -2.380552, 1.671107
202.974000, 2.287172, -2.380552, 1.687986
203.073000, 2.287172, -2.380552, 1.732998
203.172000, 2.287172, -2.380552, 1.780233
203.282000, 2.287172, -2.380552, 1.827281
203.383000, 2.287112, -2.380073, 1.870609
203.484000, 2.287112, -2.380073, 1.910033
203.572000, 2.287112, -2.380073, 1.944688
203.676000, 2.287112, -2.380073, 1.986961
203.778000, 2.287112, -2.380073, 2.000518
203.886000, 2.287112, -2.380073, 2.000520
203.979000, 2.287112, -2.380073, 2.000525
204.074000, 2.287112, -2.380073, 2.000529
204.185000, 2.287112, -2.380073, 2.000530
204.278000, 2.287112, -2.380073, 2.000533
204.379000, 2.287112, -2.380073, 2.000535
204.480000, 2.287112, -2.380073, 2.000540
204.581000, 2.287112, -2.380073, 2.000543
204.676000, 2.287112, -2.380073, 2.000546
204.767000, 2.287112, -2.380073, 2.000547
204.885000, 2.287112, -2.380073, 2.000550
204.976000, 2.287112, -2.380073, 2.000554
205.081000, 2.287112, -2.380073, 2.000557
205.172000, 2.287112, -2.380073, 2.000559
205.286000, 2.287112, -2.380073, 2.000562
205.376000, 2.287112, -2.380073, 2.000563
205.476000, 2.287112, -2.380073, 2.000566
205.578000, 2.287112, -2.380073, 2.000569
205.675000, 2.287112, -2.380073, 2.000570
205.783000, 2.287112, -2.380073, 2.000570
205.871000, 2.287112, -2.380073, 2.000572
205.982000, 2.287112, -2.380073, 2.000576
206.078000, 2.287112, -2.380073, 2.000579
206.178000, 2.287112, -2.380073, 2.000578
206.287000, 2.287112, -2.380073, 2.000586
206.380000, 2.287112, -2.380073, 2.000589
206.481000, 2.287112, -2.380073, 2.000590
206.591000, 2.287112, -2.380073, 2.000593
206.685000, 2.287112, -2.380073, 2.000595
206.766000, 2.287112, -2.380073, 2.000595
206.874000, 2.287112, -2.380073, 2.000596
206.984000, 2.287112, -2.380073, 2.000602
207.080000, 2.287112, -2.380073, 2.000604
207.172000, 2.287112, -2.380073, 2.000606
207.276000, 2.287112, -2.380073, 2.000608
207.386000, 2.287112, -2.380073, 2.000611
207.487000, 2.287112, -2.380073, 2.000612
207.584000, 2.287112, -2.380073, 2.000614
207.680000, 2.287112, -2.380073, 2.000617
207.778000, 2.287112, -2.380073, 2.000618
207.886000, 2.287112, -2.380073, 2.000621
207.976000, 2.287112, -2.380073, 2.000624
208.082000, 2.287112, -2.380073, 2.000625
208.182000, 2.287112, -2.380073, 2.000626
208.282000, 2.287112, -2.380073, 2.000627
208.374000, 2.287112, -2.380073, 2.000630
208.483000, 2.287112, -2.380073, 2.000633
208.586000, 2.287112, -2.380073, 2.000635
208.688000, 2.287112, -2.380073, 2.000636
208.773000, 2.287112, -2.380073, 2.000639
208.883000, 2.287112, -2.380073, 2.000643
208.978000, 2.287112, -2.380073, 2.000645
209.068000, 2.287112, -2.380073, 2.000647
209.180000, 2.287112, -2.380073, 2.000652
209.281000, 2.287112, -2.380073, 2.000655
209.377000, 2.287112, -2.380073, 2.000658
209.479000, 2.287112, -2.380073, 2.000661
209.584000, 2.287112, -2.380073, 2.000664
209.671000, 2.287112, -2.380073, 2.000664
209.779000, 2.287112, -2.380073, 2.000670
209.887000, 2.287112, -2.380073, 2.000673
209.984000, 2.287112, -2.380073, 2.000675
210.083000, 2.287112, -2.380073, 2.000678
210.182000, 2.287112, -2.380073, 2.000681
210.284000, 2.287112, -2.380073, 2.000684
210.386000, 2.287112, -2.380073, 2.000687
210.482000, 2.287112, -2.380073, 2.000688
210.583000, 2.287112, -2.380073, 2.000692
210.683000, 2.287112, -2.380073, 2.000695
210.780000, 2.287112, -2.380073, 2.000697
210.886000, 2.287112, -2.380073, 2.000699
210.982000, 2.287112, -2.380073, 2.000702
211.079000, 2.287112, -2.380073, 2.000705
211.181000, 2.287112, -2.380073, 2.000708
211.287000, 2.287112, -2.380073, 2.000711
211.388000, 2.287112, -2.380073, 2.000712
211.485000, 2.287112, -2.380073, 2.000714
211.572000, 2.287112, -2.380073, 2.000718
211.679000, 2.287112, -2.380073, 2.000721
211.777000, 2.287112, -2.380073, 2.000725
211.879000, 2.287112, -2.380073, 2.000726
211.976000, 2.287112, -2.380073, 2.000728
212.086000, 2.287112, -2.380073, 2.000730
212.178000, 2.287112, -2.380073, 2.000733
212.286000, 2.287112, -2.380073, 2.000737
212.376000, 2.287112, -2.380073, 2.000738
212.477000, 2.287112, -2.380073, 2.000740
212.584000, 2.287112, -2.380073, 2.000743
212.685000, 2.287112, -2.380073, 2.000747
212.778000, 2.287112, -2.380073, 2.000748
212.866000, 2.287112, -2.380073, 2.000749
212.971000, 2.287112, -2.380073, 2.000751
213.068000, 2.287112, -2.380073, 2.000752
213.168000, 2.287112, -2.380073, 2.000753
213.274000, 2.287112, -2.380073, 2.000758
213.377000, 2.287112, -2.380073, 2.000760
213.473000, 2.287112, -2.380073, 2.000761
213.587000, 2.287112, -2.380073, 2.000764
213.675000, 2.287112, -2.380073, 2.000767
213.778000, 2.287112, -2.380073, 2.000769
213.879000, 2.287112, -2.380073, 2.000770
213.989000, 2.287112, -2.380073, 2.000773
214.087000, 2.287112, -2.380073, 2.000776
214.184000, 2.287112, -2.380073, 2.000778
214.286000, 2.287112, -2.380073, 2.000780
214.378000, 2.287112, -2.380073, 2.000783
214.477000, 2.287112, -2.380073, 2.000786
214.582000, 2.287112, -2.380073, 2.000788
214.682000, 2.287112, -2.380073, 2.000790
214.773000, 2.287112, -2.380073, 2.000793
214.868000, 2.287112, -2.380073, 2.000796
214.977000, 2.287112, -2.380073, 2.000799
215.086000, 2.287112, -2.380073, 2.000801
215.185000, 2.287112, -2.380073, 2.000803
215.284000, 2.287112, -2.380073, 2.000805
215.380000, 2.287112, -2.380073, 2.000807
215.482000, 2.287112, -2.380073, 2.000810
215.577000, 2.287112, -2.380073, 2.000813
215.685000, 2.287112, -2.380073, 2.000816
215.778000, 2.287112, -2.380073, 2.000819
215.880000, 2.287112, -2.380073, 2.000821
215.980000, 2.287112, -2.380073, 2.000823
216.079000, 2.287112, -2.380073, 2.000825
216.178000, 2.287112, -2.380073, 2.000829
216.282000, 2.287112, -2.380073, 2.000832
216.382000, 2.287112, -2.380073, 2.000834
216.476000, 2.287112, -2.380073, 2.000835
216.583000, 2.287112, -2.380073, 2.000838
216.681000, 2.287112, -2.380073, 2.000842
216.788000, 2.287112, -2.380073, 2.000845
216.876000, 2.287112, -2.380073, 2.000849
216.982000, 2.287112, -2.380073, 2.000852
217.082000, 2.287112, -2.380073, 2.000852
217.179000, 2.287112, -2.380073, 2.000856
217.278000, 2.287112, -2.380073, 2.000858
217.385000, 2.287112, -2.380073, 2.000861
217.484000, 2.287112, -2.380073, 2.000865
217.573000, 2.287112, -2.380073, 2.000866
217.678000, 2.287112, -2.380073, 2.000869
217.782000, 2.287112, -2.380073, 2.000872
217.882000, 2.287112, -2.380073, 2.000875
217.968000, 2.287112, -2.380073, 2.000877
218.083000, 2.287112, -2.380073, 2.000881
218.188000, 2.287112, -2.380073, 2.000885
218.281000, 2.287112, -2.380073, 2.000887
218.377000, 2.287112, -2.380073, 2.000890
218.478000, 2.287112, -2.380073, 2.000891
218.577000, 2.287112, -2.380073, 2.000893
218.680000, 2.287112, -2.380073, 2.000895
218.776000, 2.287112, -2.380073, 2.000896
218.880000, 2.287112, -2.380073, 2.000901
218.973000, 2.287112, -2.380073, 2.000902
219.087000, 2.287112, -2.380073, 2.000905
219.178000, 2.287112, -2.380073, 2.000907
219.276000, 2.287112, -2.380073, 2.000909
219.387000, 2.287081, -2.380005, 2.000911
219.476000, 2.285133, -2.375700, 1.989032
219.571000, 2.284095, -2.373314, 1.951042
219.672000, 2.284095, -2.373314, 1.890626
219.781000, 2.284095, -2.373314, 1.818716
219.876000, 2.284095, -2.373314, 1.756863
219.976000, 2.284510, -2.373219, 1.690317
220.081000, 2.284510, -2.373219, 1.621254
220.176000, 2.284510, -2.373219, 1.558897
220.285000, 2.284510, -2.373219, 1.486574
220.375000, 2.283769, -2.373697, 1.429500
220.487000, 2.283769, -2.373697, 1.355763
220.579000, 2.283769, -2.373697, 1.295231
220.684000, 2.282113, -2.374268, 1.227499
220.778000, 2.282113, -2.374268, 1.162290
220.872000, 2.282113, -2.374268, 1.105135
220.964000, 2.280090, -2.374027, 1.046133
221.076000, 2.280090, -2.374027, 0.972341
221.182000, 2.280090, -2.374027, 0.902581
221.284000, 2.280090, -2.374027, 0.836165
221.381000, 2.285100, -2.369054, 0.771388
221.486000, 2.291768, -2.362993, 0.703653
221.581000, 2.298732, -2.357444, 0.641275
221.670000, 2.305376, -2.352396, 0.584364
221.774000, 2.314160, -2.347009, 0.515458
221.886000, 2.316158, -2.345913, 0.442450
221.984000, 2.319793, -2.342246, 0.375580
222.084000, 2.326811, -2.339748, 0.309234
222.181000, 2.334632, -2.337508, 0.248006
222.281000, 2.335520, -2.337296, 0.184621
222.377000, 2.338395, -2.338507, 0.127287
222.480000, 2.345860, -2.337804, 0.060767
222.573000, 2.357554, -2.337466, 0.002786
222.672000, 2.374149, -2.337654, -0.061915
222.781000, 2.390275, -2.339169, -0.123007
222.877000, 2.404675, -2.341252, -0.162154
222.980000, 2.419720, -2.344027, -0.203926
223.087000, 2.435358, -2.347631, -0.249800
223.180000, 2.448810, -2.351323, -0.285815
223.277000, 2.463680, -2.354259, -0.324634
223.383000, 2.478497, -2.359595, -0.367417
223.482000, 2.492248, -2.365199, -0.406684
223.588000, 2.506736, -2.371748, -0.441107
223.682000, 2.519788, -2.378177, -0.475130
223.780000, 2.532344, -2.384914, -0.510296
223.879000, 2.548997, -2.394428, -0.541364
223.988000, 2.562850, -2.403109, -0.579838
224.070000, 2.573042, -2.409994, -0.608699
224.186000, 2.587131, -2.420204, -0.644601
224.288000, 2.599203, -2.429603, -0.679277
224.376000, 2.609621, -2.438188, -0.698048
224.480000, 2.621247, -2.448134, -0.716747
224.576000, 2.631419, -2.457476, -0.743802
224.683000, 2.643081, -2.468503, -0.768280
224.780000, 2.653506, -2.478653, -0.772624
224.876000, 2.664347, -2.489236, -0.774563
224.980000, 2.674966, -2.499617, -0.772821
225.081000, 2.685804, -2.510202, -0.776130
225.180000, 2.696548, -2.520670, -0.762968
225.286000, 2.708003, -2.531479, -0.754744
225.378000, 2.718037, -2.540953, -0.759041
225.486000, 2.729688, -2.552209, -0.782348
225.581000, 2.739756, -2.562293, -0.786600
225.682000, 2.750529, -2.572944, -0.767101
225.777000, 2.761048, -2.582778, -0.736000
225.879000, 2.772468, -2.592732, -0.696310
225.983000, 2.784733, -2.602611, -0.660780
226.075000, 2.789464, -2.606178, -0.626265
226.183000, 2.793767, -2.612617, -0.580256
226.284000, 2.801241, -2.617285, -0.537164
226.378000, 2.812750, -2.623849, -0.502645
226.467000, 2.820399, -2.627914, -0.465171
226.580000, 2.820902, -2.628165, -0.420756
226.681000, 2.820902, -2.628165, -0.379855
226.782000, 2.820687, -2.626600, -0.334651
226.881000, 2.820687, -2.626600, -0.295953
226.977000, 2.820687, -2.626600, -0.255829
227.091000, 2.825941, -2.627850, -0.221970
227.174000, 2.826964, -2.628072, -0.191591
227.273000, 2.822647, -2.626788, -0.155489
227.377000, 2.822647, -2.626788, -0.111528
227.482000, 2.822647, -2.626788, -0.067658
227.576000, 2.822647, -2.626788, -0.023273
227.683000, 2.822647, -2.626788, 0.028464
227.779000, 2.820137, -2.626402, 0.067282
227.875000, 2.820137, -2.626402, 0.107060
227.980000, 2.820137, -2.626402, 0.159099
228.083000, 2.820137, -2.626402, 0.212212
228.182000, 2.821795, -2.628191, 0.258717
228.271000, 2.821795, -2.628191, 0.298151
228.383000, 2.821795, -2.628191, 0.344782
228.487000, 2.821795, -2.628191, 0.395386
228.576000, 2.821795, -2.628191, 0.439340
228.680000, 2.819165, -2.625533, 0.488146
228.782000, 2.819165, -2.625533, 0.529399
228.885000, 2.819165, -2.625533, 0.572415
228.973000, 2.819165, -2.625533, 0.608026
229.074000, 2.819165, -2.625533, 0.652457
229.176000, 2.821333, -2.626977, 0.692608
229.282000, 2.821333, -2.626977, 0.737747
229.378000, 2.821333, -2.626977, 0.777340
229.476000, 2.821333, -2.626977, 0.817890
229.576000, 2.821333, -2.626977, 0.865333
229.674000, 2.823908, -2.627454, 0.912025
229.771000, 2.823908, -2.627454, 0.958255
229.867000, 2.823908, -2.627454, 1.002777
229.973000, 2.823908, -2.627454, 1.046490
230.084000, 2.823908, -2.627454, 1.089661
230.175000, 2.825324, -2.628551, 1.125795
230.288000, 2.825324, -2.628551, 1.174221
230.378000, 2.825324, -2.628551, 1.211626
230.486000, 2.825324, -2.628551, 1.257588
230.571000, 2.825324, -2.628551, 1.292604
230.677000, 2.825324, -2.628551, 1.337325
230.769000, 2.821069, -2.627678, 1.376257
230.880000, 2.821069, -2.627678, 1.422761
230.986000, 2.821069, -2.627678, 1.466109
231.080000, 2.821069, -2.627678, 1.506801
231.176000, 2.823514, -2.625315, 1.560699
231.284000, 2.823514, -2.625315, 1.633147
231.387000, 2.823514, -2.625315, 1.699469
231.483000, 2.823514, -2.625315, 1.762621
231.588000, 2.826678, -2.626659, 1.832371
231.682000, 2.826678, -2.626659, 1.894912
231.776000, 2.826678, -2.626659, 1.956000
231.873000, 2.825783, -2.627196, 2.019455
231.982000, 2.825783, -2.627196, 2.091230
232.085000, 2.825783, -2.627196, 2.161691
232.172000, 2.824016, -2.627136, 2.216111
232.284000, 2.824016, -2.627136, 2.283356
232.377000, 2.824016, -2.627136, 2.338010
232.473000, 2.824016, -2.627136, 2.389765
232.579000, 2.824016, -2.627136, 2.442953
232.675000, 2.826080, -2.629114, 2.488852
232.781000, 2.826080, -2.629114, 2.535280
232.873000, 2.826080, -2.629114, 2.574279
232.987000, 2.826080, -2.629114, 2.621520
233.080000, 2.826080, -2.629114, 2.659272
233.175000, 2.826080, -2.629114, 2.700005
233.286000, 2.824606, -2.630510, 2.744480
233.384000, 2.819696, -2.628548, 2.770312
233.474000, 2.818747, -2.628186, 2.800304
233.572000, 2.814150, -2.626681, 2.839651
233.671000, 2.813290, -2.626415, 2.878140
233.778000, 2.813290, -2.626415, 2.921709
233.888000, 2.812796, -2.626032, 2.969145
233.979000, 2.812796, -2.626032, 3.006307
234.085000, 2.812796, -2.626032, 3.052878
234.176000, 2.808593, -2.625763, 3.096980
234.275000, 2.798159, -2.625486, 3.125826
234.388000, 2.784210, -2.625352, 3.135099
234.462000, 2.774835, -2.625300, 3.137045
234.586000, 2.759460, -2.625247, 3.138827
234.678000, 2.747960, -2.625217, 3.138930
234.777000, 2.735460, -2.625183, 3.138932
234.882000, 2.721835, -2.625147, 3.138936
234.987000, 2.709085, -2.625113, 3.138938
235.071000, 2.698836, -2.625086, 3.138939
235.176000, 2.685711, -2.625051, 3.138941
235.286000, 2.671961, -2.625023, 3.140445
235.378000, 2.660336, -2.625011, 3.140601
235.486000, 2.646961, -2.624998, 3.140603
235.579000, 2.635211, -2.624987, 3.140605
235.673000, 2.623586, -2.624975, 3.140608
235.771000, 2.613623, -2.624234, -3.141282
235.879000, 2.600248, -2.624238, -3.141279
235.975000, 2.587748, -2.624242, -3.141275
236.083000, 2.574123, -2.624246, -3.141273
236.180000, 2.562623, -2.624250, -3.141272
236.282000, 2.549873, -2.624254, -3.141270
236.371000, 2.538373, -2.624258, -3.141266
236.486000, 2.524373, -2.624270, -3.139806
236.588000, 2.511623, -2.624295, -3.139599
236.677000, 2.500498, -2.624318, -3.139596
236.788000, 2.486623, -2.624345, -3.139595
236.877000, 2.475498, -2.624368, -3.139592
236.975000, 2.463248, -2.624392, -3.139591
237.084000, 2.449498, -2.624420, -3.139586
237.176000, 2.437998, -2.624443, -3.139586
237.277000, 2.425373, -2.624468, -3.139585
237.379000, 2.412029, -2.623757, -3.140805
237.485000, 2.398779, -2.623767, -3.140800
237.588000, 2.386029, -2.623777, -3.140797
237.679000, 2.374529, -2.623786, -3.140795
237.788000, 2.361029, -2.623797, -3.140791
237.881000, 2.349154, -2.623807, -3.140788
237.975000, 2.337404, -2.623816, -3.140786
238.088000, 2.323529, -2.623827, -3.140783
238.171000, 2.312904, -2.623836, -3.140780
238.280000, 2.299529, -2.623854, -3.139411
238.387000, 2.286154, -2.623886, -3.139119
238.481000, 2.274404, -2.623916, -3.139119
238.575000, 2.262279, -2.623946, -3.139115
238.677000, 2.249654, -2.623977, -3.139112
238.781000, 2.236904, -2.624008, -3.139109
238.879000, 2.224654, -2.624101, -3.126745
238.981000, 2.219655, -2.624215, -3.096583
239.078000, 2.219405, -2.624227, -3.050134
239.176000, 2.219405, -2.624227, -2.991148
239.278000, 2.221258, -2.626591, -2.923275
239.384000, 2.221258, -2.626591, -2.853508
239.484000, 2.221258, -2.626591, -2.786430
239.583000, 2.221258, -2.626591, -2.722654
239.680000, 2.224694, -2.625035, -2.658153
239.784000, 2.224694, -2.625035, -2.591089
239.884000, 2.224694, -2.625035, -2.524693
239.983000, 2.226806, -2.626781, -2.454972
240.076000, 2.226806, -2.626781, -2.395824
240.182000, 2.226806, -2.626781, -2.326810
240.276000, 2.226631, -2.625271, -2.265695
240.375000, 2.226631, -2.625271, -2.201207
240.486000, 2.226631, -2.625271, -2.128149
240.570000, 2.226631, -2.625271, -2.072284
240.682000, 2.223037, -2.624696, -2.000549
240.779000, 2.223037, -2.624696, -1.936086
240.874000, 2.223037, -2.624696, -1.873002
240.984000, 2.218974, -2.624216, -1.802793
241.078000, 2.218974, -2.624216, -1.740971
241.185000, 2.218974, -2.624216, -1.670552
241.288000, 2.217689, -2.627713, -1.604397
241.385000, 2.217689, -2.627713, -1.540816
241.486000, 2.217689, -2.627713, -1.474275
241.582000, 2.217689, -2.627713, -1.411128
241.676000, 2.217827, -2.630101, -1.349389
241.779000, 2.218027, -2.630978, -1.281925
241.878000, 2.218027, -2.630978, -1.216071
241.987000, 2.217289, -2.631126, -1.142983
242.078000, 2.217289, -2.631126, -1.083238
242.176000, 2.217289, -2.631126, -1.018839
242.282000, 2.217289, -2.631126, -0.947746
242.379000, 2.218675, -2.630512, -0.884117
242.480000, 2.218675, -2.630512, -0.819171
242.569000, 2.218675, -2.630512, -0.757488
242.685000, 2.218215, -2.631775, -0.684448
242.782000, 2.218215, -2.631775, -0.620560
242.885000, 2.218215, -2.631775, -0.552760
242.988000, 2.219068, -2.629873, -0.485944
243.087000, 2.219068, -2.629873, -0.420800
243.178000, 2.219068, -2.629873, -0.360893
243.281000, 2.219068, -2.629873, -0.293257
243.383000, 2.219932, -2.631116, -0.222919
243.474000, 2.219932, -2.631116, -0.165706
243.576000, 2.219932, -2.631116, -0.098624
243.687000, 2.223980, -2.632147, -0.026403
243.779000, 2.223980, -2.632147, 0.035534
243.883000, 2.223980, -2.632147, 0.104030
243.979000, 2.224971, -2.628344, 0.162991
244.072000, 2.224971, -2.628344, 0.226704
244.177000, 2.224971, -2.628344, 0.293151
244.278000, 2.224971, -2.628344, 0.359597
244.379000, 2.226437, -2.626153, 0.428080
244.476000, 2.226437, -2.626153, 0.489850
244.574000, 2.226437, -2.626153, 0.553801
244.676000, 2.226741, -2.626167, 0.620151
244.775000, 2.226741, -2.626167, 0.685165
244.875000, 2.229520, -2.623706, 0.751541
244.970000, 2.230788, -2.625762, 0.814293
245.077000, 2.233753, -2.622328, 0.881258
245.172000, 2.241102, -2.612750, 0.945478
245.277000, 2.249799, -2.599802, 1.013873
245.368000, 2.251926, -2.591257, 1.073288
245.479000, 2.259151, -2.576761, 1.144310
245.579000, 2.265066, -2.562491, 1.212069
245.682000, 2.271168, -2.546444, 1.277085
245.782000, 2.276330, -2.527126, 1.342990
245.868000, 2.279778, -2.510073, 1.400260
245.976000, 2.281703, -2.496436, 1.470616
246.077000, 2.282063, -2.485491, 1.535551
246.174000, 2.282091, -2.471106, 1.598411
246.288000, 2.280815, -2.451352, 1.673394
246.389000, 2.276213, -2.444706, 1.732236
246.486000, 2.275618, -2.441308, 1.779613
246.574000, 2.275618, -2.441308, 1.817176
246.685000, 2.275618, -2.441308, 1.862466
246.781000, 2.275618, -2.441308, 1.902013
246.865000, 2.275618, -2.441308, 1.938553
246.986000, 2.276172, -2.434507, 1.987905
247.072000, 2.271306, -2.424074, 2.022332
247.188000, 2.267689, -2.416925, 2.065482
247.287000, 2.262513, -2.407704, 2.092777
247.377000, 2.256766, -2.397887, 2.108127
247.483000, 2.249944, -2.386675, 2.127143
247.583000, 2.247308, -2.382539, 2.165036
247.683000, 2.247544, -2.381265, 2.208596
247.787000, 2.244077, -2.376788, 2.239907
247.885000, 2.235982, -2.366697, 2.250339
247.972000, 2.227666, -2.356445, 2.254234
248.075000, 2.218010, -2.344578, 2.252011
248.175000, 2.208581, -2.332911, 2.249261
248.277000, 2.198946, -2.320834, 2.237199
248.371000, 2.190275, -2.309715, 2.230287
248.481000, 2.180288, -2.296770, 2.225723
248.583000, 2.171000, -2.284612, 2.220365
248.686000, 2.161687, -2.272284, 2.216352
248.777000, 2.153300, -2.261137, 2.215148
248.875000, 2.144382, -2.249263, 2.215075
248.978000, 2.135366, -2.237275, 2.216604
249.077000, 2.126333, -2.225299, 2.217032
249.166000, 2.115840, -2.211483, 2.225661
249.278000, 2.102552, -2.194454, 2.241002
249.370000, 2.089578, -2.180710, 2.255112
249.477000, 2.075791, -2.164082, 2.268321
249.586000, 2.061921, -2.147523, 2.267572
249.684000, 2.049379, -2.132461, 2.262176
249.785000, 2.036550, -2.116859, 2.254601
249.884000, 2.024099, -2.101464, 2.247514
249.987000, 2.016109, -2.091323, 2.220695
250.074000, 2.008191, -2.080482, 2.183389
250.176000, 1.997040, -2.063791, 2.141996
250.288000, 1.984766, -2.044577, 2.138948
250.374000, 1.975733, -2.030412, 2.137805
250.485000, 1.963835, -2.011670, 2.134681
250.584000, 1.953269, -1.994924, 2.132826
250.676000, 1.943534, -1.979311, 2.122190
250.775000, 1.934489, -1.963335, 2.112821
250.882000, 1.923520, -1.944960, 2.105354
250.984000, 1.913297, -1.927538, 2.097317
251.083000, 1.903228, -1.910027, 2.087610
251.182000, 1.893617, -1.892945, 2.079172
251.279000, 1.884294, -1.876160, 2.077711
251.380000, 1.874514, -1.858486, 2.073732
251.487000, 1.864281, -1.839691, 2.064035
251.582000, 1.855335, -1.822928, 2.058605
251.679000, 1.846275, -1.805774, 2.055107
251.787000, 1.836283, -1.786624, 2.047325
251.881000, 1.827714, -1.769891, 2.040876
251.982000, 1.818549, -1.752639, 2.032919
252.088000, 1.809103, -1.733436, 2.022695
252.184000, 1.800789, -1.716130, 2.014659
252.272000, 1.793210, -1.700024, 2.006271
252.372000, 1.785045, -1.682206, 1.993420
252.485000, 1.775935, -1.661524, 1.978206
252.571000, 1.769269, -1.645668, 1.958024
252.678000, 1.761377, -1.625562, 1.931728
252.787000, 1.753935, -1.605072, 1.906079
252.877000, 1.748252, -1.588204, 1.885510
252.973000, 1.742515, -1.569882, 1.862467
253.077000, 1.736036, -1.550412, 1.838936
253.177000, 1.730792, -1.530284, 1.811298
253.276000, 1.726451, -1.511582, 1.786411
253.387000, 1.722134, -1.490011, 1.747882
253.483000, 1.719076, -1.471057, 1.713498
253.579000, 1.716633, -1.452014, 1.683534
253.681000, 1.714599, -1.431113, 1.652189
253.778000, 1.711174, -1.413635, 1.621489
253.873000, 1.710524, -1.394447, 1.587786
253.986000, 1.710614, -1.371849, 1.544520
254.073000, 1.711328, -1.354665, 1.514310
254.178000, 1.712909, -1.333726, 1.474899
254.282000, 1.715326, -1.313068, 1.433142
254.384000, 1.721120, -1.292926, 1.399134
254.481000, 1.724611, -1.274454, 1.368219
254.588000, 1.729311, -1.253578, 1.329008
254.670000, 1.733456, -1.237711, 1.301529
254.778000, 1.739568, -1.216994, 1.266278
254.879000, 1.745933, -1.197824, 1.233578
254.982000, 1.749886, -1.182640, 1.197614
255.068000, 1.756380, -1.166713, 1.170763
255.172000, 1.765103, -1.146954, 1.137754
255.282000, 1.774373, -1.127890, 1.098530
255.375000, 1.783104, -1.111467, 1.065653
255.479000, 1.793982, -1.092577, 1.031726
255.565000, 1.802457, -1.078771, 1.008775
255.679000, 1.815173, -1.059942, 0.975274
255.788000, 1.827677, -1.042084, 0.944626
255.883000, 1.839040, -1.026858, 0.914006
255.970000, 1.849947, -1.013045, 0.892694
256.085000, 1.864615, -0.995331, 0.864496
256.179000, 1.876829, -0.981303, 0.844665
256.280000, 1.890661, -0.966038, 0.824718
256.379000, 1.903962, -0.951916, 0.805432
256.473000, 1.917262, -0.938348, 0.784877
256.579000, 1.932279, -0.923669, 0.763257
256.678000, 1.946846, -0.909966, 0.747193
256.776000, 1.957812, -0.899361, 0.728579
256.887000, 1.973600, -0.885514, 0.712063
256.977000, 1.987309, -0.873851, 0.697484
257.086000, 2.004133, -0.859988, 0.681057
257.174000, 2.017883, -0.849001, 0.666904
257.276000, 2.034015, -0.836514, 0.650686
257.376000, 2.050322, -0.824258, 0.639065
257.475000, 2.066112, -0.812646, 0.629399
257.577000, 2.083149, -0.800368, 0.619108
257.689000, 2.100814, -0.787939, 0.606669
257.778000, 2.115507, -0.777892, 0.592272
257.875000, 2.131674, -0.767169, 0.579797
257.982000, 2.150161, -0.755243, 0.565612
258.085000, 2.164820, -0.748216, 0.554479
258.191000, 2.183241, -0.736937, 0.544054
258.287000, 2.199312, -0.727327, 0.533438
258.381000, 2.206407, -0.723166, 0.527510
258.473000, 2.206666, -0.723015, 0.526993
258.591000, 2.206666, -0.723015, 0.526996
258.682000, 2.206666, -0.723015, 0.526997
258.781000, 2.206666, -0.723015, 0.526998
258.874000, 2.206666, -0.723015, 0.527001
258.979000, 2.206666, -0.723015, 0.527003
259.081000, 2.206666, -0.723015, 0.527005
259.175000, 2.206666, -0.723015, 0.527008
259.279000, 2.206666, -0.723015, 0.527010
259.383000, 2.206666, -0.723015, 0.527012
259.482000, 2.206666, -0.723015, 0.527015
