129.482000, -nan, -nan, -nan
129.585000, 0.008694, -2.018036, -0.001908
129.680000, 0.008694, -2.018036, -0.001905
129.767000, 0.008694, -2.018036, -0.001902
129.878000, 0.008694, -2.018036, -0.001899
129.988000, 0.008694, -2.018036, -0.001898
130.088000, 0.008694, -2.018036, -0.001894
130.181000, 0.008694, -2.018036, -0.001892
130.288000, 0.008694, -2.018036, -0.001890
130.373000, 0.008694, -2.018036, -0.001888
130.487000, 0.008694, -2.018036, -0.001886
130.583000, 0.008694, -2.018036, -0.001883
130.676000, 0.008694, -2.018036, -0.001882
130.786000, 0.008694, -2.018036, -0.001880
130.885000, 0.008694, -2.018036, -0.001877
130.987000, 0.008694, -2.018036, -0.001875
131.086000, 0.008694, -2.018036, -0.001873
131.187000, 0.008694, -2.018036, -0.001871
131.274000, 0.008694, -2.018036, -0.001868
131.377000, 0.008694, -2.018036, -0.001865
131.474000, 0.008694, -2.018036, -0.001864
131.584000, 0.008694, -2.018036, -0.001861
131.686000, 0.008694, -2.018036, -0.001858
131.779000, 0.008694, -2.018036, -0.001858
131.879000, 0.008694, -2.018036, -0.001855
131.981000, 0.008694, -2.018036, -0.001853
132.071000, 0.008694, -2.018036, -0.001850
132.188000, 0.008694, -2.018036, -0.001848
132.285000, 0.008694, -2.018036, -0.001845
132.370000, 0.008694, -2.018036, -0.001841
132.472000, 0.008694, -2.018036, -0.001839
132.582000, 0.008694, -2.018036, -0.001837
132.687000, 0.008694, -2.018036, -0.001835
132.784000, 0.008694, -2.018036, -0.001833
132.884000, 0.008694, -2.018036, -0.001830
132.982000, 0.008694, -2.018036, -0.001826
133.086000, 0.008694, -2.018036, -0.001824
133.188000, 0.008694, -2.018036, -0.001823
133.276000, 0.008694, -2.018036, -0.001820
133.388000, 0.008694, -2.018036, -0.001818
133.475000, 0.008694, -2.018036, -0.001815
133.578000, 0.008694, -2.018036, -0.001814
133.685000, 0.008694, -2.018036, -0.001812
133.758000, 0.008694, -2.018036, -0.001810
133.887000, 0.008694, -2.018036, -0.001809
133.985000, 0.008694, -2.018036, -0.001807
134.064000, 0.008694, -2.018036, -0.001805
134.181000, 0.008694, -2.018036, -0.001802
134.286000, 0.008694, -2.018036, -0.001799
134.384000, 0.008694, -2.018036, -0.001797
134.480000, 0.008694, -2.018036, -0.001795
134.582000, 0.008694, -2.018036, -0.001794
134.687000, 0.008694, -2.018036, -0.001791
134.778000, 0.008694, -2.018036, -0.001787
134.885000, 0.008694, -2.018036, -0.001785
134.976000, 0.008694, -2.018036, -0.001784
135.080000, 0.008694, -2.018036, -0.001781
135.181000, 0.008694, -2.018036, -0.001776
135.287000, 0.008694, -2.018036, -0.001776
135.379000, 0.008694, -2.018036, -0.001775
135.480000, 0.008694, -2.018036, -0.001771
135.585000, 0.008694, -2.018036, -0.001768
135.680000, 0.008694, -2.018036, -0.001767
135.779000, 0.008694, -2.018036, -0.001765
135.882000, 0.008694, -2.018036, -0.001764
135.980000, 0.008694, -2.018036, -0.001759
136.084000, 0.008694, -2.018036, -0.001757
136.185000, 0.008694, -2.018036, -0.001755
136.279000, 0.008694, -2.018036, -0.001753
136.385000, 0.008694, -2.018036, -0.001751
136.487000, 0.008694, -2.018036, -0.001748
136.568000, 0.008694, -2.018036, -0.001745
136.684000, 0.008694, -2.018036, -0.001742
136.782000, 0.008694, -2.018036, -0.001741
136.882000, 0.008694, -2.018036, -0.001738
136.954000, 0.008694, -2.018036, -0.001736
137.073000, 0.008694, -2.018036, -0.001732
137.186000, 0.008694, -2.018036, -0.001731
137.285000, 0.008694, -2.018036, -0.001728
137.387000, 0.008694, -2.018036, -0.001724
137.485000, 0.008694, -2.018036, -0.001723
137.580000, 0.008694, -2.018036, -0.001722
137.683000, 0.008694, -2.018036, -0.001719
137.780000, 0.008694, -2.018036, -0.001717
137.864000, 0.008694, -2.018036, -0.001714
137.984000, 0.008694, -2.018036, -0.001712
138.083000, 0.008694, -2.018036, -0.001710
138.182000, 0.008694, -2.018036, -0.001708
138.276000, 0.008694, -2.018036, -0.001705
138.383000, 0.008694, -2.018036, -0.001702
138.458000, 0.008694, -2.018036, -0.001700
138.588000, 0.008694, -2.018036, -0.001696
138.685000, 0.008694, -2.018036, -0.001694
138.787000, 0.008694, -2.018036, -0.001691
138.865000, 0.008694, -2.018036, -0.001689
138.981000, 0.008694, -2.018036, -0.001687
139.077000, 0.008694, -2.018036, -0.001683
139.133000, 0.008694, -2.018036, -0.001681
139.270000, 0.008694, -2.018036, -0.001678
139.388000, 0.008694, -2.018036, -0.001677
139.487000, 0.008694, -2.018036, -0.001677
139.583000, 0.008694, -2.018036, -0.001674
139.685000, 0.008694, -2.018036, -0.001672
139.777000, 0.008694, -2.018036, -0.001671
139.870000, 0.008694, -2.018036, -0.001667
139.980000, 0.008694, -2.018036, -0.001665
140.075000, 0.008694, -2.018036, -0.001663
140.171000, 0.008694, -2.018036, -0.001661
140.281000, 0.008694, -2.018036, -0.001658
140.379000, 0.008694, -2.018036, -0.001654
140.482000, 0.008694, -2.018036, -0.001653
140.578000, 0.008694, -2.018036, -0.001651
140.680000, 0.008694, -2.018036, -0.001648
140.784000, 0.008694, -2.018036, -0.001645
140.861000, 0.008694, -2.018036, -0.001644
140.981000, 0.008694, -2.018036, -0.001641
141.084000, 0.011581, -2.018035, 0.003054
141.184000, 0.021705, -2.017892, 0.023943
141.283000, 0.038143, -2.017275, 0.049292
141.382000, 0.057905, -2.016059, 0.073906
141.488000, 0.079022, -2.014196, 0.104578
141.586000, 0.098481, -2.011854, 0.134072
141.640000, 0.112733, -2.009792, 0.152711
141.786000, 0.138172, -2.005501, 0.181028
141.879000, 0.152521, -2.000424, 0.208068
141.986000, 0.173415, -1.995800, 0.227280
142.068000, 0.192087, -1.991329, 0.241788
142.184000, 0.211864, -1.986327, 0.253291
142.279000, 0.230618, -1.981360, 0.265891
142.375000, 0.249106, -1.976182, 0.279954
142.483000, 0.269624, -1.970104, 0.297564
142.581000, 0.288688, -1.964058, 0.317216
142.683000, 0.307443, -1.957709, 0.334585
142.781000, 0.326281, -1.950994, 0.350867
142.886000, 0.345562, -1.943742, 0.369149
142.982000, 0.359586, -1.936661, 0.381384
143.076000, 0.378631, -1.928809, 0.399748
143.171000, 0.394431, -1.922012, 0.412847
143.285000, 0.415245, -1.912706, 0.427701
143.385000, 0.433389, -1.904292, 0.442062
143.486000, 0.451577, -1.895504, 0.457829
143.587000, 0.469621, -1.886426, 0.475831
143.686000, 0.487135, -1.877189, 0.494653
143.779000, 0.503609, -1.868133, 0.509549
143.887000, 0.522199, -1.857533, 0.530167
143.978000, 0.537973, -1.848060, 0.550030
144.076000, 0.554594, -1.837673, 0.567469
144.183000, 0.572369, -1.826120, 0.583961
144.285000, 0.587547, -1.815443, 0.596739
144.385000, 0.603834, -1.804184, 0.611871
144.482000, 0.616159, -1.795473, 0.614881
144.575000, 0.624305, -1.789847, 0.589192
144.683000, 0.633072, -1.784255, 0.541452
144.756000, 0.642457, -1.778989, 0.484365
144.883000, 0.673665, -1.771474, 0.409794
144.985000, 0.692632, -1.763971, 0.342751
145.086000, 0.711866, -1.757814, 0.276212
145.185000, 0.731272, -1.752988, 0.210631
145.281000, 0.745970, -1.741917, 0.143518
145.382000, 0.765844, -1.739702, 0.077800
145.480000, 0.785420, -1.738801, 0.013417
145.577000, 0.794746, -1.747373, -0.050480
145.681000, 0.814277, -1.748982, -0.113970
145.786000, 0.835051, -1.752034, -0.175295
145.879000, 0.853285, -1.755697, -0.220247
145.985000, 0.873851, -1.760831, -0.270772
146.086000, 0.898312, -1.767781, -0.314296
146.177000, 0.917013, -1.774281, -0.354653
146.279000, 0.934522, -1.781125, -0.389753
146.384000, 0.953806, -1.789437, -0.422287
146.480000, 0.971212, -1.797538, -0.451226
146.585000, 0.989950, -1.807018, -0.483514
146.687000, 1.007896, -1.816718, -0.505662
146.778000, 1.023747, -1.825661, -0.522012
146.884000, 1.044712, -1.835068, -0.546772
146.980000, 1.060853, -1.845091, -0.563569
147.082000, 1.078027, -1.856100, -0.574516
147.180000, 1.094444, -1.866807, -0.581826
147.274000, 1.110615, -1.877524, -0.587567
147.374000, 1.126744, -1.888305, -0.591331
147.482000, 1.144973, -1.900623, -0.597640
147.587000, 1.161971, -1.912259, -0.601706
147.681000, 1.178119, -1.923369, -0.603821
147.776000, 1.193095, -1.933710, -0.603712
147.886000, 1.211218, -1.946182, -0.602448
147.985000, 1.227530, -1.957406, -0.603297
148.064000, 1.244306, -1.962368, -0.604986
148.185000, 1.263556, -1.975673, -0.604055
148.277000, 1.278726, -1.986084, -0.594575
148.379000, 1.295975, -1.997345, -0.556696
148.482000, 1.313559, -2.007683, -0.506356
148.580000, 1.331093, -2.016877, -0.459499
148.683000, 1.349572, -2.025515, -0.417620
148.773000, 1.367654, -2.033814, -0.387624
148.876000, 1.386838, -2.041316, -0.358125
148.975000, 1.406230, -2.048267, -0.330453
149.082000, 1.426563, -2.054937, -0.303753
149.187000, 1.445900, -2.060776, -0.284612
149.275000, 1.463403, -2.065765, -0.271009
149.388000, 1.484639, -2.071511, -0.258812
149.471000, 1.500894, -2.075755, -0.252328
149.581000, 1.522025, -2.081116, -0.244033
149.680000, 1.541460, -2.085834, -0.227412
149.786000, 1.556331, -2.088971, -0.177775
149.880000, 1.550439, -2.088351, -0.119447
149.977000, 1.569114, -2.089987, -0.056149
150.079000, 1.589305, -2.090455, 0.010389
150.173000, 1.609947, -2.083800, 0.068648
150.280000, 1.631229, -2.081598, 0.136754
150.370000, 1.649379, -2.078586, 0.193195
150.486000, 1.671779, -2.073389, 0.261937
150.576000, 1.669162, -2.066280, 0.311489
150.683000, 1.689171, -2.059282, 0.360506
150.779000, 1.707174, -2.052058, 0.403645
150.888000, 1.726831, -2.043108, 0.449956
150.979000, 1.743077, -2.034906, 0.484331
151.069000, 1.759916, -2.025684, 0.517712
151.175000, 1.791810, -2.016555, 0.548993
151.283000, 1.809388, -2.005436, 0.579726
151.377000, 1.824972, -1.994921, 0.607393
151.477000, 1.841876, -1.982803, 0.636371
151.585000, 1.859694, -1.969229, 0.665418
151.688000, 1.874505, -1.957328, 0.688098
151.778000, 1.888288, -1.945752, 0.709603
151.877000, 1.903457, -1.932413, 0.731886
151.974000, 1.917476, -1.919590, 0.749559
152.077000, 1.918383, -1.907952, 0.767572
152.179000, 1.932947, -1.893667, 0.784519
152.275000, 1.946146, -1.880280, 0.800091
152.387000, 1.961490, -1.864237, 0.813023
152.485000, 1.975453, -1.849364, 0.821391
152.583000, 1.988199, -1.835545, 0.830656
152.682000, 2.001618, -1.820714, 0.838825
152.774000, 2.013750, -1.807147, 0.843196
152.888000, 2.028872, -1.790085, 0.848584
152.978000, 2.040740, -1.776551, 0.852848
153.082000, 2.054377, -1.760845, 0.860926
153.170000, 2.065783, -1.747442, 0.869500
153.277000, 2.080811, -1.729505, 0.876857
153.381000, 2.092924, -1.714867, 0.882676
153.485000, 2.101944, -1.703099, 0.885052
153.573000, 2.113103, -1.689489, 0.884920
153.678000, 2.126372, -1.673213, 0.887759
153.783000, 2.139632, -1.656928, 0.886492
153.872000, 2.151011, -1.642982, 0.888234
153.988000, 2.165480, -1.625103, 0.890463
154.088000, 2.178070, -1.609563, 0.889550
154.174000, 2.188896, -1.596197, 0.891581
154.280000, 2.202183, -1.579678, 0.893903
154.379000, 2.214595, -1.564251, 0.891434
154.485000, 2.228076, -1.547631, 0.888325
154.572000, 2.238928, -1.534287, 0.887945
154.678000, 2.252569, -1.517539, 0.885263
154.777000, 2.279752, -1.507757, 0.875275
154.887000, 2.293428, -1.491558, 0.863440
154.980000, 2.305586, -1.477482, 0.854382
155.079000, 2.319305, -1.461847, 0.846296
155.184000, 2.332627, -1.446930, 0.836794
155.275000, 2.345044, -1.433351, 0.819149
155.382000, 2.360161, -1.417927, 0.765305
155.485000, 2.375939, -1.401988, 0.704252
155.576000, 2.390142, -1.390611, 0.647117
155.678000, 2.406766, -1.378791, 0.591701
155.782000, 2.424477, -1.367512, 0.542464
155.879000, 2.441130, -1.357959, 0.499233
155.979000, 2.465856, -1.347773, 0.459844
156.077000, 2.483579, -1.339406, 0.422363
156.187000, 2.503819, -1.330787, 0.383124
156.285000, 2.522116, -1.323762, 0.350119
156.382000, 2.540439, -1.317392, 0.319198
156.486000, 2.560291, -1.311186, 0.286054
156.585000, 2.582971, -1.307995, 0.256730
156.675000, 2.601406, -1.303398, 0.232959
156.775000, 2.620133, -1.299163, 0.212080
156.877000, 2.639921, -1.295108, 0.193336
156.982000, 2.660757, -1.291198, 0.177983
157.069000, 2.677901, -1.288220, 0.165650
157.176000, 2.698836, -1.284884, 0.150654
157.284000, 2.720213, -1.281786, 0.137540
157.387000, 2.740633, -1.279073, 0.127016
157.475000, 2.758697, -1.276848, 0.117639
157.580000, 2.779366, -1.274519, 0.107048
157.679000, 2.799659, -1.272430, 0.098461
157.775000, 2.838722, -1.269925, 0.092999
157.875000, 2.858843, -1.268140, 0.084312
157.968000, 2.876984, -1.266668, 0.077885
158.072000, 2.898324, -1.265080, 0.069368
158.174000, 2.918483, -1.263793, 0.057580
158.279000, 2.939056, -1.262740, 0.044601
158.389000, 2.961040, -1.261894, 0.032386
158.480000, 2.979233, -1.261404, 0.020138
158.586000, 3.001031, -1.261147, 0.003795
158.683000, 3.019831, -1.261196, -0.008675
158.767000, 2.997557, -1.263292, -0.018916
158.878000, 3.019751, -1.263832, -0.028451
158.985000, 3.041140, -1.264501, -0.033682
159.073000, 3.059328, -1.265156, -0.039531
159.175000, 3.079509, -1.266045, -0.048569
159.274000, 3.098483, -1.267031, -0.055368
159.379000, 3.120245, -1.268318, -0.062447
159.483000, 3.140004, -1.269595, -0.065381
159.569000, 3.158763, -1.270836, -0.067976
159.673000, 3.178114, -1.272203, -0.072697
159.788000, 3.194930, -1.272900, -0.074737
159.877000, 3.213275, -1.274313, -0.078699
159.976000, 3.233012, -1.275900, -0.081405
160.079000, 3.253542, -1.277599, -0.084194
160.178000, 3.272870, -1.279261, -0.086886
160.282000, 3.293391, -1.281062, -0.087840
160.382000, 3.313314, -1.282823, -0.088891
160.478000, 3.332437, -1.284540, -0.089809
160.583000, 3.353552, -1.286433, -0.087607
160.681000, 3.373281, -1.288112, -0.081790
160.782000, 3.382262, -1.291446, -0.074751
160.886000, 3.403009, -1.292935, -0.067170
160.976000, 3.420973, -1.294067, -0.058953
161.073000, 3.441741, -1.295219, -0.053150
161.176000, 3.460916, -1.296201, -0.047995
161.288000, 3.483294, -1.297197, -0.042345
161.385000, 3.502678, -1.297979, -0.037022
161.481000, 3.521867, -1.298624, -0.030411
161.581000, 3.541860, -1.299142, -0.018411
161.688000, 3.563859, -1.299336, 0.000608
161.785000, 3.582858, -1.299180, 0.015513
161.870000, 3.585556, -1.298604, 0.027433
161.978000, 3.607140, -1.297786, 0.048090
162.082000, 3.628505, -1.296557, 0.066481
162.184000, 3.648649, -1.295055, 0.082000
162.284000, 3.668169, -1.293298, 0.098952
162.380000, 3.687853, -1.291158, 0.117459
162.482000, 3.707496, -1.288670, 0.134223
162.586000, 3.728085, -1.285718, 0.150344
162.687000, 3.748036, -1.282554, 0.163845
162.773000, 3.764991, -1.279662, 0.173755
162.886000, 3.790776, -1.273058, 0.183180
162.987000, 3.810623, -1.269295, 0.191201
163.076000, 3.828088, -1.265860, 0.196885
163.174000, 3.848279, -1.261776, 0.201806
163.285000, 3.869231, -1.257422, 0.210286
163.388000, 3.889157, -1.253048, 0.221601
163.487000, 3.908451, -1.248604, 0.230811
163.581000, 3.927322, -1.244102, 0.236440
163.687000, 3.947341, -1.239246, 0.239103
163.783000, 3.965991, -1.234685, 0.240103
163.877000, 3.984244, -1.230184, 0.247586
163.967000, 3.989217, -1.226452, 0.263020
164.073000, 4.009658, -1.220828, 0.273631
164.186000, 4.031582, -1.214569, 0.281214
164.279000, 4.049246, -1.209419, 0.287408
164.372000, 4.067067, -1.204090, 0.291047
164.482000, 4.088342, -1.197749, 0.288715
164.572000, 4.106178, -1.192474, 0.285152
164.678000, 4.125773, -1.186801, 0.277973
164.781000, 4.146375, -1.181012, 0.270299
164.885000, 4.165654, -1.175689, 0.273061
164.969000, 4.182577, -1.170856, 0.282638
165.085000, 4.205922, -1.163280, 0.290018
165.186000, 4.225445, -1.157362, 0.302510
165.274000, 4.242397, -1.151936, 0.314552
165.380000, 4.262343, -1.145366, 0.321457
165.481000, 4.277583, -1.140250, 0.326934
165.572000, 4.287467, -1.136860, 0.337192
165.678000, 4.300047, -1.132318, 0.352683
165.784000, 4.312346, -1.127734, 0.360622
165.871000, 4.322625, -1.123816, 0.369485
165.978000, 4.335404, -1.118743, 0.386943
166.076000, 4.346253, -1.114231, 0.400163
166.181000, 4.358309, -1.109043, 0.413193
166.278000, 4.365119, -1.106023, 0.422088
166.377000, 4.366631, -1.105345, 0.415546
166.476000, 4.366768, -1.105285, 0.375207
166.577000, 4.366768, -1.105285, 0.322145
166.675000, 4.366768, -1.105285, 0.256331
166.777000, 4.366768, -1.105285, 0.196248
166.887000, 4.366768, -1.105285, 0.136808
166.978000, 4.363581, -1.109764, 0.090996
167.084000, 4.363581, -1.109764, 0.045262
167.174000, 4.363581, -1.109764, 0.008093
167.280000, 4.363581, -1.109764, -0.033395
167.369000, 4.363581, -1.109764, -0.068926
167.475000, 4.363581, -1.109764, -0.095399
167.585000, 4.363581, -1.109764, -0.095564
167.688000, 4.363581, -1.109764, -0.095561
167.778000, 4.363581, -1.109764, -0.095558
167.886000, 4.363581, -1.109764, -0.095556
167.986000, 4.363581, -1.109764, -0.095553
168.077000, 4.363581, -1.109764, -0.095548
168.182000, 4.363581, -1.109764, -0.095544
168.280000, 4.363581, -1.109764, -0.095540
168.378000, 4.363581, -1.109764, -0.095538
168.476000, 4.363581, -1.109764, -0.095536
168.575000, 4.363581, -1.109764, -0.095533
168.675000, 4.363581, -1.109764, -0.095530
168.782000, 4.363581, -1.109764, -0.095528
168.874000, 4.363581, -1.109764, -0.095525
168.981000, 4.363581, -1.109764, -0.095522
169.075000, 4.363581, -1.109764, -0.095519
169.187000, 4.363581, -1.109764, -0.095516
169.275000, 4.363581, -1.109764, -0.095512
169.386000, 4.363581, -1.109764, -0.095510
169.476000, 4.363581, -1.109764, -0.095508
169.584000, 4.363581, -1.109764, -0.095507
169.678000, 4.363581, -1.109764, -0.095506
169.774000, 4.363581, -1.109764, -0.095503
169.881000, 4.363581, -1.109764, -0.095499
169.985000, 4.363581, -1.109764, -0.095495
170.085000, 4.363581, -1.109764, -0.095493
170.183000, 4.363581, -1.109764, -0.095492
170.285000, 4.363581, -1.109764, -0.095489
170.381000, 4.363581, -1.109764, -0.095486
170.484000, 4.363581, -1.109764, -0.095483
170.579000, 4.363581, -1.109764, -0.095481
170.681000, 4.363581, -1.109764, -0.095478
170.779000, 4.363581, -1.109764, -0.095475
170.883000, 4.363581, -1.109764, -0.095473
170.984000, 4.363581, -1.109764, -0.095472
171.076000, 4.363581, -1.109764, -0.095467
171.185000, 4.363581, -1.109764, -0.095464
171.285000, 4.363581, -1.109764, -0.095462
171.376000, 4.363581, -1.109764, -0.095460
171.477000, 4.363581, -1.109764, -0.095456
171.586000, 4.363581, -1.109764, -0.095455
171.680000, 4.363581, -1.109764, -0.095451
171.782000, 4.363581, -1.109764, -0.095449
171.877000, 4.363581, -1.109764, -0.095447
171.966000, 4.363581, -1.109764, -0.095443
172.078000, 4.366157, -1.110011, -0.095742
172.182000, 4.376959, -1.111025, -0.088168
172.282000, 4.385196, -1.111670, -0.057070
172.386000, 4.386904, -1.111748, -0.001430
172.470000, 4.386904, -1.111748, 0.051418
172.574000, 4.386904, -1.111748, 0.117230
172.686000, 4.386904, -1.111748, 0.188940
172.786000, 4.386904, -1.111748, 0.255295
172.871000, 4.391717, -1.111881, 0.308849
172.980000, 4.391717, -1.111881, 0.381084
173.079000, 4.391717, -1.111881, 0.445592
173.175000, 4.390722, -1.113099, 0.510950
173.279000, 4.390722, -1.113099, 0.579344
173.369000, 4.390722, -1.113099, 0.639225
173.480000, 4.391108, -1.113298, 0.712940
173.573000, 4.391108, -1.113298, 0.776756
173.685000, 4.391108, -1.113298, 0.847697
173.776000, 4.391108, -1.113298, 0.907486
173.879000, 4.391824, -1.111998, 0.976957
173.985000, 4.391824, -1.111998, 1.045969
174.085000, 4.391824, -1.111998, 1.111820
174.179000, 4.392610, -1.112354, 1.173644
174.271000, 4.392610, -1.112354, 1.234128
174.386000, 4.392610, -1.112354, 1.309721
174.476000, 4.391462, -1.116021, 1.369915
174.582000, 4.391462, -1.116021, 1.440286
174.683000, 4.391462, -1.116021, 1.505333
174.772000, 4.391462, -1.116021, 1.564506
174.874000, 4.384420, -1.118789, 1.630334
174.972000, 4.384420, -1.118789, 1.696120
175.072000, 4.384420, -1.118789, 1.761809
175.181000, 4.380009, -1.119420, 1.828358
175.273000, 4.380009, -1.119420, 1.890131
175.379000, 4.380009, -1.119420, 1.958622
175.480000, 4.380009, -1.119420, 2.024459
175.588000, 4.377736, -1.117216, 2.096567
175.681000, 4.377023, -1.116011, 2.159675
175.777000, 4.375542, -1.113982, 2.221543
175.887000, 4.369961, -1.110094, 2.294343
175.987000, 4.368721, -1.108713, 2.360474
176.072000, 4.367019, -1.107148, 2.416934
176.179000, 4.375928, -1.104289, 2.484731
176.278000, 4.374035, -1.102962, 2.549916
176.376000, 4.368971, -1.099805, 2.614324
176.476000, 4.366637, -1.098485, 2.674757
176.586000, 4.356837, -1.100286, 2.732731
176.682000, 4.350848, -1.097896, 2.789023
176.787000, 4.348233, -1.096967, 2.845223
176.885000, 4.345569, -1.096237, 2.888033
176.980000, 4.339623, -1.094848, 2.936482
177.074000, 4.330144, -1.096040, 2.984992
177.182000, 4.327131, -1.095660, 3.027301
177.277000, 4.317200, -1.094732, 3.065092
177.379000, 4.305022, -1.094003, 3.100475
177.484000, 4.290026, -1.093689, 3.137387
177.574000, 4.271966, -1.093893, -3.115912
177.687000, 4.249983, -1.094754, -3.094073
177.788000, 4.229811, -1.095815, -3.084243
177.883000, 4.209506, -1.095357, -3.076661
177.979000, 4.188356, -1.096809, -3.069877
178.067000, 4.172998, -1.097947, -3.065053
178.182000, 4.150072, -1.099797, -3.057480
178.288000, 4.128952, -1.101636, -3.052370
178.383000, 4.110031, -1.103360, -3.049527
178.487000, 4.089122, -1.105316, -3.046723
178.587000, 4.069414, -1.107219, -3.044310
178.682000, 4.050107, -1.109124, -3.041769
178.775000, 4.031802, -1.110984, -3.039262
178.882000, 4.015018, -1.115424, -3.037069
178.985000, 3.994331, -1.117593, -3.037108
179.085000, 3.975037, -1.119617, -3.037107
179.179000, 3.955942, -1.121619, -3.037104
179.284000, 3.935454, -1.123768, -3.037101
179.379000, 3.916359, -1.125766, -3.037984
179.486000, 3.894873, -1.127986, -3.038826
179.582000, 3.875973, -1.129932, -3.039569
179.684000, 3.855876, -1.131967, -3.042945
179.778000, 3.834573, -1.134003, -3.049339
179.875000, 3.823860, -1.134722, -3.056085
179.972000, 3.805722, -1.136222, -3.061735
180.078000, 3.784585, -1.137856, -3.066906
180.178000, 3.764638, -1.139314, -3.070453
180.277000, 3.744886, -1.140684, -3.074630
180.379000, 3.724528, -1.141999, -3.079179
180.474000, 3.704365, -1.143220, -3.083458
180.578000, 3.684596, -1.144323, -3.087876
180.685000, 3.663025, -1.145439, -3.092462
180.769000, 3.645644, -1.146258, -3.096280
180.879000, 3.638046, -1.143653, -3.100083
180.983000, 3.617263, -1.144492, -3.102838
181.083000, 3.597277, -1.145235, -3.105778
181.184000, 3.577289, -1.145929, -3.107929
181.285000, 3.561696, -1.146473, -3.099243
181.365000, 3.556074, -1.146770, -3.069639
181.479000, 3.548134, -1.147606, -3.010741
181.577000, 3.534534, -1.149838, -2.948537
181.687000, 3.512992, -1.156666, -2.875913
181.768000, 3.497100, -1.161454, -2.821352
181.880000, 3.476485, -1.169123, -2.748898
181.977000, 3.458859, -1.178672, -2.684808
182.084000, 3.439998, -1.188774, -2.614277
182.182000, 3.423387, -1.199172, -2.549720
182.282000, 3.407006, -1.210984, -2.483357
182.380000, 3.397578, -1.223377, -2.418582
182.484000, 3.382178, -1.237942, -2.348850
182.567000, 3.369923, -1.251122, -2.290604
182.673000, 3.356949, -1.264548, -2.231829
182.781000, 3.342684, -1.284337, -2.160024
182.888000, 3.332748, -1.300058, -2.108777
182.975000, 3.324088, -1.315378, -2.062397
183.082000, 3.314306, -1.334858, -2.010348
183.188000, 3.306437, -1.353485, -1.963281
183.275000, 3.300077, -1.369680, -1.927437
183.382000, 3.292946, -1.390068, -1.888110
183.478000, 3.287279, -1.408202, -1.861924
183.578000, 3.281731, -1.427417, -1.842827
183.684000, 3.276217, -1.447887, -1.824452
183.784000, 3.271377, -1.467292, -1.805279
183.880000, 3.267056, -1.486204, -1.784886
183.976000, 3.263196, -1.504808, -1.767617
184.077000, 3.259122, -1.526020, -1.754114
184.172000, 3.263535, -1.539008, -1.746787
184.277000, 3.259958, -1.559904, -1.734156
184.377000, 3.256719, -1.580248, -1.723518
184.477000, 3.253570, -1.601415, -1.712996
184.580000, 3.250994, -1.620037, -1.703789
184.683000, 3.248329, -1.640666, -1.695192
184.783000, 3.245967, -1.660123, -1.687540
184.885000, 3.243696, -1.680195, -1.679694
184.988000, 3.241534, -1.700681, -1.671727
185.075000, 3.239636, -1.720189, -1.664206
185.177000, 3.237921, -1.739111, -1.658608
185.280000, 3.240006, -1.757402, -1.646090
185.376000, 3.238729, -1.776359, -1.633612
185.475000, 3.237518, -1.796723, -1.623680
185.586000, 3.236537, -1.818301, -1.612351
185.684000, 3.235745, -1.837885, -1.610764
185.776000, 3.234977, -1.857069, -1.610761
185.882000, 3.234146, -1.877853, -1.610759
185.982000, 3.233368, -1.897437, -1.609829
186.077000, 3.232652, -1.917624, -1.598187
186.180000, 3.232236, -1.937820, -1.589499
186.271000, 3.228013, -1.956057, -1.581690
186.376000, 3.228003, -1.976657, -1.560789
186.477000, 3.228414, -1.997052, -1.539136
186.578000, 3.229275, -2.017233, -1.519052
186.683000, 3.230595, -2.038993, -1.500733
186.781000, 3.231623, -2.052404, -1.487267
186.878000, 3.232571, -2.063087, -1.476231
186.988000, 3.234001, -2.076762, -1.455179
187.081000, 3.235454, -2.088295, -1.435889
187.186000, 3.237355, -2.101282, -1.414799
187.282000, 3.239323, -2.113119, -1.397172
187.388000, 3.241741, -2.126146, -1.376796
187.484000, 3.242914, -2.131954, -1.363797
187.586000, 3.242914, -2.131954, -1.363790
187.683000, 3.242914, -2.131954, -1.363788
187.777000, 3.242914, -2.131954, -1.363787
187.875000, 3.242914, -2.131954, -1.363783
187.980000, 3.242914, -2.131954, -1.363782
188.087000, 3.242914, -2.131954, -1.363780
188.184000, 3.242914, -2.131954, -1.363777
188.274000, 3.242914, -2.131954, -1.363776
188.377000, 3.242914, -2.131954, -1.363774
188.487000, 3.242914, -2.131954, -1.363772
188.568000, 3.242914, -2.131954, -1.363770
188.701000, 3.242914, -2.131954, -1.363768
188.762000, 3.242914, -2.131954, -1.363765
188.885000, 3.242914, -2.131954, -1.363762
188.986000, 3.242914, -2.131954, -1.363760
189.076000, 3.242914, -2.131954, -1.363758
189.183000, 3.242914, -2.131954, -1.363755
189.273000, 3.242914, -2.131954, -1.363753
189.386000, 3.242914, -2.131954, -1.363750
189.484000, 3.242914, -2.131954, -1.363747
189.577000, 3.242914, -2.131954, -1.363745
189.685000, 3.242914, -2.131954, -1.363744
189.776000, 3.242914, -2.131954, -1.363741
189.872000, 3.242914, -2.131954, -1.363739
189.986000, 3.242914, -2.131954, -1.363736
190.083000, 3.242914, -2.131954, -1.363733
190.172000, 3.242914, -2.131954, -1.363731
190.288000, 3.242914, -2.131954, -1.363729
190.378000, 3.242914, -2.131954, -1.363725
190.488000, 3.242914, -2.131954, -1.363723
190.589000, 3.242914, -2.131954, -1.363721
190.677000, 3.242914, -2.131954, -1.363717
190.786000, 3.242914, -2.131954, -1.363713
190.875000, 3.242914, -2.131954, -1.363712
190.977000, 3.242914, -2.131954, -1.363709
191.087000, 3.242914, -2.131954, -1.363707
191.180000, 3.242914, -2.131954, -1.363706
191.288000, 3.242914, -2.131954, -1.363702
191.376000, 3.242914, -2.131954, -1.363699
191.479000, 3.242914, -2.131954, -1.363696
191.585000, 3.242914, -2.131954, -1.363696
191.675000, 3.242914, -2.131954, -1.363693
191.773000, 3.242914, -2.131954, -1.363690
191.879000, 3.242914, -2.131954, -1.363687
191.984000, 3.242914, -2.131954, -1.363684
192.086000, 3.242914, -2.131954, -1.363680
192.168000, 3.242914, -2.131954, -1.363678
192.287000, 3.242914, -2.131954, -1.363676
192.387000, 3.242914, -2.131954, -1.363673
192.480000, 3.242914, -2.131954, -1.363670
192.573000, 3.242914, -2.131954, -1.363668
192.685000, 3.242914, -2.131954, -1.363666
192.782000, 3.242914, -2.131954, -1.363664
192.877000, 3.242914, -2.131954, -1.363661
192.978000, 3.242914, -2.131954, -1.363659
193.077000, 3.242914, -2.131954, -1.363657
193.184000, 3.242914, -2.131954, -1.363654
193.281000, 3.242914, -2.131954, -1.363652
193.368000, 3.242914, -2.131954, -1.363651
193.475000, 3.242914, -2.131954, -1.363648
193.587000, 3.242914, -2.131954, -1.363645
193.681000, 3.242914, -2.131954, -1.363645
193.786000, 3.242914, -2.131954, -1.363641
193.889000, 3.242914, -2.131954, -1.363638
193.979000, 3.242914, -2.131954, -1.363637
194.075000, 3.242914, -2.131954, -1.363635
194.186000, 3.242914, -2.131954, -1.363632
194.287000, 3.242914, -2.131954, -1.363629
194.391000, 3.242914, -2.131954, -1.363628
194.488000, 3.242914, -2.131954, -1.363623
194.586000, 3.242914, -2.131954, -1.363622
194.670000, 3.242914, -2.131954, -1.363618
194.783000, 3.242914, -2.131954, -1.363614
194.880000, 3.242914, -2.131954, -1.363614
194.976000, 3.242914, -2.131954, -1.363610
195.074000, 3.242914, -2.131954, -1.363607
195.174000, 3.242914, -2.131954, -1.363606
195.270000, 3.242914, -2.131954, -1.363604
195.386000, 3.242914, -2.131954, -1.363601
195.474000, 3.242914, -2.131954, -1.363598
195.578000, 3.242914, -2.131954, -1.363595
195.684000, 3.242914, -2.131954, -1.363592
195.777000, 3.242914, -2.131954, -1.363589
195.878000, 3.242914, -2.131954, -1.363587
195.977000, 3.242914, -2.131954, -1.363586
196.084000, 3.242914, -2.131954, -1.363583
196.173000, 3.242914, -2.131954, -1.363579
196.271000, 3.242914, -2.131954, -1.363577
196.379000, 3.242914, -2.131954, -1.363573
196.487000, 3.242914, -2.131954, -1.363570
196.583000, 3.242914, -2.131954, -1.363567
196.678000, 3.242914, -2.131954, -1.363566
196.771000, 3.242914, -2.131954, -1.363562
196.882000, 3.242914, -2.131954, -1.363560
196.970000, 3.242914, -2.131954, -1.363557
197.077000, 3.242914, -2.131954, -1.363556
197.183000, 3.242914, -2.131954, -1.363556
197.283000, 3.242914, -2.131954, -1.363554
197.383000, 3.242914, -2.131954, -1.363550
197.482000, 3.242914, -2.131954, -1.363548
197.584000, 3.242914, -2.131954, -1.363546
197.677000, 3.242914, -2.131954, -1.363544
197.787000, 3.242914, -2.131954, -1.363541
197.878000, 3.242914, -2.131954, -1.363539
197.987000, 3.242914, -2.131954, -1.363538
198.084000, 3.242914, -2.131954, -1.363536
198.174000, 3.242914, -2.131954, -1.363533
198.274000, 3.242914, -2.131954, -1.363530
198.378000, 3.242914, -2.131954, -1.363529
198.473000, 3.242914, -2.131954, -1.363526
198.584000, 3.242914, -2.131954, -1.363523
198.673000, 3.242914, -2.131954, -1.363521
198.781000, 3.242914, -2.131954, -1.363519
198.886000, 3.242914, -2.131954, -1.363516
198.972000, 3.242914, -2.131954, -1.363515
199.087000, 3.242914, -2.131954, -1.363512
199.180000, 3.242914, -2.131954, -1.363511
199.282000, 3.242914, -2.131954, -1.363509
199.382000, 3.242914, -2.131954, -1.363506
199.475000, 3.242914, -2.131954, -1.363502
199.569000, 3.242914, -2.131954, -1.363502
199.678000, 3.242914, -2.131954, -1.363500
199.781000, 3.242914, -2.131954, -1.363497
199.872000, 3.242914, -2.131954, -1.363494
199.980000, 3.242914, -2.131954, -1.363492
200.074000, 3.242914, -2.131954, -1.363490
200.176000, 3.242914, -2.131954, -1.363486
200.276000, 3.242914, -2.131954, -1.363483
200.372000, 3.242914, -2.131954, -1.363482
200.484000, 3.242914, -2.131954, -1.363478
200.587000, 3.242914, -2.131954, -1.363475
200.684000, 3.242914, -2.131954, -1.363472
200.777000, 3.242914, -2.131954, -1.363470
200.885000, 3.242914, -2.131954, -1.363468
200.985000, 3.242914, -2.131954, -1.363465
201.078000, 3.242914, -2.131954, -1.363464
201.175000, 3.242914, -2.131954, -1.363461
201.278000, 3.242914, -2.131954, -1.363458
201.365000, 3.242914, -2.131954, -1.363455
201.482000, 3.242914, -2.131954, -1.363452
201.578000, 3.242914, -2.131954, -1.363451
201.688000, 3.242914, -2.131954, -1.363448
201.783000, 3.242914, -2.131954, -1.363445
201.883000, 3.242914, -2.131954, -1.363441
201.984000, 3.242914, -2.131954, -1.363440
202.078000, 3.242914, -2.131954, -1.363437
202.174000, 3.242914, -2.131954, -1.363435
202.276000, 3.242914, -2.131954, -1.363433
202.376000, 3.242914, -2.131954, -1.363431
202.477000, 3.242914, -2.131954, -1.363428
202.586000, 3.242914, -2.131954, -1.363425
202.682000, 3.242914, -2.131954, -1.363423
202.777000, 3.242914, -2.131954, -1.363423
202.886000, 3.242914, -2.131954, -1.363421
202.988000, 3.242914, -2.131954, -1.363417
203.073000, 3.242914, -2.131954, -1.363416
203.188000, 3.242914, -2.131954, -1.363413
203.282000, 3.242914, -2.131954, -1.363411
203.383000, 3.242914, -2.131954, -1.363408
203.484000, 3.242914, -2.131954, -1.363407
203.572000, 3.242914, -2.131954, -1.363406
203.676000, 3.242914, -2.131954, -1.363404
203.778000, 3.242914, -2.131954, -1.363401
203.886000, 3.242914, -2.131954, -1.363400
203.978000, 3.242914, -2.131954, -1.363398
204.074000, 3.242914, -2.131954, -1.363395
204.187000, 3.242914, -2.131954, -1.363393
204.278000, 3.242914, -2.131954, -1.363390
204.379000, 3.242914, -2.131954, -1.363387
204.480000, 3.242914, -2.131954, -1.363385
204.579000, 3.242914, -2.131954, -1.363383
204.674000, 3.242914, -2.131954, -1.363381
204.784000, 3.242914, -2.131954, -1.363378
204.879000, 3.242914, -2.131954, -1.363375
204.980000, 3.242914, -2.131954, -1.363373
205.086000, 3.242914, -2.131954, -1.363371
205.172000, 3.242914, -2.131954, -1.363368
205.268000, 3.242914, -2.131954, -1.363367
205.385000, 3.242914, -2.131954, -1.363364
205.473000, 3.242914, -2.131954, -1.363362
205.578000, 3.242914, -2.131954, -1.363359
205.675000, 3.242914, -2.131954, -1.363357
205.788000, 3.242914, -2.131954, -1.363354
205.881000, 3.242914, -2.131954, -1.363351
205.976000, 3.242914, -2.131954, -1.363350
206.075000, 3.242914, -2.131954, -1.363348
206.174000, 3.242914, -2.131954, -1.363345
206.287000, 3.242914, -2.131954, -1.363345
206.380000, 3.242914, -2.131954, -1.363343
206.481000, 3.242914, -2.131954, -1.363342
206.591000, 3.242914, -2.131954, -1.363340
206.686000, 3.242914, -2.131954, -1.363337
206.770000, 3.242914, -2.131954, -1.363335
206.876000, 3.242914, -2.131954, -1.363333
206.988000, 3.242914, -2.131954, -1.363329
207.085000, 3.242914, -2.131954, -1.363328
207.183000, 3.242914, -2.131954, -1.363325
207.276000, 3.242914, -2.131954, -1.363321
207.377000, 3.242914, -2.131954, -1.363319
207.474000, 3.242914, -2.131954, -1.363318
207.586000, 3.242914, -2.131954, -1.363314
207.675000, 3.242914, -2.131954, -1.363312
207.784000, 3.242914, -2.131954, -1.363308
207.881000, 3.242914, -2.131954, -1.363307
207.984000, 3.242914, -2.131954, -1.363305
208.077000, 3.242914, -2.131954, -1.363302
208.176000, 3.242914, -2.131954, -1.363299
208.281000, 3.242914, -2.131954, -1.363296
208.385000, 3.242914, -2.131954, -1.363294
208.479000, 3.242914, -2.131954, -1.363291
208.579000, 3.242914, -2.131954, -1.363288
208.685000, 3.242914, -2.131954, -1.363288
208.773000, 3.242914, -2.131954, -1.363287
208.884000, 3.242914, -2.131954, -1.363284
208.978000, 3.242914, -2.131954, -1.363281
209.071000, 3.242914, -2.131954, -1.363280
209.188000, 3.242914, -2.131954, -1.363277
209.274000, 3.242914, -2.131954, -1.363275
209.387000, 3.242914, -2.131954, -1.363271
209.475000, 3.242914, -2.131954, -1.363268
209.584000, 3.242914, -2.131954, -1.363267
209.673000, 3.242914, -2.131954, -1.363266
209.773000, 3.242914, -2.131954, -1.363262
209.881000, 3.242914, -2.131954, -1.363259
209.971000, 3.242914, -2.131954, -1.363257
210.079000, 3.242914, -2.131954, -1.363253
210.186000, 3.242914, -2.131954, -1.363252
210.282000, 3.242914, -2.131954, -1.363249
210.380000, 3.242914, -2.131954, -1.363247
210.482000, 3.242914, -2.131954, -1.363244
210.583000, 3.242914, -2.131954, -1.363241
210.682000, 3.242914, -2.131954, -1.363237
210.780000, 3.242914, -2.131954, -1.363234
210.886000, 3.242914, -2.131954, -1.363231
210.983000, 3.242914, -2.131954, -1.363231
211.077000, 3.242914, -2.131954, -1.363230
211.181000, 3.242914, -2.131954, -1.363229
211.287000, 3.242914, -2.131954, -1.363226
211.388000, 3.242914, -2.131954, -1.363224
211.488000, 3.242914, -2.131954, -1.363220
211.583000, 3.242914, -2.131954, -1.363219
211.669000, 3.242914, -2.131954, -1.363219
211.773000, 3.242914, -2.131954, -1.363216
211.879000, 3.242914, -2.131954, -1.363214
211.978000, 3.242914, -2.131954, -1.363212
212.086000, 3.242914, -2.131954, -1.363211
212.177000, 3.242914, -2.131954, -1.363209
212.283000, 3.242914, -2.131954, -1.363205
212.374000, 3.242914, -2.131954, -1.363203
212.488000, 3.242914, -2.131954, -1.363201
212.588000, 3.242914, -2.131954, -1.363200
212.678000, 3.242914, -2.131954, -1.363197
212.787000, 3.242914, -2.131954, -1.363194
212.877000, 3.242914, -2.131954, -1.363193
212.979000, 3.242914, -2.131954, -1.363187
213.075000, 3.242914, -2.131954, -1.363185
213.172000, 3.242914, -2.131954, -1.363183
213.282000, 3.242914, -2.131954, -1.363181
213.377000, 3.242914, -2.131954, -1.363178
213.473000, 3.242914, -2.131954, -1.363177
213.587000, 3.242914, -2.131954, -1.363174
213.687000, 3.242914, -2.131954, -1.363172
213.775000, 3.242914, -2.131954, -1.363171
213.872000, 3.242914, -2.131954, -1.363169
213.979000, 3.242914, -2.131954, -1.363166
214.073000, 3.242914, -2.131954, -1.363162
214.186000, 3.242914, -2.131954, -1.363161
214.288000, 3.242914, -2.131954, -1.363159
214.378000, 3.242914, -2.131954, -1.363156
214.477000, 3.242914, -2.131954, -1.363153
214.582000, 3.242914, -2.131954, -1.363151
214.684000, 3.242914, -2.131954, -1.363149
214.773000, 3.242914, -2.131954, -1.363145
214.870000, 3.242914, -2.131954, -1.363143
214.977000, 3.242914, -2.131954, -1.363139
215.074000, 3.242914, -2.131954, -1.363138
215.183000, 3.242914, -2.131954, -1.363136
215.280000, 3.242914, -2.131954, -1.363133
215.384000, 3.242914, -2.131954, -1.363130
215.486000, 3.242914, -2.131954, -1.363128
215.586000, 3.242914, -2.131954, -1.363126
215.679000, 3.242914, -2.131954, -1.363125
215.770000, 3.242914, -2.131954, -1.363122
215.872000, 3.242914, -2.131954, -1.363121
215.988000, 3.242914, -2.131954, -1.363118
216.081000, 3.242914, -2.131954, -1.363116
216.180000, 3.242914, -2.131954, -1.363112
216.286000, 3.242914, -2.131954, -1.363110
216.384000, 3.242914, -2.131954, -1.363110
216.476000, 3.242914, -2.131954, -1.363107
216.583000, 3.242914, -2.131954, -1.363104
216.687000, 3.242914, -2.131954, -1.363103
216.770000, 3.242914, -2.131954, -1.363102
216.881000, 3.242914, -2.131954, -1.363098
216.984000, 3.242914, -2.131954, -1.363096
217.070000, 3.242914, -2.131954, -1.363093
217.179000, 3.242914, -2.131954, -1.363089
217.279000, 3.242914, -2.131954, -1.363088
217.385000, 3.242914, -2.131954, -1.363087
217.484000, 3.242914, -2.131954, -1.363085
217.573000, 3.242914, -2.131954, -1.363081
217.679000, 3.242914, -2.131954, -1.363079
217.784000, 3.242914, -2.131954, -1.363076
217.882000, 3.242914, -2.131954, -1.363074
217.974000, 3.242914, -2.131954, -1.363072
218.086000, 3.242914, -2.131954, -1.363069
218.175000, 3.242914, -2.131954, -1.363067
218.281000, 3.242914, -2.131954, -1.363063
218.377000, 3.242914, -2.131954, -1.363060
218.480000, 3.242914, -2.131954, -1.363057
218.578000, 3.242914, -2.131954, -1.363053
218.680000, 3.242914, -2.131954, -1.363053
218.776000, 3.242914, -2.131954, -1.363049
218.879000, 3.242914, -2.131954, -1.363047
218.970000, 3.242914, -2.131954, -1.363044
219.087000, 3.242914, -2.131954, -1.363041
219.178000, 3.242914, -2.131954, -1.363040
219.276000, 3.242914, -2.131954, -1.363036
219.374000, 3.242914, -2.131954, -1.363033
219.483000, 3.242914, -2.131954, -1.363031
219.571000, 3.242914, -2.131954, -1.363029
219.676000, 3.242914, -2.131954, -1.363027
219.775000, 3.242914, -2.131954, -1.363024
219.878000, 3.242914, -2.131954, -1.363021
219.984000, 3.242914, -2.131954, -1.363018
220.082000, 3.242914, -2.131954, -1.363016
220.180000, 3.242914, -2.131954, -1.363012
220.285000, 3.242914, -2.131954, -1.363009
220.378000, 3.242914, -2.131954, -1.363008
220.488000, 3.242914, -2.131954, -1.363005
220.576000, 3.242914, -2.131954, -1.363002
220.678000, 3.242914, -2.131954, -1.362999
220.778000, 3.242914, -2.131954, -1.362996
220.876000, 3.242914, -2.131954, -1.362995
220.965000, 3.242914, -2.131954, -1.362993
221.077000, 3.242914, -2.131954, -1.362991
221.179000, 3.242914, -2.131954, -1.362988
221.284000, 3.242914, -2.131954, -1.362986
221.381000, 3.242914, -2.131954, -1.362985
221.487000, 3.242914, -2.131954, -1.362982
221.581000, 3.242914, -2.131954, -1.362979
221.684000, 3.242914, -2.131954, -1.362979
221.788000, 3.242914, -2.131954, -1.362978
221.886000, 3.242914, -2.131954, -1.362973
221.984000, 3.242914, -2.131954, -1.362970
222.084000, 3.242914, -2.131954, -1.362966
222.181000, 3.242914, -2.131954, -1.362964
222.281000, 3.242914, -2.131954, -1.362962
222.377000, 3.242914, -2.131954, -1.362959
222.480000, 3.242914, -2.131954, -1.362957
222.573000, 3.242914, -2.131954, -1.362953
222.672000, 3.242914, -2.131954, -1.362951
222.781000, 3.242914, -2.131954, -1.362946
222.876000, 3.242914, -2.131954, -1.362943
222.979000, 3.242914, -2.131954, -1.362942
223.087000, 3.242914, -2.131954, -1.362939
223.181000, 3.242914, -2.131954, -1.362937
223.277000, 3.242914, -2.131954, -1.362934
223.381000, 3.242914, -2.131954, -1.362931
223.482000, 3.242914, -2.131954, -1.362929
223.588000, 3.242914, -2.131954, -1.362927
223.682000, 3.242914, -2.131954, -1.362926
223.780000, 3.242914, -2.131954, -1.362924
223.879000, 3.242914, -2.131954, -1.362921
223.987000, 3.242914, -2.131954, -1.362918
224.070000, 3.242914, -2.131954, -1.362917
224.176000, 3.242914, -2.131954, -1.362914
224.279000, 3.242914, -2.131954, -1.362910
224.387000, 3.242914, -2.131954, -1.362907
224.487000, 3.242914, -2.131954, -1.362904
224.577000, 3.242914, -2.131954, -1.362903
224.683000, 3.242914, -2.131954, -1.362900
224.778000, 3.242914, -2.131954, -1.362897
224.876000, 3.242914, -2.131954, -1.362895
224.980000, 3.242914, -2.131954, -1.362894
225.080000, 3.242914, -2.131954, -1.362892
225.178000, 3.242914, -2.131954, -1.362889
225.288000, 3.242914, -2.131954, -1.362886
225.382000, 3.242914, -2.131954, -1.362884
225.474000, 3.242914, -2.131954, -1.362882
225.582000, 3.242914, -2.131954, -1.362878
225.683000, 3.242914, -2.131954, -1.362875
225.781000, 3.242914, -2.131954, -1.362872
225.883000, 3.242914, -2.131954, -1.362871
225.983000, 3.242914, -2.131954, -1.362868
226.078000, 3.242914, -2.131954, -1.362865
226.187000, 3.242914, -2.131954, -1.362862
226.288000, 3.242914, -2.131954, -1.362860
226.381000, 3.242914, -2.131954, -1.362858
226.476000, 3.242914, -2.131954, -1.362854
226.582000, 3.242914, -2.131954, -1.362850
226.681000, 3.242914, -2.131954, -1.362849
226.778000, 3.242914, -2.131954, -1.362847
226.879000, 3.242914, -2.131954, -1.362843
226.977000, 3.242914, -2.131954, -1.362842
227.078000, 3.242914, -2.131954, -1.362840
227.174000, 3.242914, -2.131954, -1.362836
227.273000, 3.242914, -2.131954, -1.362833
227.377000, 3.242914, -2.131954, -1.362831
227.482000, 3.242914, -2.131954, -1.362828
227.588000, 3.242914, -2.131954, -1.362825
227.683000, 3.242914, -2.131954, -1.362822
227.776000, 3.242914, -2.131954, -1.362819
227.887000, 3.242914, -2.131954, -1.362816
227.988000, 3.242914, -2.131954, -1.362814
228.083000, 3.242914, -2.131954, -1.362811
228.179000, 3.242914, -2.131954, -1.362806
228.284000, 3.242914, -2.131954, -1.362802
228.383000, 3.242914, -2.131954, -1.362800
228.487000, 3.242914, -2.131954, -1.362796
228.576000, 3.242914, -2.131954, -1.362794
228.680000, 3.242914, -2.131954, -1.362790
228.785000, 3.242914, -2.131954, -1.362789
228.886000, 3.242914, -2.131954, -1.362789
228.973000, 3.242914, -2.131954, -1.362786
229.074000, 3.242914, -2.131954, -1.362783
229.176000, 3.242914, -2.131954, -1.362782
229.286000, 3.242914, -2.131954, -1.362780
229.379000, 3.242914, -2.131954, -1.362777
229.476000, 3.242914, -2.131954, -1.362774
229.576000, 3.242914, -2.131954, -1.362771
229.674000, 3.242914, -2.131954, -1.362770
229.771000, 3.242914, -2.131954, -1.362767
229.867000, 3.242914, -2.131954, -1.362764
229.973000, 3.242914, -2.131954, -1.362762
230.086000, 3.242914, -2.131954, -1.362761
230.175000, 3.242914, -2.131954, -1.362760
230.288000, 3.242914, -2.131954, -1.362757
230.379000, 3.242914, -2.131954, -1.362756
230.488000, 3.242914, -2.131954, -1.362755
230.581000, 3.242914, -2.131954, -1.362752
230.683000, 3.242914, -2.131954, -1.362749
230.769000, 3.242914, -2.131954, -1.362746
230.881000, 3.242914, -2.131954, -1.362745
230.987000, 3.242914, -2.131954, -1.362742
231.084000, 3.242914, -2.131954, -1.362739
231.181000, 3.242914, -2.131954, -1.362737
231.280000, 3.242914, -2.131954, -1.362737
231.383000, 3.242914, -2.131954, -1.362734
231.477000, 3.242914, -2.131954, -1.362731
231.581000, 3.242914, -2.131954, -1.362730
231.677000, 3.242914, -2.131954, -1.362728
231.776000, 3.242914, -2.131954, -1.362726
231.873000, 3.242914, -2.131954, -1.362722
231.982000, 3.242914, -2.131954, -1.362719
232.079000, 3.242914, -2.131954, -1.362718
232.172000, 3.242914, -2.131954, -1.362715
232.284000, 3.242914, -2.131954, -1.362713
232.385000, 3.242914, -2.131954, -1.362710
232.481000, 3.242914, -2.131954, -1.362705
232.588000, 3.242914, -2.131954, -1.362703
232.678000, 3.242914, -2.131954, -1.362700
232.785000, 3.242914, -2.131954, -1.362697
232.882000, 3.242914, -2.131954, -1.362694
232.982000, 3.242914, -2.131954, -1.362692
233.075000, 3.242914, -2.131954, -1.362689
233.186000, 3.242914, -2.131954, -1.362686
233.283000, 3.242914, -2.131954, -1.362684
233.382000, 3.242914, -2.131954, -1.362682
233.481000, 3.242914, -2.131954, -1.362680
233.567000, 3.242914, -2.131954, -1.362678
233.670000, 3.242914, -2.131954, -1.362676
233.777000, 3.242914, -2.131954, -1.362674
233.888000, 3.242914, -2.131954, -1.362670
233.983000, 3.242914, -2.131954, -1.362668
234.085000, 3.242914, -2.131954, -1.362664
234.176000, 3.242914, -2.131954, -1.362663
234.262000, 3.242914, -2.131954, -1.362663
234.379000, 3.242914, -2.131954, -1.362662
234.464000, 3.242914, -2.131954, -1.362659
234.577000, 3.242914, -2.131954, -1.362657
234.683000, 3.242914, -2.131954, -1.362655
234.783000, 3.242914, -2.131954, -1.362653
234.882000, 3.242914, -2.131954, -1.362648
234.980000, 3.242914, -2.131954, -1.362646
235.071000, 3.242914, -2.131954, -1.362646
235.187000, 3.242914, -2.131954, -1.362644
235.281000, 3.242914, -2.131954, -1.362641
235.370000, 3.242914, -2.131954, -1.362640
235.482000, 3.242914, -2.131954, -1.362638
235.581000, 3.242914, -2.131954, -1.362636
235.679000, 3.242914, -2.131954, -1.362633
235.773000, 3.242914, -2.131954, -1.362630
235.882000, 3.242914, -2.131954, -1.362630
235.980000, 3.242914, -2.131954, -1.362627
236.073000, 3.242914, -2.131954, -1.362624
236.183000, 3.242914, -2.131954, -1.362622
236.284000, 3.242914, -2.131954, -1.362619
236.376000, 3.242914, -2.131954, -1.362618
236.486000, 3.242914, -2.131954, -1.362615
236.588000, 3.242914, -2.131954, -1.362612
236.677000, 3.242914, -2.131954, -1.362610
236.788000, 3.242914, -2.131954, -1.362607
236.877000, 3.242914, -2.131954, -1.362605
236.976000, 3.242914, -2.131954, -1.362601
237.072000, 3.242914, -2.131954, -1.362599
237.182000, 3.242914, -2.131954, -1.362595
237.287000, 3.242914, -2.131954, -1.362590
237.382000, 3.242914, -2.131954, -1.362588
237.485000, 3.242914, -2.131954, -1.362587
237.588000, 3.242914, -2.131954, -1.362584
237.679000, 3.242914, -2.131954, -1.362582
237.788000, 3.242914, -2.131954, -1.362580
237.881000, 3.242914, -2.131954, -1.362579
237.978000, 3.242914, -2.131954, -1.362576
238.073000, 3.242914, -2.131954, -1.362574
238.171000, 3.242914, -2.131954, -1.362572
238.277000, 3.242914, -2.131954, -1.362570
238.380000, 3.242914, -2.131954, -1.362567
238.476000, 3.242914, -2.131954, -1.362566
238.582000, 3.242914, -2.131954, -1.362562
238.684000, 3.242914, -2.131954, -1.362560
238.775000, 3.242914, -2.131954, -1.362559
238.873000, 3.242914, -2.131954, -1.362557
238.981000, 3.242914, -2.131954, -1.362555
239.083000, 3.242914, -2.131954, -1.362554
239.187000, 3.242914, -2.131954, -1.362552
239.278000, 3.242914, -2.131954, -1.362550
239.383000, 3.242914, -2.131954, -1.362545
239.482000, 3.242914, -2.131954, -1.362543
239.588000, 3.242914, -2.131954, -1.362542
239.686000, 3.242914, -2.131954, -1.362541
239.781000, 3.242914, -2.131954, -1.362539
239.878000, 3.242914, -2.131954, -1.362537
239.983000, 3.242914, -2.131954, -1.362536
240.071000, 3.242914, -2.131954, -1.362534
240.182000, 3.242914, -2.131954, -1.362530
240.275000, 3.242914, -2.131954, -1.362528
240.383000, 3.242914, -2.131954, -1.362525
240.483000, 3.242914, -2.131954, -1.362523
240.570000, 3.242914, -2.131954, -1.362520
240.682000, 3.242914, -2.131954, -1.362517
240.779000, 3.242914, -2.131954, -1.362515
240.874000, 3.242914, -2.131954, -1.362513
240.984000, 3.242914, -2.131954, -1.362513
241.077000, 3.242914, -2.131954, -1.362511
241.179000, 3.242914, -2.131954, -1.362508
241.277000, 3.242914, -2.131954, -1.362507
241.385000, 3.242914, -2.131954, -1.362504
241.487000, 3.242914, -2.131954, -1.362501
241.586000, 3.242914, -2.131954, -1.362497
241.685000, 3.242914, -2.131954, -1.362496
241.785000, 3.242914, -2.131954, -1.362494
241.878000, 3.242914, -2.131954, -1.362491
241.975000, 3.242914, -2.131954, -1.362489
242.076000, 3.242914, -2.131954, -1.362487
242.176000, 3.242914, -2.131954, -1.362484
242.288000, 3.242914, -2.131954, -1.362482
242.379000, 3.242914, -2.131954, -1.362480
242.477000, 3.242914, -2.131954, -1.362477
242.569000, 3.242914, -2.131954, -1.362476
242.683000, 3.242914, -2.131954, -1.362474
242.781000, 3.242914, -2.131954, -1.362471
242.886000, 3.242914, -2.131954, -1.362469
242.970000, 3.242914, -2.131954, -1.362466
243.071000, 3.242914, -2.131954, -1.362463
243.177000, 3.242914, -2.131954, -1.362461
243.281000, 3.242914, -2.131954, -1.362460
243.380000, 3.242914, -2.131954, -1.362457
243.474000, 3.242914, -2.131954, -1.362453
243.575000, 3.242914, -2.131954, -1.362452
243.685000, 3.242914, -2.131954, -1.362450
243.776000, 3.242914, -2.131954, -1.362447
243.883000, 3.242914, -2.131954, -1.362445
243.981000, 3.242914, -2.131954, -1.362443
244.072000, 3.242914, -2.131954, -1.362441
244.177000, 3.242914, -2.131954, -1.362439
244.278000, 3.242914, -2.131954, -1.362437
244.374000, 3.242914, -2.131954, -1.362435
244.487000, 3.242914, -2.131954, -1.362433
244.574000, 3.242914, -2.131954, -1.362431
244.677000, 3.242914, -2.131954, -1.362428
244.775000, 3.242914, -2.131954, -1.362427
244.875000, 3.242914, -2.131954, -1.362426
244.970000, 3.242914, -2.131954, -1.362423
245.077000, 3.242914, -2.131954, -1.362420
245.170000, 3.242914, -2.131954, -1.362419
245.277000, 3.242914, -2.131954, -1.362417
245.368000, 3.242914, -2.131954, -1.362416
245.481000, 3.242914, -2.131954, -1.362413
245.579000, 3.242914, -2.131954, -1.362412
245.677000, 3.242914, -2.131954, -1.362410
245.781000, 3.242914, -2.131954, -1.362409
245.868000, 3.242914, -2.131954, -1.362407
245.988000, 3.242914, -2.131954, -1.362403
246.077000, 3.242914, -2.131954, -1.362402
246.175000, 3.242914, -2.131954, -1.362401
246.275000, 3.242914, -2.131954, -1.362399
246.367000, 3.242914, -2.131954, -1.362397
246.486000, 3.242914, -2.131954, -1.362395
246.574000, 3.242914, -2.131954, -1.362393
246.685000, 3.242914, -2.131954, -1.362391
246.780000, 3.242914, -2.131954, -1.362389
246.883000, 3.242914, -2.131954, -1.362384
246.983000, 3.242914, -2.131954, -1.362383
247.072000, 3.242914, -2.131954, -1.362379
247.188000, 3.242914, -2.131954, -1.362377
247.286000, 3.242914, -2.131954, -1.362376
247.377000, 3.242914, -2.131954, -1.362376
247.483000, 3.242914, -2.131954, -1.362373
247.579000, 3.242914, -2.131954, -1.362371
247.681000, 3.242914, -2.131954, -1.362369
247.780000, 3.242914, -2.131954, -1.362365
247.877000, 3.242914, -2.131954, -1.362364
247.981000, 3.242914, -2.131954, -1.362363
248.080000, 3.242914, -2.131954, -1.362361
248.175000, 3.242914, -2.131954, -1.362357
248.275000, 3.242914, -2.131954, -1.362355
248.373000, 3.242914, -2.131954, -1.362354
248.486000, 3.242914, -2.131954, -1.362351
248.575000, 3.242914, -2.131954, -1.362349
248.679000, 3.242914, -2.131954, -1.362346
248.777000, 3.242914, -2.131954, -1.362344
248.883000, 3.242914, -2.131954, -1.362341
248.980000, 3.242914, -2.131954, -1.362338
249.083000, 3.242914, -2.131954, -1.362337
249.166000, 3.242914, -2.131954, -1.362336
249.279000, 3.242914, -2.131954, -1.362333
249.370000, 3.242914, -2.131954, -1.362330
249.477000, 3.242914, -2.131954, -1.362329
249.586000, 3.242914, -2.131954, -1.362326
249.684000, 3.242914, -2.131954, -1.362324
249.782000, 3.242914, -2.131954, -1.362322
249.884000, 3.242914, -2.131954, -1.362318
249.987000, 3.242914, -2.131954, -1.362316
250.076000, 3.242914, -2.131954, -1.362313
250.177000, 3.242914, -2.131954, -1.362312
250.288000, 3.242914, -2.131954, -1.362309
250.373000, 3.242914, -2.131954, -1.362307
250.482000, 3.242914, -2.131954, -1.362304
250.582000, 3.242914, -2.131954, -1.362301
250.677000, 3.242914, -2.131954, -1.362298
250.779000, 3.242914, -2.131954, -1.362296
250.887000, 3.242914, -2.131954, -1.362294
250.985000, 3.242914, -2.131954, -1.362290
251.086000, 3.242914, -2.131954, -1.362288
251.182000, 3.242914, -2.131954, -1.362286
251.279000, 3.242914, -2.131954, -1.362283
251.381000, 3.242914, -2.131954, -1.362280
251.479000, 3.242914, -2.131954, -1.362279
251.573000, 3.242914, -2.131954, -1.362277
251.688000, 3.242914, -2.131954, -1.362275
251.777000, 3.242914, -2.131954, -1.362273
251.885000, 3.242914, -2.131954, -1.362272
251.987000, 3.242914, -2.131954, -1.362270
252.077000, 3.242914, -2.131954, -1.362268
252.185000, 3.242914, -2.131954, -1.362267
252.272000, 3.242914, -2.131954, -1.362266
252.372000, 3.242914, -2.131954, -1.362264
252.486000, 3.242914, -2.131954, -1.362263
252.571000, 3.242914, -2.131954, -1.362259
252.678000, 3.242914, -2.131954, -1.362256
252.787000, 3.242914, -2.131954, -1.362254
252.877000, 3.242914, -2.131954, -1.362251
252.988000, 3.242914, -2.131954, -1.362248
253.084000, 3.242914, -2.131954, -1.362246
253.186000, 3.242914, -2.131954, -1.362244
253.276000, 3.242914, -2.131954, -1.362243
253.387000, 3.242914, -2.131954, -1.362240
253.484000, 3.242914, -2.131954, -1.362238
253.579000, 3.242914, -2.131954, -1.362236
253.681000, 3.242914, -2.131954, -1.362235
253.778000, 3.242914, -2.131954, -1.362231
253.873000, 3.242914, -2.131954, -1.362227
253.988000, 3.242914, -2.131954, -1.362225
254.075000, 3.242914, -2.131954, -1.362224
254.190000, 3.242914, -2.131954, -1.362221
254.275000, 3.242914, -2.131954, -1.362219
254.381000, 3.242914, -2.131954, -1.362217
254.480000, 3.242914, -2.131954, -1.362215
254.585000, 3.242914, -2.131954, -1.362213
254.686000, 3.242914, -2.131954, -1.362210
254.783000, 3.242914, -2.131954, -1.362207
254.879000, 3.242914, -2.131954, -1.362204
254.983000, 3.242914, -2.131954, -1.362203
255.067000, 3.242914, -2.131954, -1.362203
255.189000, 3.242914, -2.131954, -1.362199
255.280000, 3.242914, -2.131954, -1.362196
255.384000, 3.242914, -2.131954, -1.362194
255.486000, 3.242914, -2.131954, -1.362192
255.565000, 3.242914, -2.131954, -1.362191
255.685000, 3.242914, -2.131954, -1.362189
255.784000, 3.242914, -2.131954, -1.362186
255.871000, 3.242914, -2.131954, -1.362184
255.986000, 3.242914, -2.131954, -1.362182
256.085000, 3.242914, -2.131954, -1.362179
256.178000, 3.242914, -2.131954, -1.362176
256.280000, 3.242914, -2.131954, -1.362173
256.379000, 3.242914, -2.131954, -1.362170
256.487000, 3.242914, -2.131954, -1.362167
256.575000, 3.242914, -2.131954, -1.362165
256.685000, 3.242914, -2.131954, -1.362162
256.776000, 3.242914, -2.131954, -1.362161
256.884000, 3.242914, -2.131954, -1.362159
256.988000, 3.242914, -2.131954, -1.362156
257.082000, 3.242914, -2.131954, -1.362153
257.178000, 3.242914, -2.131954, -1.362150
257.276000, 3.242914, -2.131954, -1.362148
257.376000, 3.242914, -2.131954, -1.362144
257.475000, 3.242914, -2.131954, -1.362141
257.577000, 3.242914, -2.131954, -1.362139
257.688000, 3.242914, -2.131954, -1.362136
257.788000, 3.242914, -2.131954, -1.362132
257.875000, 3.242914, -2.131954, -1.362132
257.982000, 3.242914, -2.131954, -1.362131
258.085000, 3.242914, -2.131954, -1.362127
258.191000, 3.242914, -2.131954, -1.362124
258.285000, 3.242914, -2.131954, -1.362124
258.380000, 3.242914, -2.131954, -1.362122
258.473000, 3.242914, -2.131954, -1.362119
258.591000, 3.242914, -2.131954, -1.362116
258.678000, 3.242914, -2.131954, -1.362115
258.781000, 3.242914, -2.131954, -1.362115
258.888000, 3.242914, -2.131954, -1.362111
258.979000, 3.242914, -2.131954, -1.362109
259.088000, 3.242914, -2.131954, -1.362108
259.187000, 3.242914, -2.131954, -1.362104
259.279000, 3.242914, -2.131954, -1.362102
259.383000, 3.242914, -2.131954, -1.362100
259.482000, 3.242914, -2.131954, -1.362098
