129.482000, -nan, -nan, -nan
129.585000, 0.011657, -0.016467, -0.011947
129.684000, 0.011657, -0.016467, -0.011944
129.767000, 0.011657, -0.016467, -0.011944
129.878000, 0.011657, -0.016467, -0.011941
129.988000, 0.011657, -0.016467, -0.011938
130.087000, 0.011657, -0.016467, -0.011936
130.183000, 0.011657, -0.016467, -0.011934
130.285000, 0.011657, -0.016467, -0.011930
130.382000, 0.011657, -0.016467, -0.011928
130.486000, 0.011657, -0.016467, -0.011927
130.578000, 0.011657, -0.016467, -0.011926
130.676000, 0.011657, -0.016467, -0.011921
130.784000, 0.011657, -0.016467, -0.011918
130.885000, 0.011657, -0.016467, -0.011917
130.987000, 0.011657, -0.016467, -0.011915
131.081000, 0.011657, -0.016467, -0.011911
131.178000, 0.011657, -0.016467, -0.011908
131.265000, 0.011657, -0.016467, -0.011907
131.377000, 0.011657, -0.016467, -0.011904
131.474000, 0.011657, -0.016467, -0.011902
131.584000, 0.011657, -0.016467, -0.011900
131.682000, 0.011657, -0.016467, -0.011899
131.787000, 0.011657, -0.016467, -0.011895
131.886000, 0.011657, -0.016467, -0.011893
131.977000, 0.011657, -0.016467, -0.011892
132.071000, 0.011657, -0.016467, -0.011890
132.188000, 0.011657, -0.016467, -0.011886
132.286000, 0.011657, -0.016467, -0.011884
132.370000, 0.011657, -0.016467, -0.011883
132.472000, 0.011657, -0.016467, -0.011880
132.583000, 0.011657, -0.016467, -0.011876
132.688000, 0.011657, -0.016467, -0.011874
132.781000, 0.011657, -0.016467, -0.011873
132.878000, 0.011657, -0.016467, -0.011870
132.982000, 0.011657, -0.016467, -0.011867
133.085000, 0.011657, -0.016467, -0.011865
133.186000, 0.011657, -0.016467, -0.011863
133.281000, 0.011657, -0.016467, -0.011859
133.374000, 0.011657, -0.016467, -0.011857
133.481000, 0.011657, -0.016467, -0.011855
133.586000, 0.011657, -0.016467, -0.011852
133.684000, 0.011657, -0.016467, -0.011849
133.758000, 0.011657, -0.016467, -0.011849
133.869000, 0.011657, -0.016467, -0.011846
133.985000, 0.011657, -0.016467, -0.011843
134.064000, 0.011657, -0.016467, -0.011841
134.180000, 0.011657, -0.016467, -0.011838
134.285000, 0.011657, -0.016467, -0.011835
134.379000, 0.011657, -0.016467, -0.011832
134.483000, 0.011657, -0.016467, -0.011829
134.582000, 0.011657, -0.016467, -0.011828
134.687000, 0.011657, -0.016467, -0.011824
134.778000, 0.011657, -0.016467, -0.011820
134.883000, 0.011657, -0.016467, -0.011818
134.976000, 0.011657, -0.016467, -0.011817
135.084000, 0.011657, -0.016467, -0.011812
135.181000, 0.011657, -0.016467, -0.011810
135.282000, 0.011657, -0.016467, -0.011809
135.379000, 0.011657, -0.016467, -0.011807
135.480000, 0.011657, -0.016467, -0.011802
135.585000, 0.011657, -0.016467, -0.011801
135.673000, 0.011657, -0.016467, -0.011800
135.788000, 0.011657, -0.016467, -0.011798
135.882000, 0.011657, -0.016467, -0.011796
135.980000, 0.011657, -0.016467, -0.011793
136.084000, 0.011657, -0.016467, -0.011791
136.181000, 0.011657, -0.016467, -0.011788
136.285000, 0.011657, -0.016467, -0.011786
136.374000, 0.011657, -0.016467, -0.011785
136.486000, 0.011657, -0.016467, -0.011782
136.573000, 0.011657, -0.016467, -0.011779
136.679000, 0.011657, -0.016467, -0.011776
136.782000, 0.011657, -0.016467, -0.011775
136.882000, 0.011657, -0.016467, -0.011771
136.967000, 0.011657, -0.016467, -0.011768
137.084000, 0.011657, -0.016467, -0.011767
137.174000, 0.011657, -0.016467, -0.011766
137.277000, 0.011657, -0.016467, -0.011763
137.382000, 0.011657, -0.016467, -0.011759
137.488000, 0.011657, -0.016467, -0.011757
137.573000, 0.011657, -0.016467, -0.011755
137.684000, 0.011657, -0.016467, -0.011751
137.783000, 0.011657, -0.016467, -0.011748
137.864000, 0.011657, -0.016467, -0.011746
137.986000, 0.011657, -0.016467, -0.011743
138.080000, 0.011657, -0.016467, -0.011741
138.183000, 0.011657, -0.016467, -0.011738
138.276000, 0.011657, -0.016467, -0.011735
138.386000, 0.011657, -0.016467, -0.011732
138.458000, 0.011657, -0.016467, -0.011731
138.579000, 0.011657, -0.016467, -0.011728
138.662000, 0.011657, -0.016467, -0.011725
138.787000, 0.011657, -0.016467, -0.011722
138.872000, 0.011657, -0.016467, -0.011721
138.981000, 0.011657, -0.016467, -0.011718
139.076000, 0.011657, -0.016467, -0.011716
139.133000, 0.011657, -0.016467, -0.011714
139.266000, 0.011657, -0.016467, -0.011710
139.383000, 0.011657, -0.016467, -0.011708
139.476000, 0.011657, -0.016467, -0.011707
139.581000, 0.011657, -0.016467, -0.011704
139.678000, 0.011657, -0.016467, -0.011702
139.773000, 0.011657, -0.016467, -0.011702
139.875000, 0.011657, -0.016467, -0.011699
139.972000, 0.011657, -0.016467, -0.011696
140.075000, 0.011657, -0.016467, -0.011694
140.180000, 0.011657, -0.016467, -0.011692
140.281000, 0.011657, -0.016467, -0.011688
140.378000, 0.011657, -0.016467, -0.011686
140.482000, 0.011657, -0.016467, -0.011684
140.578000, 0.011657, -0.016467, -0.011682
140.680000, 0.011657, -0.016467, -0.011677
140.783000, 0.011657, -0.016467, -0.011675
140.861000, 0.011657, -0.016467, -0.011674
140.988000, 0.011657, -0.016467, -0.011670
141.077000, 0.014019, -0.016496, -0.012925
141.189000, 0.025793, -0.016693, -0.019604
141.282000, 0.042514, -0.017061, -0.023908
141.382000, 0.062507, -0.017571, -0.026750
141.487000, 0.083499, -0.018160, -0.029843
141.586000, 0.103289, -0.018787, -0.033532
141.640000, 0.114082, -0.019163, -0.037553
141.788000, 0.143635, -0.020791, -0.078162
141.878000, 0.161553, -0.022499, -0.111111
141.986000, 0.182972, -0.025282, -0.147240
142.068000, 0.200153, -0.029641, -0.180681
142.187000, 0.220744, -0.033763, -0.215984
142.282000, 0.239818, -0.038269, -0.246303
142.387000, 0.259537, -0.043495, -0.270758
142.482000, 0.277796, -0.048749, -0.288643
142.581000, 0.297303, -0.054716, -0.304765
142.681000, 0.315958, -0.060728, -0.318495
142.784000, 0.335484, -0.067293, -0.329066
142.882000, 0.353817, -0.073637, -0.337671
142.980000, 0.372279, -0.080220, -0.348175
143.076000, 0.391964, -0.087533, -0.362887
143.171000, 0.420930, -0.084553, -0.375975
143.286000, 0.439310, -0.091915, -0.384864
143.382000, 0.457075, -0.099197, -0.395168
143.483000, 0.475669, -0.107091, -0.406712
143.587000, 0.494730, -0.115416, -0.417282
143.686000, 0.512795, -0.123520, -0.425011
143.780000, 0.529900, -0.131322, -0.431233
143.887000, 0.549308, -0.140339, -0.438305
143.984000, 0.567214, -0.148788, -0.443095
144.076000, 0.583471, -0.156516, -0.442509
144.188000, 0.603729, -0.166076, -0.440694
144.284000, 0.621092, -0.174270, -0.440967
144.388000, 0.652636, -0.182700, -0.439683
144.478000, 0.668569, -0.190176, -0.437311
144.582000, 0.688518, -0.199453, -0.432826
144.683000, 0.706155, -0.207532, -0.424959
144.756000, 0.721857, -0.214553, -0.415563
144.881000, 0.742042, -0.223302, -0.399454
144.984000, 0.761188, -0.230900, -0.356324
145.087000, 0.780640, -0.237675, -0.311438
145.182000, 0.799041, -0.243151, -0.267752
145.272000, 0.820473, -0.244059, -0.232531
145.385000, 0.842358, -0.248827, -0.194837
145.484000, 0.861845, -0.252332, -0.162825
145.584000, 0.881620, -0.255317, -0.137800
145.681000, 0.900863, -0.257777, -0.116745
145.786000, 0.921745, -0.260001, -0.095660
145.879000, 0.940274, -0.261625, -0.080303
145.983000, 0.961218, -0.263145, -0.063073
146.086000, 0.981588, -0.264258, -0.048107
146.174000, 0.999571, -0.265038, -0.038406
146.277000, 1.021912, -0.265822, -0.023780
146.384000, 1.043309, -0.266175, -0.009586
146.475000, 1.061909, -0.266248, 0.001854
146.586000, 1.083708, -0.266078, 0.014323
146.686000, 1.103704, -0.265674, 0.025748
146.788000, 1.124094, -0.265045, 0.035600
146.879000, 1.142280, -0.264328, 0.042935
146.977000, 1.161859, -0.263411, 0.052013
147.076000, 1.181625, -0.262268, 0.063247
147.188000, 1.203972, -0.260727, 0.074018
147.286000, 1.257790, -0.258232, 0.086476
147.370000, 1.274919, -0.256671, 0.094924
147.476000, 1.296213, -0.254547, 0.103563
147.584000, 1.317092, -0.252295, 0.111838
147.668000, 1.334573, -0.250254, 0.121910
147.776000, 1.355198, -0.247566, 0.138743
147.883000, 1.376361, -0.244391, 0.159741
147.975000, 1.395089, -0.241187, 0.179816
148.074000, 1.413941, -0.237553, 0.201599
148.182000, 1.435047, -0.232961, 0.227540
148.271000, 1.452724, -0.228631, 0.250062
148.376000, 1.472637, -0.223358, 0.268096
148.478000, 1.489168, -0.213644, 0.289644
148.585000, 1.509571, -0.207192, 0.324614
148.683000, 1.528035, -0.200620, 0.359996
148.771000, 1.544403, -0.194154, 0.393256
148.886000, 1.560424, -0.187177, 0.428597
148.975000, 1.568316, -0.183515, 0.438715
149.079000, 1.580420, -0.177767, 0.447611
149.187000, 1.597228, -0.169514, 0.470248
149.275000, 1.559758, -0.158423, 0.495245
149.373000, 1.574255, -0.150285, 0.528906
149.471000, 1.589068, -0.141302, 0.556177
149.586000, 1.607336, -0.129777, 0.564847
149.676000, 1.622705, -0.120028, 0.566893
149.782000, 1.640589, -0.108644, 0.561969
149.887000, 1.658307, -0.097749, 0.540079
149.983000, 1.675035, -0.087924, 0.523862
150.087000, 1.692963, -0.077779, 0.502017
150.184000, 1.710253, -0.068549, 0.481135
150.287000, 1.728406, -0.059241, 0.467661
150.375000, 1.744870, -0.051026, 0.458222
150.483000, 1.761854, -0.043177, 0.450513
150.573000, 1.774252, -0.037232, 0.441161
150.688000, 1.788216, -0.030798, 0.425562
150.782000, 1.804233, -0.023641, 0.410932
150.875000, 1.821368, -0.016407, 0.388218
150.979000, 1.840902, -0.008699, 0.362858
151.066000, 1.857422, -0.002628, 0.341600
151.188000, 1.880141, 0.005104, 0.314809
151.294000, 1.900368, 0.011451, 0.293482
151.375000, 1.915912, 0.016016, 0.277738
151.477000, 1.909953, 0.024290, 0.257589
151.579000, 1.928173, 0.028922, 0.240470
151.675000, 1.947051, 0.033389, 0.224540
151.787000, 1.968538, 0.038111, 0.208416
151.883000, 1.987546, 0.041994, 0.194111
151.981000, 2.006608, 0.045599, 0.179953
152.081000, 2.026508, 0.049065, 0.163488
152.183000, 2.046665, 0.052200, 0.145421
152.275000, 2.064890, 0.054730, 0.130738
152.387000, 2.086923, 0.057447, 0.115000
152.485000, 2.107204, 0.059647, 0.100544
152.585000, 2.126316, 0.061480, 0.094204
152.682000, 2.155913, 0.064869, 0.082022
152.773000, 2.173872, 0.066069, 0.047694
152.886000, 2.196464, 0.066548, -0.006280
152.975000, 2.214456, 0.066061, -0.047137
153.081000, 2.235404, 0.064600, -0.092557
153.170000, 2.220475, 0.060451, -0.128045
153.277000, 2.243604, 0.056917, -0.173073
153.381000, 2.262265, 0.053344, -0.205950
153.485000, 2.282355, 0.048792, -0.237842
153.574000, 2.299602, 0.044395, -0.261725
153.678000, 2.319610, 0.038711, -0.294315
153.772000, 2.339405, 0.032327, -0.327756
153.873000, 2.343310, 0.029614, -0.344478
153.981000, 2.363550, 0.022072, -0.368668
154.081000, 2.382129, 0.014670, -0.389342
154.186000, 2.401474, 0.006499, -0.410213
154.282000, 2.419189, -0.001407, -0.429164
154.379000, 2.436819, -0.009504, -0.431288
154.484000, 2.455701, -0.018228, -0.435650
154.572000, 2.471635, -0.025703, -0.442112
154.678000, 2.491120, -0.035024, -0.449954
154.777000, 2.509274, -0.043881, -0.459184
154.887000, 2.528230, -0.053374, -0.468114
154.985000, 2.541240, -0.064655, -0.473444
155.079000, 2.558829, -0.073747, -0.482807
155.177000, 2.575438, -0.082556, -0.490572
155.275000, 2.592700, -0.091838, -0.497538
155.386000, 2.611978, -0.102438, -0.507928
155.487000, 2.629606, -0.112302, -0.512447
155.581000, 2.645970, -0.121557, -0.516686
155.684000, 2.663853, -0.131783, -0.523510
155.791000, 2.682333, -0.142573, -0.534031
155.887000, 2.698820, -0.152413, -0.541056
155.985000, 2.715586, -0.162565, -0.549111
156.080000, 2.731913, -0.172668, -0.559664
156.182000, 2.700255, -0.185998, -0.568865
156.285000, 2.717544, -0.197199, -0.582236
156.381000, 2.733514, -0.207857, -0.592772
156.482000, 2.750392, -0.219315, -0.600506
156.584000, 2.767017, -0.230788, -0.606354
156.675000, 2.782602, -0.241655, -0.613560
156.788000, 2.800349, -0.254316, -0.625447
156.883000, 2.815689, -0.265526, -0.638828
156.986000, 2.832272, -0.278082, -0.656992
157.079000, 2.846899, -0.289571, -0.676682
157.185000, 2.863571, -0.303304, -0.700263
157.283000, 2.877989, -0.315677, -0.717991
157.387000, 2.893524, -0.329509, -0.737541
157.475000, 2.905184, -0.343387, -0.755583
157.577000, 2.919172, -0.356830, -0.775211
157.674000, 2.933039, -0.370680, -0.795005
157.783000, 2.947994, -0.386265, -0.816744
157.879000, 2.961007, -0.400383, -0.836087
157.970000, 2.973081, -0.414001, -0.854531
158.083000, 2.987859, -0.431362, -0.877350
158.177000, 2.999593, -0.445761, -0.898232
158.281000, 3.006550, -0.454666, -0.917507
158.389000, 3.014677, -0.465445, -0.931575
158.481000, 3.018826, -0.471096, -0.952791
158.586000, 3.027413, -0.467365, -1.001664
158.683000, 3.027413, -0.467365, -1.052804
158.767000, 3.027413, -0.467365, -1.103451
158.878000, 3.027413, -0.467365, -1.164415
158.985000, 3.032871, -0.462063, -1.220114
159.073000, 3.032871, -0.462063, -1.264454
159.175000, 3.032871, -0.462063, -1.311549
159.274000, 3.032871, -0.462063, -1.353700
159.379000, 3.032871, -0.462063, -1.399814
159.483000, 3.063696, -0.459498, -1.451327
159.569000, 3.063696, -0.459498, -1.512483
159.673000, 3.063696, -0.459498, -1.576291
159.772000, 3.083194, -0.456846, -1.641458
159.877000, 3.083194, -0.456846, -1.710475
159.976000, 3.083194, -0.456846, -1.776167
160.079000, 3.121300, -0.453629, -1.842754
160.176000, 3.121300, -0.453629, -1.905852
160.288000, 3.121300, -0.453629, -1.980149
160.385000, 3.121300, -0.453629, -2.042864
160.483000, 3.100639, -0.455302, -2.104608
160.588000, 3.100639, -0.455302, -2.173695
160.671000, 3.100639, -0.455302, -2.228231
160.782000, 3.118322, -0.447242, -2.301123
160.886000, 3.118322, -0.447242, -2.369551
160.978000, 3.118322, -0.447242, -2.430202
161.073000, 3.118322, -0.447242, -2.497927
161.176000, 3.122742, -0.448781, -2.559773
161.282000, 3.122742, -0.448781, -2.629551
161.375000, 3.122742, -0.448781, -2.691420
161.481000, 3.123041, -0.447575, -2.760929
161.581000, 3.123041, -0.447575, -2.826741
161.684000, 3.123041, -0.447575, -2.896410
161.785000, 3.123041, -0.447575, -2.960782
161.870000, 3.124283, -0.448047, -3.014109
161.978000, 3.124283, -0.448047, -3.085199
162.082000, 3.124283, -0.448047, 3.127787
162.181000, 3.117961, -0.448590, 3.063252
162.286000, 3.117961, -0.448590, 2.995460
162.380000, 3.117961, -0.448590, 2.931697
162.482000, 3.116393, -0.449544, 2.865686
162.584000, 3.116393, -0.449544, 2.798537
162.683000, 3.116393, -0.449544, 2.733508
162.781000, 3.116393, -0.449544, 2.669084
162.875000, 3.115721, -0.455723, 2.605626
162.974000, 3.110317, -0.452250, 2.540493
163.079000, 3.103343, -0.447094, 2.471407
163.174000, 3.089345, -0.441028, 2.402170
163.275000, 3.083010, -0.434890, 2.341672
163.374000, 3.076300, -0.427506, 2.274602
163.479000, 3.063879, -0.415732, 2.211646
163.581000, 3.053498, -0.400774, 2.142591
163.687000, 3.044257, -0.385287, 2.074407
163.784000, 3.036683, -0.370463, 2.011177
163.876000, 3.033538, -0.354895, 1.950334
163.967000, 3.027297, -0.337801, 1.890620
164.073000, 3.021330, -0.317463, 1.821136
164.186000, 3.016319, -0.293059, 1.747407
164.276000, 3.013676, -0.275257, 1.688255
164.371000, 3.012339, -0.260570, 1.626353
164.482000, 3.012138, -0.254674, 1.552525
164.572000, 3.018911, -0.258849, 1.490122
164.675000, 3.018911, -0.258849, 1.425054
164.781000, 3.018911, -0.258849, 1.352636
164.882000, 3.022213, -0.262694, 1.286711
164.969000, 3.022213, -0.262694, 1.228223
165.082000, 3.022213, -0.262694, 1.156539
165.186000, 3.016322, -0.267046, 1.085524
165.274000, 3.016322, -0.267046, 1.026303
165.380000, 3.016322, -0.267046, 0.957297
165.480000, 3.016322, -0.267046, 0.892099
165.586000, 3.018484, -0.269693, 0.820773
165.680000, 3.018484, -0.269693, 0.759552
165.784000, 3.018484, -0.269693, 0.691165
165.871000, 3.013508, -0.273477, 0.630974
165.978000, 3.013508, -0.273477, 0.558561
166.076000, 3.013508, -0.273477, 0.496588
166.181000, 3.021626, -0.279517, 0.424902
166.274000, 3.021626, -0.279517, 0.362254
166.376000, 3.021626, -0.279517, 0.296564
166.474000, 3.021626, -0.279517, 0.232136
166.587000, 3.016835, -0.277122, 0.159244
166.685000, 3.016835, -0.277122, 0.094130
166.781000, 3.016835, -0.277122, 0.031623
166.876000, 3.019135, -0.277152, -0.031448
166.985000, 3.034001, -0.281329, -0.103805
167.077000, 3.048179, -0.283268, -0.164091
167.169000, 3.067011, -0.286992, -0.227040
167.277000, 3.085881, -0.292956, -0.297235
167.386000, 3.106294, -0.300004, -0.368366
167.485000, 3.124524, -0.307724, -0.433371
167.579000, 3.142318, -0.313624, -0.495242
167.683000, 3.160101, -0.324015, -0.563011
167.771000, 3.174707, -0.333829, -0.620908
167.880000, 3.187963, -0.343900, -0.681060
167.974000, 3.195188, -0.349913, -0.699749
168.083000, 3.206057, -0.359050, -0.695555
168.177000, 3.219975, -0.370387, -0.667821
168.282000, 3.236745, -0.383023, -0.622625
168.377000, 3.252235, -0.393675, -0.582222
168.475000, 3.268820, -0.404117, -0.541569
168.581000, 3.287562, -0.414851, -0.498743
168.671000, 3.303157, -0.423009, -0.465237
168.782000, 3.323734, -0.432823, -0.425915
168.874000, 3.340044, -0.439953, -0.398458
168.981000, 3.356196, -0.449759, -0.366497
169.075000, 3.373653, -0.456178, -0.339094
169.186000, 3.394691, -0.463263, -0.310828
169.271000, 3.411694, -0.468527, -0.289869
169.387000, 3.433240, -0.474653, -0.263394
169.476000, 3.450474, -0.479105, -0.242370
169.584000, 3.471697, -0.484084, -0.218763
169.678000, 3.489892, -0.487942, -0.198556
169.774000, 3.508753, -0.491532, -0.177829
169.881000, 3.533230, -0.491703, -0.153152
169.988000, 3.554215, -0.494711, -0.132645
170.079000, 3.572274, -0.496975, -0.116326
170.170000, 3.590766, -0.498975, -0.098987
170.276000, 3.611481, -0.500847, -0.080801
170.388000, 3.633825, -0.502422, -0.059370
170.486000, 3.653600, -0.503409, -0.040586
170.581000, 3.672390, -0.504019, -0.024473
170.681000, 3.692587, -0.504343, -0.007008
170.779000, 3.711987, -0.504326, 0.006867
170.883000, 3.730645, -0.499384, 0.022632
170.984000, 3.750835, -0.498748, 0.040062
171.075000, 3.769014, -0.497882, 0.055691
171.185000, 3.790967, -0.496447, 0.074559
171.287000, 3.811297, -0.494768, 0.089974
171.381000, 3.830210, -0.492948, 0.099274
171.478000, 3.849313, -0.491025, 0.100938
171.586000, 3.870802, -0.488838, 0.102050
171.680000, 3.889498, -0.486865, 0.111824
171.782000, 3.909752, -0.484423, 0.126120
171.880000, 3.924279, -0.482532, 0.131417
171.966000, 3.932905, -0.481401, 0.129306
172.078000, 3.943415, -0.483126, 0.132316
172.182000, 3.948900, -0.482369, 0.155389
172.280000, 3.948900, -0.482369, 0.195739
172.375000, 3.948900, -0.482369, 0.242030
172.470000, 3.948347, -0.482285, 0.308999
172.578000, 3.948347, -0.482285, 0.375437
172.686000, 3.948347, -0.482285, 0.445844
172.786000, 3.948347, -0.482285, 0.512274
172.886000, 3.949541, -0.482382, 0.578083
172.979000, 3.949541, -0.482382, 0.639218
173.086000, 3.949541, -0.482382, 0.709548
173.185000, 3.948046, -0.480755, 0.773752
173.278000, 3.948046, -0.480755, 0.835025
173.383000, 3.948046, -0.480755, 0.904685
173.481000, 3.948813, -0.479633, 0.970772
173.573000, 3.948813, -0.479633, 1.033912
173.685000, 3.948813, -0.479633, 1.104987
173.775000, 3.948813, -0.479633, 1.164184
173.885000, 3.943034, -0.475727, 1.237974
173.985000, 3.943034, -0.475727, 1.301707
174.086000, 3.943034, -0.475727, 1.368199
174.185000, 3.942534, -0.469156, 1.433523
174.285000, 3.942534, -0.469156, 1.499333
174.382000, 3.942534, -0.469156, 1.563176
174.475000, 3.942534, -0.469156, 1.624462
174.582000, 3.939498, -0.467301, 1.679513
174.673000, 3.939498, -0.467301, 1.678659
174.772000, 3.939498, -0.467301, 1.678663
174.873000, 3.939498, -0.467301, 1.678665
174.979000, 3.939498, -0.467301, 1.678667
175.087000, 3.939498, -0.467301, 1.678669
175.175000, 3.939498, -0.467301, 1.678673
175.272000, 3.939498, -0.467301, 1.678675
175.378000, 3.939498, -0.467301, 1.678679
175.474000, 3.939498, -0.467301, 1.678683
175.587000, 3.939498, -0.467301, 1.678685
175.674000, 3.939498, -0.467301, 1.678688
175.777000, 3.939498, -0.467301, 1.678689
175.863000, 3.939498, -0.467301, 1.678692
175.980000, 3.939498, -0.467301, 1.678694
176.072000, 3.939498, -0.467301, 1.678695
176.177000, 3.939498, -0.467301, 1.678698
176.287000, 3.939498, -0.467301, 1.678702
176.384000, 3.939498, -0.467301, 1.678704
176.483000, 3.939498, -0.467301, 1.678708
176.579000, 3.939157, -0.464245, 1.685289
176.685000, 3.938591, -0.459707, 1.721880
176.778000, 3.938591, -0.459707, 1.779289
176.880000, 3.937941, -0.457215, 1.845744
176.982000, 3.938771, -0.446955, 1.919347
177.069000, 3.935064, -0.437535, 1.972631
177.169000, 3.929579, -0.425751, 2.040936
177.281000, 3.921692, -0.410556, 2.114515
177.381000, 3.911139, -0.394282, 2.178329
177.487000, 3.898444, -0.377308, 2.248313
177.582000, 3.885948, -0.362736, 2.311729
177.678000, 3.873609, -0.349406, 2.373911
177.788000, 3.857399, -0.334836, 2.445615
177.882000, 3.842612, -0.323232, 2.507497
177.979000, 3.824692, -0.312939, 2.579299
178.067000, 3.811288, -0.304961, 2.630664
178.179000, 3.791367, -0.294729, 2.704257
178.285000, 3.767131, -0.285889, 2.771775
178.375000, 3.750179, -0.279843, 2.827172
178.486000, 3.728851, -0.273696, 2.893886
178.587000, 3.709143, -0.269276, 2.946533
178.682000, 3.690030, -0.265963, 2.993883
178.778000, 3.672301, -0.263458, 3.038010
178.870000, 3.653172, -0.261827, 3.075798
178.970000, 3.633794, -0.260927, 3.115342
179.087000, 3.610596, -0.260854, -3.122690
179.186000, 3.590610, -0.261582, -3.088697
179.278000, 3.572450, -0.262786, -3.062896
179.379000, 3.552152, -0.264699, -3.039052
179.475000, 3.533073, -0.266849, -3.019919
179.584000, 3.511463, -0.269718, -2.999131
179.675000, 3.493667, -0.272421, -2.980840
179.778000, 3.470822, -0.276459, -2.953748
179.883000, 3.452781, -0.280071, -2.933606
179.973000, 3.434622, -0.284097, -2.913399
180.078000, 3.414800, -0.288917, -2.894005
180.178000, 3.395439, -0.293934, -2.882393
180.281000, 3.375558, -0.299327, -2.870554
180.379000, 3.356714, -0.304718, -2.852269
180.474000, 3.337046, -0.310841, -2.826666
180.583000, 3.322058, -0.313745, -2.800337
180.685000, 3.309829, -0.318155, -2.790864
180.773000, 3.299629, -0.321927, -2.784074
180.879000, 3.287234, -0.326610, -2.776597
180.985000, 3.274900, -0.331448, -2.757315
181.086000, 3.263357, -0.336245, -2.739210
181.184000, 3.252123, -0.341129, -2.723598
181.285000, 3.244902, -0.344404, -2.696206
181.365000, 3.244243, -0.344725, -2.652303
181.479000, 3.240732, -0.344581, -2.574962
181.577000, 3.240732, -0.344581, -2.510463
181.687000, 3.240732, -0.344581, -2.438161
181.768000, 3.240732, -0.344581, -2.397473
181.879000, 3.240732, -0.344581, -2.396378
181.980000, 3.240732, -0.344581, -2.396376
182.081000, 3.240732, -0.344581, -2.396375
182.182000, 3.240732, -0.344581, -2.396372
182.282000, 3.240732, -0.344581, -2.396369
182.387000, 3.240732, -0.344581, -2.396366
182.484000, 3.240732, -0.344581, -2.396363
182.567000, 3.240732, -0.344581, -2.396361
182.685000, 3.240732, -0.344581, -2.396359
182.781000, 3.240732, -0.344581, -2.396356
182.886000, 3.240732, -0.344581, -2.396353
182.982000, 3.240732, -0.344581, -2.396351
183.085000, 3.240732, -0.344581, -2.396349
183.180000, 3.240732, -0.344581, -2.396346
183.277000, 3.240732, -0.344581, -2.396343
183.382000, 3.240732, -0.344581, -2.396341
183.475000, 3.240732, -0.344581, -2.396338
183.578000, 3.240732, -0.344581, -2.396335
183.683000, 3.240732, -0.344581, -2.396333
183.784000, 3.240732, -0.344581, -2.396331
183.880000, 3.240732, -0.344581, -2.396328
183.975000, 3.240732, -0.344581, -2.396327
184.077000, 3.240732, -0.344581, -2.396322
184.172000, 3.240732, -0.344581, -2.396319
184.287000, 3.240732, -0.344581, -2.396317
184.377000, 3.240732, -0.344581, -2.396315
184.477000, 3.240732, -0.344581, -2.396311
184.580000, 3.238560, -0.346596, -2.390055
184.688000, 3.232398, -0.348593, -2.356867
184.786000, 3.232398, -0.348593, -2.298598
184.868000, 3.232398, -0.348593, -2.244069
184.983000, 3.228001, -0.346006, -2.168162
185.075000, 3.224396, -0.351740, -2.101203
185.177000, 3.219601, -0.360614, -2.038790
185.280000, 3.210655, -0.372718, -1.972008
185.380000, 3.205251, -0.386708, -1.906215
185.474000, 3.201061, -0.400011, -1.845013
185.586000, 3.196495, -0.419042, -1.771433
185.681000, 3.195009, -0.438678, -1.709559
185.788000, 3.192790, -0.459958, -1.639245
185.877000, 3.192083, -0.478141, -1.579347
185.983000, 3.192531, -0.499762, -1.512992
186.077000, 3.194409, -0.520272, -1.445324
186.180000, 3.197519, -0.539823, -1.380059
186.282000, 3.204330, -0.557173, -1.316138
186.376000, 3.209620, -0.575210, -1.254136
186.477000, 3.216612, -0.594370, -1.186936
186.578000, 3.224788, -0.612838, -1.120455
186.676000, 3.230446, -0.629218, -1.054911
186.777000, 3.241092, -0.646616, -0.987680
186.881000, 3.252997, -0.663423, -0.921970
186.976000, 3.262637, -0.676866, -0.863834
187.082000, 3.277046, -0.692683, -0.800585
187.186000, 3.291664, -0.706909, -0.742502
187.280000, 3.305826, -0.719270, -0.693389
187.385000, 3.324070, -0.733622, -0.646815
187.475000, 3.338626, -0.744209, -0.610865
187.577000, 3.356067, -0.755903, -0.570441
187.687000, 3.374286, -0.767127, -0.535836
187.774000, 3.389360, -0.775817, -0.508619
187.879000, 3.408049, -0.785822, -0.475468
187.987000, 3.427219, -0.795333, -0.445860
188.081000, 3.447208, -0.804368, -0.423200
188.184000, 3.466094, -0.812592, -0.398446
188.274000, 3.482752, -0.819412, -0.379532
188.377000, 3.502517, -0.827077, -0.359798
188.486000, 3.522435, -0.834338, -0.339047
188.568000, 3.538326, -0.839787, -0.321831
188.673000, 3.558500, -0.846303, -0.305023
188.771000, 3.578182, -0.852382, -0.294408
188.870000, 3.596965, -0.857981, -0.284543
188.980000, 3.616768, -0.863658, -0.274961
189.071000, 3.634682, -0.868662, -0.270186
189.181000, 3.654222, -0.872289, -0.264687
189.288000, 3.674886, -0.877853, -0.260889
189.380000, 3.692671, -0.882569, -0.257822
189.484000, 3.712792, -0.887841, -0.254248
189.577000, 3.730996, -0.892538, -0.251074
189.685000, 3.751730, -0.897833, -0.249724
189.785000, 3.771113, -0.902762, -0.247025
189.877000, 3.790131, -0.907504, -0.241235
189.980000, 3.808983, -0.912083, -0.235612
190.078000, 3.828053, -0.916609, -0.229987
190.186000, 3.849296, -0.921507, -0.223693
190.273000, 3.867617, -0.925561, -0.219076
190.378000, 3.888129, -0.930058, -0.212908
190.483000, 3.908668, -0.934438, -0.206841
190.575000, 3.928055, -0.938461, -0.204423
190.679000, 3.947047, -0.942415, -0.206041
190.779000, 3.966626, -0.946497, -0.203805
190.876000, 3.985632, -0.950389, -0.201375
190.980000, 4.006014, -0.954539, -0.199018
191.087000, 4.027003, -0.958712, -0.192963
191.186000, 4.046641, -0.962497, -0.189073
191.275000, 4.063930, -0.965791, -0.187110
191.379000, 4.084569, -0.969672, -0.185903
191.488000, 4.110631, -0.976688, -0.184665
191.568000, 4.126361, -0.979616, -0.184314
191.679000, 4.148181, -0.983703, -0.185597
191.778000, 4.168230, -0.987474, -0.186712
191.884000, 4.188468, -0.991319, -0.188986
191.979000, 4.207125, -0.994910, -0.187958
192.076000, 4.227180, -0.998650, -0.181148
192.164000, 4.240095, -1.000987, -0.176496
192.276000, 4.250830, -1.002878, -0.172667
192.387000, 4.261767, -1.004770, -0.169849
192.480000, 4.270936, -1.006326, -0.166725
192.572000, 4.280011, -1.007840, -0.163499
192.684000, 4.291065, -1.009639, -0.159494
192.778000, 4.300348, -1.011118, -0.156250
192.888000, 4.312849, -1.012732, -0.153920
192.975000, 4.321448, -1.014054, -0.150824
193.077000, 4.331832, -1.015610, -0.147061
193.184000, 4.336432, -1.016288, -0.145235
193.279000, 4.336432, -1.016288, -0.145246
193.368000, 4.336432, -1.016288, -0.145243
193.476000, 4.336432, -1.016288, -0.145239
193.573000, 4.336432, -1.016288, -0.145237
193.676000, 4.336432, -1.016288, -0.145233
193.777000, 4.336432, -1.016288, -0.145229
193.880000, 4.336432, -1.016288, -0.145228
193.975000, 4.336432, -1.016288, -0.145227
194.074000, 4.336432, -1.016288, -0.145225
194.185000, 4.336432, -1.016288, -0.145221
194.281000, 4.336432, -1.016288, -0.145220
194.377000, 4.336432, -1.016288, -0.145218
194.469000, 4.336432, -1.016288, -0.145215
194.586000, 4.336432, -1.016288, -0.145213
194.688000, 4.336432, -1.016288, -0.145212
194.782000, 4.336432, -1.016288, -0.145208
194.874000, 4.336432, -1.016288, -0.145205
194.987000, 4.336432, -1.016288, -0.145202
195.085000, 4.336432, -1.016288, -0.145200
195.187000, 4.336432, -1.016288, -0.145198
195.285000, 4.336432, -1.016288, -0.145196
195.376000, 4.336432, -1.016288, -0.145194
195.481000, 4.336432, -1.016288, -0.145191
195.576000, 4.336432, -1.016288, -0.145189
195.686000, 4.336432, -1.016288, -0.145186
195.777000, 4.336432, -1.016288, -0.145182
195.882000, 4.336432, -1.016288, -0.145181
195.977000, 4.336432, -1.016288, -0.145178
196.085000, 4.336432, -1.016288, -0.145174
196.173000, 4.336432, -1.016288, -0.145172
196.275000, 4.336432, -1.016288, -0.145169
196.380000, 4.336432, -1.016288, -0.145164
196.487000, 4.336432, -1.016288, -0.145158
196.583000, 4.336432, -1.016288, -0.145154
196.678000, 4.336432, -1.016288, -0.145152
196.771000, 4.336432, -1.016288, -0.145149
196.874000, 4.336432, -1.016288, -0.145146
196.976000, 4.336432, -1.016288, -0.145144
197.072000, 4.336432, -1.016288, -0.145142
197.178000, 4.336432, -1.016288, -0.145138
197.283000, 4.336432, -1.016288, -0.145134
197.383000, 4.336432, -1.016288, -0.145134
197.482000, 4.336432, -1.016288, -0.145132
197.584000, 4.336432, -1.016288, -0.145129
197.677000, 4.336432, -1.016288, -0.145127
197.788000, 4.336432, -1.016288, -0.145126
197.883000, 4.336432, -1.016288, -0.145122
197.979000, 4.336432, -1.016288, -0.145118
198.076000, 4.336432, -1.016288, -0.145115
198.179000, 4.336432, -1.016288, -0.145113
198.281000, 4.336432, -1.016288, -0.145112
198.386000, 4.336432, -1.016288, -0.145109
198.480000, 4.336432, -1.016288, -0.145106
198.586000, 4.336432, -1.016288, -0.145104
198.677000, 4.336432, -1.016288, -0.145103
198.781000, 4.336432, -1.016288, -0.145099
198.873000, 4.336432, -1.016288, -0.145095
198.977000, 4.336432, -1.016288, -0.145093
199.074000, 4.336432, -1.016288, -0.145092
199.185000, 4.336432, -1.016288, -0.145088
199.285000, 4.336432, -1.016288, -0.145083
199.373000, 4.336432, -1.016288, -0.145081
199.475000, 4.336432, -1.016288, -0.145078
199.569000, 4.336432, -1.016288, -0.145074
199.678000, 4.336432, -1.016288, -0.145070
199.781000, 4.336432, -1.016288, -0.145068
199.869000, 4.336432, -1.016288, -0.145068
199.980000, 4.336432, -1.016288, -0.145064
200.084000, 4.336432, -1.016288, -0.145061
200.180000, 4.336432, -1.016288, -0.145058
200.278000, 4.336432, -1.016288, -0.145057
200.382000, 4.336432, -1.016288, -0.145055
200.470000, 4.336432, -1.016288, -0.145051
200.580000, 4.336432, -1.016288, -0.145047
200.681000, 4.336432, -1.016288, -0.145044
200.788000, 4.336432, -1.016288, -0.145041
200.885000, 4.336432, -1.016288, -0.145038
200.983000, 4.336432, -1.016288, -0.145035
201.087000, 4.336432, -1.016288, -0.145033
201.179000, 4.336432, -1.016288, -0.145030
201.288000, 4.336432, -1.016288, -0.145027
201.373000, 4.336432, -1.016288, -0.145025
201.485000, 4.336432, -1.016288, -0.145023
201.578000, 4.336432, -1.016288, -0.145019
201.688000, 4.336432, -1.016288, -0.145017
201.782000, 4.336432, -1.016288, -0.145015
201.880000, 4.336432, -1.016288, -0.145013
201.984000, 4.336432, -1.016288, -0.145009
202.087000, 4.336432, -1.016288, -0.145005
202.177000, 4.336432, -1.016288, -0.145002
202.281000, 4.336432, -1.016288, -0.145000
202.378000, 4.336432, -1.016288, -0.144997
202.485000, 4.336432, -1.016288, -0.144994
202.577000, 4.336432, -1.016288, -0.144989
202.689000, 4.336432, -1.016288, -0.144985
202.780000, 4.336432, -1.016288, -0.144983
202.886000, 4.336432, -1.016288, -0.144981
202.987000, 4.336432, -1.016288, -0.144978
203.072000, 4.336432, -1.016288, -0.144976
203.172000, 4.336432, -1.016288, -0.144972
203.275000, 4.336432, -1.016288, -0.144968
203.379000, 4.336432, -1.016288, -0.144964
203.480000, 4.336432, -1.016288, -0.144962
203.582000, 4.336432, -1.016288, -0.144958
203.679000, 4.336432, -1.016288, -0.144956
203.765000, 4.336432, -1.016288, -0.144955
203.879000, 4.336432, -1.016288, -0.144952
203.985000, 4.336432, -1.016288, -0.144950
204.085000, 4.336432, -1.016288, -0.144946
204.182000, 4.336432, -1.016288, -0.144946
204.281000, 4.336432, -1.016288, -0.144945
204.387000, 4.336432, -1.016288, -0.144942
204.480000, 4.339511, -1.016742, -0.148372
204.581000, 4.343714, -1.017389, -0.169906
204.676000, 4.343714, -1.017389, -0.219440
204.774000, 4.343714, -1.017389, -0.285659
204.877000, 4.346152, -1.016581, -0.351963
204.976000, 4.347835, -1.017221, -0.416988
205.081000, 4.347835, -1.017221, -0.487373
205.172000, 4.347835, -1.017221, -0.548500
205.286000, 4.348479, -1.018293, -0.622305
205.379000, 4.348479, -1.018293, -0.683468
205.477000, 4.348479, -1.018293, -0.747955
205.586000, 4.348479, -1.018293, -0.819665
205.677000, 4.339119, -1.016178, -0.880598
205.775000, 4.339119, -1.016178, -0.945147
205.881000, 4.339119, -1.016178, -1.014902
205.975000, 4.338983, -1.018413, -1.075541
206.085000, 4.342444, -1.025513, -1.153289
206.175000, 4.343132, -1.027095, -1.207053
206.285000, 4.345539, -1.031072, -1.284178
206.380000, 4.345936, -1.032467, -1.346552
206.481000, 4.346441, -1.035271, -1.414185
206.578000, 4.344067, -1.039706, -1.476711
206.685000, 4.344295, -1.042471, -1.546895
206.766000, 4.344295, -1.042471, -1.600768
206.876000, 4.344295, -1.042471, -1.673076
206.988000, 4.338061, -1.036943, -1.745127
207.080000, 4.338061, -1.036943, -1.806979
207.172000, 4.337430, -1.039167, -1.866026
207.276000, 4.338375, -1.048828, -1.941038
207.386000, 4.334961, -1.056787, -2.009406
207.487000, 4.330777, -1.064993, -2.075032
207.582000, 4.326125, -1.072834, -2.137622
207.679000, 4.323856, -1.074055, -2.200599
207.788000, 4.321942, -1.076429, -2.272203
207.879000, 4.321029, -1.077491, -2.332064
207.985000, 4.319921, -1.080404, -2.401752
208.077000, 4.315287, -1.084370, -2.461544
208.176000, 4.312990, -1.086181, -2.526559
208.282000, 4.312210, -1.087224, -2.597473
208.386000, 4.312210, -1.087224, -2.665173
208.479000, 4.309420, -1.088517, -2.726858
208.579000, 4.299663, -1.092390, -2.792520
208.685000, 4.281188, -1.098209, -2.861439
208.779000, 4.261997, -1.103067, -2.926449
208.878000, 4.243519, -1.106517, -2.988259
208.982000, 4.221389, -1.111351, -3.054648
209.080000, 4.201022, -1.112447, -3.121741
209.177000, 4.182426, -1.112253, 3.100255
209.281000, 4.165518, -1.111909, 3.031776
209.376000, 4.146708, -1.109246, 2.969392
209.479000, 4.126353, -1.104990, 2.900940
209.584000, 4.106330, -1.099369, 2.835671
209.671000, 4.087383, -1.092326, 2.786542
209.779000, 4.067535, -1.084333, 2.729113
209.887000, 4.048177, -1.075214, 2.677282
209.988000, 4.030305, -1.065804, 2.636664
210.085000, 4.013324, -1.056016, 2.602479
210.183000, 3.997034, -1.045429, 2.572669
210.283000, 3.980350, -1.034402, 2.544388
210.380000, 3.963944, -1.022964, 2.521341
210.475000, 3.948914, -1.012008, 2.503032
210.576000, 3.932954, -0.999955, 2.486754
210.677000, 3.917016, -0.987544, 2.475247
210.773000, 3.901964, -0.975624, 2.467851
210.883000, 3.884833, -0.961821, 2.459292
210.982000, 3.869500, -0.949294, 2.455070
211.075000, 3.855121, -0.937495, 2.454128
211.180000, 3.838886, -0.924175, 2.456312
211.280000, 3.823373, -0.911552, 2.460428
211.381000, 3.807502, -0.898735, 2.464532
211.486000, 3.789522, -0.886168, 2.471060
211.582000, 3.774609, -0.874395, 2.476805
211.669000, 3.760082, -0.863101, 2.485168
211.773000, 3.743858, -0.850735, 2.496032
211.879000, 3.727173, -0.838316, 2.507080
211.976000, 3.711497, -0.826886, 2.515750
212.082000, 3.694412, -0.814677, 2.528884
212.184000, 3.677629, -0.803080, 2.544714
212.280000, 3.661671, -0.792404, 2.559745
212.376000, 3.644538, -0.781330, 2.575519
212.477000, 3.628431, -0.771253, 2.590163
212.584000, 3.610104, -0.760204, 2.608517
212.685000, 3.592618, -0.750092, 2.625798
212.778000, 3.575218, -0.743360, 2.642917
212.866000, 3.559875, -0.735154, 2.657769
212.971000, 3.541203, -0.725544, 2.675422
213.068000, 3.523800, -0.716970, 2.691953
213.168000, 3.505722, -0.708417, 2.706408
213.274000, 3.485898, -0.699348, 2.719251
213.377000, 3.467419, -0.691189, 2.732870
213.473000, 3.449936, -0.683751, 2.745610
213.587000, 3.428836, -0.675111, 2.760873
213.686000, 3.410406, -0.667876, 2.773877
213.773000, 3.393950, -0.661635, 2.784007
213.872000, 3.373717, -0.658536, 2.798965
213.978000, 3.353894, -0.651605, 2.811196
214.073000, 3.335889, -0.645535, 2.822159
214.186000, 3.314386, -0.638582, 2.835152
214.278000, 3.296815, -0.633120, 2.845757
214.372000, 3.278802, -0.627739, 2.856563
214.470000, 3.259773, -0.622267, 2.866298
214.577000, 3.238767, -0.616438, 2.875127
214.687000, 3.218096, -0.610899, 2.885862
214.777000, 3.200658, -0.606437, 2.896014
214.868000, 3.182789, -0.602051, 2.906354
214.977000, 3.158447, -0.601145, 2.921309
215.074000, 3.138127, -0.596706, 2.931375
215.183000, 3.118352, -0.592582, 2.941158
215.282000, 3.098930, -0.588735, 2.950588
215.385000, 3.078677, -0.584969, 2.968787
215.488000, 3.058352, -0.581614, 2.983681
215.585000, 3.039182, -0.578637, 2.991015
215.678000, 3.020783, -0.575908, 2.998221
215.775000, 3.001374, -0.573185, 3.005882
215.877000, 2.980953, -0.570473, 3.013722
215.980000, 2.960908, -0.567976, 3.021216
216.088000, 2.939056, -0.565713, 3.026247
216.178000, 2.921169, -0.563704, 3.035250
216.282000, 2.900475, -0.561612, 3.044254
216.385000, 2.879968, -0.559647, 3.045789
216.480000, 2.861059, -0.557794, 3.041600
216.581000, 2.840965, -0.555731, 3.037355
216.680000, 2.821275, -0.553642, 3.034814
216.776000, 2.802186, -0.551583, 3.033959
216.886000, 2.780314, -0.549214, 3.032975
216.976000, 2.762223, -0.547223, 3.030602
217.075000, 2.741043, -0.541258, 3.027441
217.179000, 2.719984, -0.538813, 3.023139
217.279000, 2.700529, -0.536436, 3.017270
217.385000, 2.679302, -0.533721, 3.011012
217.484000, 2.659678, -0.531085, 3.005509
217.573000, 2.641848, -0.528614, 3.003225
217.678000, 2.621447, -0.525761, 3.000827
217.781000, 2.601058, -0.522822, 2.996435
217.882000, 2.581074, -0.519875, 2.994782
217.974000, 2.561884, -0.517027, 2.992452
218.065000, 2.548194, -0.515110, 2.987000
218.179000, 2.526070, -0.511608, 2.981691
218.286000, 2.504951, -0.508148, 2.977977
218.377000, 2.486995, -0.505177, 2.977556
218.483000, 2.466083, -0.501699, 2.974611
218.577000, 2.447551, -0.498535, 2.970728
218.680000, 2.427059, -0.494967, 2.968011
218.776000, 2.408346, -0.491678, 2.968492
218.882000, 2.387456, -0.488069, 2.973015
218.973000, 2.369507, -0.485054, 2.977003
219.087000, 2.347010, -0.481349, 2.978240
219.181000, 2.324636, -0.478394, 2.974900
219.275000, 2.306887, -0.475396, 2.977549
219.374000, 2.287330, -0.472308, 2.993273
219.479000, 2.266137, -0.469342, 3.011951
219.571000, 2.252464, -0.467665, 3.032308
219.672000, 2.246764, -0.467098, 3.071256
219.781000, 2.246764, -0.467098, 3.137148
219.878000, 2.249965, -0.470120, -3.079077
219.980000, 2.249965, -0.470120, -3.013915
220.081000, 2.249965, -0.470120, -2.948108
220.174000, 2.252738, -0.470072, -2.886853
220.285000, 2.252738, -0.470072, -2.813123
220.386000, 2.252738, -0.470072, -2.746700
220.487000, 2.252738, -0.470072, -2.681035
220.579000, 2.256800, -0.471129, -2.621844
220.686000, 2.256800, -0.471129, -2.550848
220.778000, 2.256800, -0.471129, -2.486510
220.879000, 2.257288, -0.472242, -2.422304
220.973000, 2.257288, -0.472242, -2.359855
221.086000, 2.257288, -0.472242, -2.288227
221.177000, 2.257288, -0.472242, -2.228381
221.281000, 2.251805, -0.472323, -2.159098
221.374000, 2.250572, -0.474352, -2.097756
221.483000, 2.249588, -0.476094, -2.025435
221.581000, 2.248801, -0.478100, -1.961989
221.684000, 2.248152, -0.479726, -1.893064
221.783000, 2.247443, -0.482214, -1.828487
221.886000, 2.245618, -0.483752, -1.760429
221.984000, 2.245202, -0.486609, -1.693906
222.084000, 2.245022, -0.488199, -1.627774
222.181000, 2.244979, -0.490811, -1.566537
222.281000, 2.243623, -0.497348, -1.498312
222.377000, 2.243815, -0.499665, -1.439031
222.480000, 2.244250, -0.502127, -1.377181
222.573000, 2.244668, -0.504134, -1.324703
222.672000, 2.240867, -0.505552, -1.269225
222.781000, 2.241498, -0.507502, -1.212375
222.877000, 2.242402, -0.509685, -1.164604
222.980000, 2.245202, -0.515744, -1.114848
223.087000, 2.249340, -0.523650, -1.064995
223.180000, 2.255280, -0.530516, -1.015942
223.277000, 2.260442, -0.538352, -0.962420
223.383000, 2.266558, -0.546614, -0.900490
223.484000, 2.273738, -0.551769, -0.835922
223.576000, 2.280044, -0.558400, -0.789048
223.682000, 2.287800, -0.565874, -0.744846
223.780000, 2.297146, -0.574146, -0.707871
223.879000, 2.311622, -0.586088, -0.673410
223.987000, 2.328744, -0.599255, -0.637024
224.075000, 2.345791, -0.608323, -0.610844
224.171000, 2.361469, -0.619055, -0.593142
224.280000, 2.379435, -0.631047, -0.586133
224.388000, 2.397447, -0.642969, -0.582837
224.471000, 2.412329, -0.652734, -0.577350
224.577000, 2.429293, -0.663700, -0.572531
224.683000, 2.446948, -0.675072, -0.571442
224.778000, 2.462936, -0.685337, -0.570539
224.883000, 2.480609, -0.696681, -0.571119
224.980000, 2.496924, -0.707177, -0.571870
225.079000, 2.513576, -0.717890, -0.571008
225.177000, 2.530073, -0.728472, -0.570084
225.288000, 2.548772, -0.739340, -0.572303
225.381000, 2.564406, -0.749416, -0.573121
225.474000, 2.580193, -0.759625, -0.575411
225.581000, 2.597961, -0.771190, -0.578084
225.682000, 2.614863, -0.782251, -0.582259
225.777000, 2.630874, -0.792847, -0.584930
225.879000, 2.647724, -0.803989, -0.583991
225.983000, 2.665079, -0.815454, -0.583141
226.073000, 2.680110, -0.825356, -0.582272
226.183000, 2.698480, -0.837462, -0.584537
226.284000, 2.715306, -0.848639, -0.586840
226.378000, 2.730958, -0.859053, -0.587706
226.467000, 2.743078, -0.868408, -0.588892
226.580000, 2.760541, -0.880072, -0.588887
226.681000, 2.777336, -0.891295, -0.589762
226.782000, 2.794620, -0.902867, -0.588807
226.881000, 2.810601, -0.913509, -0.586971
226.977000, 2.826754, -0.924253, -0.586964
227.091000, 2.845726, -0.936899, -0.590315
227.174000, 2.860832, -0.947050, -0.591963
227.272000, 2.875603, -0.956982, -0.591965
227.377000, 2.893030, -0.968700, -0.591961
227.482000, 2.910623, -0.980529, -0.591959
227.574000, 2.925724, -0.990687, -0.592671
227.683000, 2.943952, -1.003006, -0.597435
227.779000, 2.959868, -1.012892, -0.598292
227.875000, 2.975920, -1.023786, -0.595354
227.981000, 2.993305, -1.035566, -0.596137
228.079000, 3.009517, -1.046580, -0.596992
228.185000, 3.027216, -1.058611, -0.596991
228.276000, 3.042097, -1.068737, -0.599230
228.373000, 3.058095, -1.079712, -0.602063
228.479000, 3.075569, -1.091715, -0.601248
228.588000, 3.093550, -1.104042, -0.602101
228.676000, 3.108202, -1.114148, -0.605905
228.788000, 3.126419, -1.126836, -0.610457
228.877000, 3.141150, -1.137180, -0.614312
228.987000, 3.155500, -1.151994, -0.622583
229.067000, 3.168625, -1.161490, -0.629936
229.184000, 3.187323, -1.175224, -0.634677
229.287000, 3.203916, -1.187432, -0.633624
229.384000, 3.219557, -1.198909, -0.632754
229.477000, 3.234556, -1.209908, -0.632752
229.572000, 3.250015, -1.221295, -0.641265
229.687000, 3.263681, -1.231758, -0.676974
229.784000, 3.273647, -1.240162, -0.716501
229.867000, 3.286090, -1.251188, -0.729785
229.985000, 3.299928, -1.263541, -0.726079
230.086000, 3.313177, -1.275241, -0.721087
230.175000, 3.324892, -1.285504, -0.718069
230.288000, 3.339806, -1.298490, -0.714248
230.378000, 3.351740, -1.308768, -0.704954
230.486000, 3.366481, -1.323207, -0.689058
230.571000, 3.378022, -1.332592, -0.675073
230.677000, 3.392617, -1.344040, -0.655530
230.769000, 3.405453, -1.353758, -0.641534
230.880000, 3.421093, -1.365279, -0.628663
230.986000, 3.436165, -1.376093, -0.614607
231.080000, 3.450100, -1.385787, -0.602094
231.175000, 3.463410, -1.394845, -0.593315
231.284000, 3.479574, -1.405616, -0.580781
231.387000, 3.494411, -1.415222, -0.569570
231.483000, 3.508589, -1.424234, -0.563998
231.582000, 3.523403, -1.433550, -0.556493
231.677000, 3.537998, -1.442558, -0.553578
231.774000, 3.551807, -1.451170, -0.560757
231.872000, 3.564800, -1.458588, -0.572654
231.979000, 3.582729, -1.470632, -0.612157
232.076000, 3.598240, -1.481946, -0.648225
232.187000, 3.611086, -1.491979, -0.676967
232.282000, 3.618471, -1.497955, -0.681629
232.377000, 3.625761, -1.503890, -0.687062
232.467000, 3.633010, -1.509873, -0.688924
232.577000, 3.641295, -1.516645, -0.685711
232.675000, 3.650973, -1.524673, -0.700508
232.781000, 3.666134, -1.537793, -0.722800
232.873000, 3.676735, -1.547279, -0.741837
232.987000, 3.684906, -1.554938, -0.757686
233.080000, 3.691575, -1.561275, -0.764143
233.175000, 3.698554, -1.568012, -0.767492
233.286000, 3.706404, -1.575575, -0.770382
233.384000, 3.715689, -1.584709, -0.784822
233.474000, 3.726739, -1.595932, -0.796509
233.578000, 3.739704, -1.609199, -0.796024
233.671000, 3.750404, -1.622096, -0.799487
233.777000, 3.761621, -1.633715, -0.806591
233.888000, 3.772151, -1.644781, -0.817019
233.979000, 3.783510, -1.657216, -0.847321
234.085000, 3.797085, -1.673236, -0.886429
234.176000, 3.805517, -1.683874, -0.921568
234.262000, 3.810817, -1.691147, -0.960588
234.380000, 3.819864, -1.706729, -1.011755
234.464000, 3.828280, -1.720774, -1.049848
234.579000, 3.839026, -1.740653, -1.101514
234.687000, 3.848349, -1.760136, -1.144516
234.788000, 3.856345, -1.778684, -1.186313
234.871000, 3.862349, -1.794373, -1.224236
234.981000, 3.867815, -1.809414, -1.262586
235.072000, 3.870647, -1.818587, -1.279307
235.177000, 3.873448, -1.828186, -1.294303
235.288000, 3.877272, -1.842186, -1.314149
235.381000, 3.881554, -1.859539, -1.345501
235.486000, 3.885834, -1.880097, -1.386416
235.579000, 3.888944, -1.898637, -1.422700
235.673000, 3.891366, -1.917078, -1.458438
235.772000, 3.891081, -1.936282, -1.495951
235.882000, 3.892332, -1.958246, -1.530662
235.975000, 3.892847, -1.977638, -1.557717
236.083000, 3.892821, -1.999437, -1.586029
236.179000, 3.892322, -2.017630, -1.612613
236.277000, 3.891186, -2.037196, -1.645123
236.386000, 3.889165, -2.059303, -1.677611
236.479000, 3.886577, -2.078542, -1.701007
236.583000, 3.883620, -2.099130, -1.725725
236.674000, 3.880650, -2.116883, -1.748763
236.782000, 3.876525, -2.138085, -1.775927
236.883000, 3.872113, -2.158001, -1.804116
236.970000, 3.867913, -2.174680, -1.831551
237.084000, 3.861574, -2.196788, -1.868284
237.175000, 3.856010, -2.214116, -1.893026
237.277000, 3.854464, -2.232069, -1.915848
237.379000, 3.847319, -2.251176, -1.942809
237.485000, 3.839321, -2.270809, -1.972337
237.588000, 3.831145, -2.289498, -1.989568
237.679000, 3.823551, -2.306258, -2.007030
237.788000, 3.814175, -2.325716, -2.027703
237.881000, 3.805827, -2.342784, -2.023182
237.975000, 3.797618, -2.359697, -2.026344
238.088000, 3.787736, -2.379576, -2.036399
238.171000, 3.780076, -2.394753, -2.038165
238.274000, 3.770963, -2.412781, -2.044183
238.380000, 3.762589, -2.432140, -2.083245
238.481000, 3.752336, -2.449309, -2.135049
238.575000, 3.741583, -2.465454, -2.179193
238.677000, 3.729882, -2.481673, -2.205321
238.781000, 3.720548, -2.494266, -2.207993
238.879000, 3.713005, -2.504561, -2.201968
238.981000, 3.701391, -2.520157, -2.224304
239.083000, 3.688869, -2.535750, -2.270808
239.176000, 3.679518, -2.550185, -2.311160
239.277000, 3.665596, -2.564819, -2.350519
239.384000, 3.650267, -2.579750, -2.387997
239.483000, 3.635601, -2.593051, -2.422640
239.586000, 3.619715, -2.606476, -2.455496
239.684000, 3.604398, -2.618704, -2.479235
239.779000, 3.589464, -2.630124, -2.497340
239.872000, 3.578163, -2.638513, -2.506907
239.972000, 3.568066, -2.645946, -2.507891
240.076000, 3.553494, -2.656556, -2.517986
240.185000, 3.544058, -2.668207, -2.537281
240.276000, 3.530737, -2.677249, -2.551395
240.374000, 3.516579, -2.686615, -2.563472
240.486000, 3.500078, -2.697191, -2.581274
240.570000, 3.487416, -2.704998, -2.597478
240.682000, 3.475214, -2.712210, -2.628093
240.779000, 3.467730, -2.716213, -2.673231
240.880000, 3.459786, -2.720011, -2.717205
240.972000, 3.451316, -2.725789, -2.760122
241.084000, 3.441135, -2.729575, -2.810708
241.188000, 3.431231, -2.732724, -2.856696
241.272000, 3.427534, -2.733767, -2.883894
241.385000, 3.427534, -2.733767, -2.890692
241.486000, 3.427534, -2.733767, -2.879459
241.582000, 3.427534, -2.733767, -2.837558
241.676000, 3.427534, -2.733767, -2.777122
241.779000, 3.427534, -2.733767, -2.709318
241.878000, 3.427534, -2.733767, -2.644231
241.975000, 3.428150, -2.734908, -2.578531
242.074000, 3.428150, -2.734908, -2.512763
242.176000, 3.428150, -2.734908, -2.446308
242.282000, 3.428150, -2.734908, -2.375202
242.379000, 3.421976, -2.734889, -2.314525
242.480000, 3.421976, -2.734889, -2.249290
242.569000, 3.421976, -2.734889, -2.187424
242.683000, 3.428371, -2.733117, -2.112837
242.784000, 3.428371, -2.733117, -2.047130
242.887000, 3.428371, -2.733117, -1.979383
242.970000, 3.422393, -2.732583, -1.924337
243.071000, 3.422393, -2.732583, -1.860591
243.184000, 3.422393, -2.732583, -1.787599
243.279000, 3.422393, -2.732583, -1.725075
243.371000, 3.422361, -2.731098, -1.661018
243.478000, 3.422361, -2.731098, -1.592628
243.585000, 3.422361, -2.731098, -1.523603
243.681000, 3.422574, -2.730072, -1.460888
243.772000, 3.422574, -2.730072, -1.400392
243.874000, 3.422574, -2.730072, -1.333922
243.983000, 3.422776, -2.730732, -1.260468
244.083000, 3.422776, -2.730732, -1.195350
244.178000, 3.422776, -2.730732, -1.132854
244.280000, 3.422776, -2.730732, -1.065772
244.379000, 3.423910, -2.731099, -0.998045
244.469000, 3.423910, -2.731099, -0.940834
244.583000, 3.423910, -2.731099, -0.866512
244.684000, 3.429461, -2.729240, -0.799680
244.779000, 3.429461, -2.729240, -0.734520
244.887000, 3.429461, -2.729240, -0.666113
244.983000, 3.424650, -2.731501, -0.604606
245.084000, 3.424650, -2.731501, -0.541641
245.179000, 3.424650, -2.731501, -0.485974
245.286000, 3.424650, -2.731501, -0.433335
245.386000, 3.424650, -2.731501, -0.387572
245.477000, 3.425466, -2.731627, -0.350757
245.579000, 3.425466, -2.731627, -0.309252
245.680000, 3.425466, -2.731627, -0.269472
245.788000, 3.425466, -2.731627, -0.226853
245.882000, 3.425466, -2.731627, -0.207895
245.987000, 3.425466, -2.731627, -0.207760
246.083000, 3.425466, -2.731627, -0.207757
246.179000, 3.425466, -2.731627, -0.207757
246.276000, 3.425466, -2.731627, -0.207756
246.367000, 3.425466, -2.731627, -0.207754
246.487000, 3.425466, -2.731627, -0.207750
246.574000, 3.425466, -2.731627, -0.207748
246.685000, 3.425466, -2.731627, -0.207747
246.780000, 3.425466, -2.731627, -0.207742
246.885000, 3.425466, -2.731627, -0.207743
246.984000, 3.425466, -2.731627, -0.207742
247.072000, 3.425466, -2.731627, -0.207738
247.188000, 3.425466, -2.731627, -0.207734
247.287000, 3.425466, -2.731627, -0.207732
247.377000, 3.425466, -2.731627, -0.207729
247.481000, 3.425466, -2.731627, -0.207728
247.582000, 3.425466, -2.731627, -0.207726
247.682000, 3.425466, -2.731627, -0.207722
247.784000, 3.425466, -2.731627, -0.207720
247.883000, 3.425466, -2.731627, -0.207717
247.986000, 3.425466, -2.731627, -0.207715
248.075000, 3.425466, -2.731627, -0.207712
248.175000, 3.425466, -2.731627, -0.207710
248.272000, 3.425466, -2.731627, -0.207708
248.387000, 3.425466, -2.731627, -0.207706
248.478000, 3.425466, -2.731627, -0.207704
248.583000, 3.425466, -2.731627, -0.207699
248.686000, 3.425466, -2.731627, -0.207696
248.777000, 3.425466, -2.731627, -0.207695
248.875000, 3.425466, -2.731627, -0.207693
248.976000, 3.425466, -2.731627, -0.207691
249.075000, 3.425466, -2.731627, -0.207690
249.181000, 3.425466, -2.731627, -0.207687
249.274000, 3.425466, -2.731627, -0.207682
249.385000, 3.425466, -2.731627, -0.207680
249.490000, 3.425466, -2.731627, -0.207678
249.585000, 3.425466, -2.731627, -0.207676
249.684000, 3.425466, -2.731627, -0.207673
249.785000, 3.425466, -2.731627, -0.207671
249.884000, 3.425466, -2.731627, -0.207669
249.987000, 3.425466, -2.731627, -0.207665
250.074000, 3.425466, -2.731627, -0.207662
250.174000, 3.425466, -2.731627, -0.207660
250.272000, 3.425466, -2.731627, -0.207658
250.374000, 3.425466, -2.731627, -0.207656
250.482000, 3.425466, -2.731627, -0.207655
250.582000, 3.425466, -2.731627, -0.207653
250.687000, 3.425466, -2.731627, -0.207649
250.775000, 3.425466, -2.731627, -0.207646
250.882000, 3.425466, -2.731627, -0.207643
250.984000, 3.425466, -2.731627, -0.207643
251.083000, 3.425466, -2.731627, -0.207638
251.177000, 3.425466, -2.731627, -0.207636
251.274000, 3.425466, -2.731627, -0.207635
251.385000, 3.425466, -2.731627, -0.207632
251.479000, 3.425466, -2.731627, -0.207629
251.573000, 3.425466, -2.731627, -0.207627
251.676000, 3.425466, -2.731627, -0.207625
251.783000, 3.425466, -2.731627, -0.207622
251.875000, 3.425466, -2.731627, -0.207619
251.976000, 3.425466, -2.731627, -0.207618
252.079000, 3.425466, -2.731627, -0.207616
252.176000, 3.425466, -2.731627, -0.207613
252.275000, 3.425466, -2.731627, -0.207610
252.376000, 3.425466, -2.731627, -0.207607
252.480000, 3.425466, -2.731627, -0.207605
252.572000, 3.425466, -2.731627, -0.207604
252.678000, 3.425466, -2.731627, -0.207600
252.787000, 3.425466, -2.731627, -0.207597
252.876000, 3.425466, -2.731627, -0.207596
252.988000, 3.425466, -2.731627, -0.207594
253.085000, 3.425466, -2.731627, -0.207592
253.186000, 3.425466, -2.731627, -0.207589
253.275000, 3.425466, -2.731627, -0.207587
253.386000, 3.425466, -2.731627, -0.207585
253.483000, 3.425466, -2.731627, -0.207583
253.579000, 3.425466, -2.731627, -0.207579
253.681000, 3.425466, -2.731627, -0.207576
253.779000, 3.425466, -2.731627, -0.207574
253.873000, 3.425466, -2.731627, -0.207572
253.988000, 3.425466, -2.731627, -0.207570
254.075000, 3.425466, -2.731627, -0.207567
254.190000, 3.425466, -2.731627, -0.207564
254.282000, 3.425466, -2.731627, -0.207561
254.379000, 3.425466, -2.731627, -0.207559
254.480000, 3.425466, -2.731627, -0.207558
254.585000, 3.425466, -2.731627, -0.207555
254.671000, 3.425466, -2.731627, -0.207552
254.782000, 3.425466, -2.731627, -0.207550
254.879000, 3.425466, -2.731627, -0.207547
254.982000, 3.425466, -2.731627, -0.207546
255.068000, 3.425466, -2.731627, -0.207542
255.172000, 3.425466, -2.731627, -0.207539
255.286000, 3.425466, -2.731627, -0.207537
255.375000, 3.425466, -2.731627, -0.207534
255.486000, 3.425466, -2.731627, -0.207531
255.565000, 3.425466, -2.731627, -0.207530
255.679000, 3.425466, -2.731627, -0.207528
255.787000, 3.425466, -2.731627, -0.207526
255.884000, 3.425466, -2.731627, -0.207524
255.974000, 3.425466, -2.731627, -0.207520
256.088000, 3.425466, -2.731627, -0.207517
256.176000, 3.425466, -2.731627, -0.207515
256.280000, 3.425466, -2.731627, -0.207514
256.376000, 3.425466, -2.731627, -0.207510
256.473000, 3.425466, -2.731627, -0.207509
256.575000, 3.425466, -2.731627, -0.207506
256.685000, 3.425466, -2.731627, -0.207504
256.776000, 3.425466, -2.731627, -0.207502
256.886000, 3.425466, -2.731627, -0.207499
256.977000, 3.425466, -2.731627, -0.207498
257.086000, 3.425466, -2.731627, -0.207496
257.175000, 3.425466, -2.731627, -0.207493
257.276000, 3.425466, -2.731627, -0.207490
257.376000, 3.425466, -2.731627, -0.207489
257.475000, 3.425466, -2.731627, -0.207486
257.577000, 3.425466, -2.731627, -0.207485
257.689000, 3.425466, -2.731627, -0.207482
257.778000, 3.425466, -2.731627, -0.207481
257.875000, 3.425466, -2.731627, -0.207478
257.982000, 3.425466, -2.731627, -0.207476
258.084000, 3.425466, -2.731627, -0.207474
258.181000, 3.425466, -2.731627, -0.207472
258.283000, 3.425466, -2.731627, -0.207469
258.371000, 3.425466, -2.731627, -0.207468
258.473000, 3.425466, -2.731627, -0.207466
258.591000, 3.425466, -2.731627, -0.207463
258.682000, 3.425466, -2.731627, -0.207460
258.781000, 3.425466, -2.731627, -0.207460
258.888000, 3.425466, -2.731627, -0.207458
258.975000, 3.425466, -2.731627, -0.207454
259.088000, 3.425466, -2.731627, -0.207451
259.187000, 3.425466, -2.731627, -0.207450
259.278000, 3.425466, -2.731627, -0.207448
259.383000, 3.425466, -2.731627, -0.207445
259.483000, 3.425466, -2.731627, -0.207443
