1645526811.179266, 0.019245, -0.007443, -0.003148
1645526882.460875, 0.150916, -0.009906, -0.202600
1645526883.851991, 0.381483, -0.063205, -0.339464
1645526885.244516, 0.598834, -0.151167, -0.401565
1645526886.536891, 0.810855, -0.238579, -0.410694
1645526887.829107, 1.012383, -0.332144, -0.411104
1645526889.121650, 1.239993, -0.432379, -0.383964
1645526890.314919, 1.431411, -0.514536, -0.357067
1645526891.507776, 1.624144, -0.592393, -0.341026
1645526892.700876, 1.846388, -0.670236, -0.289115
1645526896.577676, 1.908989, -0.687815, -0.093534
1645526898.664961, 2.053635, -0.687766, 0.112607
1645526899.957321, 2.253675, -0.656073, 0.222616
1645526901.249854, 2.457078, -0.596697, 0.300297
1645526902.541805, 2.682239, -0.529205, 0.334502
1645526903.734454, 2.892139, -0.456061, 0.354633
1645526905.027716, 3.090718, -0.381343, 0.366001
1645526907.314848, 3.293631, -0.299844, 0.146887
1645526908.011040, 3.302979, -0.300072, -0.075065
1645526909.701374, 3.323726, -0.308225, -0.281556
1645526910.298048, 3.343134, -0.311513, -0.487692
1645526910.895015, 3.338132, -0.314614, -0.696212
1645526914.773015, 3.361603, -0.342034, -0.930940
1645526915.369303, 3.374489, -0.361847, -1.171713
1645526915.766980, 3.380217, -0.415543, -1.388563
1645526916.165224, 3.379503, -0.476248, -1.600637
1645526916.662536, 3.371197, -0.552245, -1.823367
1645526917.258338, 3.341655, -0.640509, -2.051860
1645526918.053661, 3.267291, -0.750174, -2.268926
1645526919.445774, 3.097502, -0.916542, -2.470497
1645526920.838076, 2.895815, -1.060907, -2.528869
1645526922.229979, 2.694586, -1.217969, -2.342618
1645526923.224279, 2.576050, -1.360000, -2.135434
1645526924.615891, 2.477835, -1.580460, -1.925536
1645526938.832428, 2.419143, -1.755826, -1.698620
1645526939.527322, 2.414621, -1.758737, -1.492705
1645526940.322587, 2.418472, -1.769671, -1.274624
1645526941.614599, 2.421769, -1.781626, -1.062454
1645526942.807315, 2.427108, -1.794073, -0.847947
1645526943.404004, 2.423063, -1.798754, -0.606597
1645526943.900360, 2.418661, -1.797272, -0.375290
1645526944.397058, 2.420136, -1.800157, -0.157992
1645526944.893759, 2.448640, -1.799812, 0.063280
1645526945.390971, 2.521113, -1.786870, 0.265061
1645526946.682832, 2.721225, -1.706185, 0.471550
1645526948.074854, 2.929901, -1.594046, 0.489253
1645526950.859113, 3.132806, -1.497825, 0.386507
1645526952.250915, 3.343884, -1.418798, 0.301626
1645526953.543205, 3.556244, -1.365441, 0.218461
1645526954.736813, 3.763748, -1.323025, 0.213457
1645526955.929928, 3.971648, -1.280069, 0.200783
1645526957.123510, 4.179906, -1.243028, 0.187262
1645526958.614797, 4.394644, -1.188896, 0.356901
1645526959.608307, 4.519928, -1.132927, 0.560139
1645526961.299326, 4.726624, -1.005256, 0.516763
1645526963.386733, 4.936292, -0.889028, 0.631024
1645526968.655847, 4.976541, -0.852847, 0.857190
1645526969.450725, 5.013581, -0.791855, 1.082324
1645526970.345048, 5.047522, -0.710499, 1.321704
1645526971.040311, 5.052253, -0.688997, 1.522549
1645526972.432034, 5.055740, -0.680086, 1.733379
1645526973.426414, 5.057240, -0.674833, 1.956499
1645526975.613637, 5.035322, -0.630811, 1.721128
1645526976.408393, 5.034659, -0.627897, 1.506728
1645526977.004677, 5.032176, -0.623834, 1.269830
1645526977.502515, 5.032710, -0.616469, 1.050376
1645526977.999930, 5.040262, -0.609144, 0.826344
1645526978.498037, 5.040669, -0.610424, 0.589883
1645526978.995592, 5.043606, -0.614060, 0.346566
1645526979.493383, 5.045250, -0.615310, 0.098708
1645526979.990590, 5.045845, -0.618263, -0.151681
1645526980.387973, 5.043763, -0.619478, -0.359306
1645526980.785564, 5.039657, -0.620051, -0.561925
1645526981.183240, 5.043703, -0.622567, -0.771806
1645526981.978473, 5.047605, -0.630518, -1.184168
1645526986.750509, 5.055731, -0.645806, -1.406284
1645526987.446297, 5.056181, -0.644517, -1.617257
1645526988.042018, 5.056861, -0.644600, -1.839466
1645526988.538757, 5.058568, -0.645307, -2.041766
1645526989.036162, 5.053470, -0.654948, -2.278274
1645526989.533134, 5.043501, -0.672777, -2.491586
1645526990.029409, 4.996137, -0.701491, -2.744708
1645526990.526489, 4.921784, -0.724468, -2.951059
1645526991.520974, 4.896798, -0.729792, -2.713148
1645526992.018818, 4.897331, -0.730373, -2.509756
1645526992.515993, 4.894058, -0.731473, -2.301426
1645526993.012961, 4.889151, -0.732999, -2.078967
1645526993.510446, 4.886259, -0.734588, -1.852577
1645526994.008067, 4.884366, -0.738081, -1.627799
1645526994.505668, 4.883938, -0.740155, -1.390659
1645526994.902706, 4.884428, -0.741469, -1.185034
1645526995.399694, 4.882071, -0.743856, -0.940537
1645526995.796991, 4.885548, -0.744439, -0.734991
1645526996.194447, 4.888051, -0.745002, -0.529250
1645526996.592468, 4.891916, -0.748023, -0.321205
1645526996.990120, 4.892437, -0.749360, -0.104132
1645526997.387630, 4.892217, -0.751229, 0.114032
1645526997.785393, 4.890207, -0.749378, 0.332119
1645526998.182436, 4.892834, -0.748250, 0.549334
1645526998.580016, 4.890806, -0.749180, 0.771328
1645526998.977525, 4.891793, -0.749194, 0.990463
1645526999.374320, 4.891170, -0.750243, 1.213698
1645526999.771994, 4.893195, -0.746543, 1.441313
1645527002.556508, 4.891722, -0.742238, 3.068511
1645527002.954029, 4.893962, -0.740388, -2.974279
1645527005.042033, 4.881849, -0.745946, 3.091646
1645527005.638184, 4.880704, -0.747373, 2.875570
1645527006.135291, 4.884434, -0.747124, 2.666256
1645527006.632266, 4.883044, -0.746743, 2.453403
1645527007.129364, 4.884724, -0.745642, 2.236572
1645527007.625906, 4.884422, -0.744518, 2.005489
1645527008.122959, 4.882252, -0.743517, 1.778470
1645527008.521012, 4.880457, -0.734857, 1.577722
1645527008.918491, 4.883582, -0.706583, 1.348373
1645527009.316634, 4.902439, -0.647646, 1.120586
1645527009.714849, 4.931342, -0.602597, 0.887002
1645527010.112841, 4.969994, -0.567059, 0.642275
1645527010.510795, 5.012845, -0.541323, 0.411798
1645527010.909251, 5.054999, -0.530414, 0.187000
1645527011.406291, 5.111142, -0.526736, -0.027573
1645527012.101894, 5.182077, -0.534432, -0.236309
1645527013.393931, 5.310294, -0.582862, -0.440595
1645527014.885573, 5.520515, -0.678615, -0.240407
1645527015.580936, 5.577102, -0.688543, -0.010555
1645527016.177895, 5.600110, -0.685725, 0.192130
1645527016.973135, 5.609085, -0.681708, 0.416449
1645527017.768280, 5.615876, -0.680686, 0.636572
1645527023.832985, 5.820325, -0.529785, 0.639205
1645527024.727398, 5.826832, -0.524271, 0.870731
1645527025.224059, 5.831265, -0.519362, 1.085880
1645527025.720646, 5.831398, -0.516872, 1.312685
1645527026.217277, 5.834073, -0.515234, 1.533766
1645527026.713978, 5.832813, -0.512376, 1.748041
1645527027.410177, 5.835928, -0.507921, 1.955190
1645527035.066540, 5.825146, -0.486167, 1.738654
1645527041.627688, 5.827049, -0.449715, 1.951968
1645527042.423044, 5.829532, -0.446505, 2.163436
1645527043.118468, 5.829157, -0.445734, 2.367497
1645527044.013439, 5.749648, -0.385079, 2.571383
1645527044.908423, 5.686989, -0.350120, 2.778103
1645527045.604617, 5.680800, -0.349386, 2.978971
1645527046.101600, 5.663701, -0.348291, -3.058854
1645527046.498646, 5.644039, -0.354599, -2.861036
1645527046.896529, 5.618670, -0.367332, -2.636934
1645527047.294465, 5.578278, -0.393902, -2.384086
1645527047.692261, 5.532891, -0.441715, -2.152676
1645527048.289468, 5.488388, -0.529511, -1.951990
1645527049.581957, 5.419502, -0.741022, -1.886433
1645527050.874017, 5.332154, -0.952109, -2.082355
1645527051.868066, 5.229039, -1.098099, -2.283502
1645527052.961317, 5.082420, -1.234695, -2.488909
1645527054.353524, 4.869344, -1.383667, -2.560084
1645527056.839015, 4.644859, -1.509994, -2.654571
1645527058.330965, 4.433531, -1.620435, -2.638303
1645527059.823161, 4.218116, -1.745324, -2.570017
1645527064.693608, 4.001146, -1.891359, -2.504552
