0.287661, 7.176108, -1.592942, 3.136845
0.395936, 7.176120, -1.592924, 3.136678
0.487606, 7.176096, -1.592958, 3.136830
0.587717, 7.176106, -1.592970, 3.136849
0.687658, 7.176110, -1.592955, 3.136847
0.787601, 7.176134, -1.592942, 3.136865
0.887598, 7.176135, -1.592950, 3.136909
0.996012, 7.176139, -1.592935, 3.136913
1.087574, 7.176147, -1.592974, 3.136821
1.187603, 7.176151, -1.592966, 3.137032
1.287544, 7.176124, -1.592955, 3.136786
1.387676, 7.176111, -1.592940, 3.136827
1.487708, 7.176111, -1.592968, 3.136917
1.587633, 7.176127, -1.592960, 3.136959
1.687548, 7.176122, -1.592955, 3.136921
1.787685, 7.176138, -1.592970, 3.137048
1.887635, 7.176134, -1.592983, 3.136974
1.987740, 7.176145, -1.592951, 3.136853
2.087614, 7.176113, -1.592956, 3.136877
2.187553, 7.176117, -1.592957, 3.136933
2.287504, 7.176130, -1.592958, 3.136920
2.387609, 7.176086, -1.592960, 3.136692
2.487984, 7.176113, -1.592950, 3.136820
2.587561, 7.176118, -1.592935, 3.136839
2.687553, 7.176122, -1.592949, 3.136944
2.787605, 7.176093, -1.592942, 3.136896
2.887558, 7.176095, -1.592945, 3.136773
2.987636, 7.176085, -1.592942, 3.136788
3.087908, 7.176109, -1.592977, 3.136883
3.187539, 7.176112, -1.592957, 3.136919
3.287662, 7.176088, -1.592944, 3.136769
3.387495, 7.176126, -1.592960, 3.136864
3.487581, 7.176127, -1.592959, 3.136930
3.587597, 7.176128, -1.592944, 3.136893
3.687599, 7.176154, -1.592936, 3.136984
3.787701, 7.176143, -1.592950, 3.136955
3.887587, 7.176136, -1.592951, 3.136991
3.987625, 7.176131, -1.592913, 3.136837
4.087669, 7.176093, -1.592934, 3.136671
4.187602, 7.176109, -1.592942, 3.136884
4.287862, 7.176093, -1.592951, 3.136802
4.387603, 7.176171, -1.592841, 3.136213
4.487842, 7.176122, -1.592936, 3.136760
4.587574, 7.176129, -1.592936, 3.136878
4.687674, 7.176085, -1.592941, 3.136912
4.787699, 7.176116, -1.592961, 3.136936
4.887749, 7.176134, -1.592952, 3.136827
4.987559, 7.176109, -1.592937, 3.136766
5.087529, 7.176111, -1.592936, 3.136800
5.187668, 7.176088, -1.592936, 3.136782
5.287892, 7.176115, -1.592948, 3.136922
5.387594, 7.176103, -1.592956, 3.136811
5.487552, 7.176097, -1.592968, 3.136853
5.587574, 7.176102, -1.592963, 3.137013
5.687539, 7.176108, -1.592986, 3.136848
5.787753, 7.176119, -1.592970, 3.136846
5.887537, 7.176097, -1.592936, 3.136632
5.987678, 7.176119, -1.592963, 3.136857
6.087498, 7.176103, -1.592958, 3.136820
6.187598, 7.176119, -1.592984, 3.137121
6.287636, 7.176124, -1.592966, 3.136860
6.387542, 7.176104, -1.592962, 3.136749
6.487612, 7.176085, -1.592917, 3.136686
6.587536, 7.176064, -1.592922, 3.136750
6.687667, 7.176080, -1.592958, 3.136895
6.787611, 7.176067, -1.592932, 3.136731
6.887659, 7.176106, -1.592951, 3.136846
6.987700, 7.176097, -1.592973, 3.136917
7.087678, 7.176096, -1.592958, 3.136915
7.187665, 7.176087, -1.592946, 3.136758
7.287639, 7.176122, -1.592952, 3.136874
7.387613, 7.176109, -1.592986, 3.136877
7.487733, 7.176088, -1.592953, 3.136819
7.587576, 7.176095, -1.592961, 3.136825
7.687565, 7.176102, -1.592956, 3.136828
7.787647, 7.176111, -1.592975, 3.136991
7.887621, 7.176079, -1.592936, 3.136743
7.987611, 7.176072, -1.592942, 3.136733
8.087596, 7.176094, -1.592957, 3.136862
8.187512, 7.176111, -1.592966, 3.136845
8.287675, 7.176124, -1.592963, 3.136846
8.387648, 7.176097, -1.592956, 3.136813
8.487632, 7.176100, -1.592943, 3.136695
8.587700, 7.176086, -1.592960, 3.136845
8.687579, 7.176087, -1.592971, 3.136844
8.787526, 7.176120, -1.592973, 3.136896
8.887630, 7.176118, -1.592956, 3.136834
8.987602, 7.176113, -1.592964, 3.136857
9.087675, 7.176101, -1.592942, 3.136905
9.187672, 7.176105, -1.592966, 3.136834
9.287554, 7.176100, -1.592953, 3.136789
9.387647, 7.176092, -1.592941, 3.136776
9.487556, 7.176102, -1.592955, 3.136859
9.587592, 7.176095, -1.592964, 3.136826
9.687501, 7.176106, -1.592962, 3.136989
9.787583, 7.176115, -1.592964, 3.136947
9.887521, 7.176082, -1.592955, 3.136864
9.987527, 7.176093, -1.592961, 3.136911
10.087697, 7.176112, -1.592948, 3.136816
10.187548, 7.176101, -1.592961, 3.136869
10.287720, 7.176099, -1.592950, 3.136849
10.387650, 7.176098, -1.592942, 3.136789
10.495909, 7.176094, -1.592944, 3.136769
10.587534, 7.176090, -1.592946, 3.136837
10.687677, 7.176105, -1.592966, 3.136918
10.787620, 7.176120, -1.592955, 3.136945
10.887586, 7.176105, -1.592966, 3.136812
10.987556, 7.176098, -1.592959, 3.136862
11.087641, 7.176091, -1.592962, 3.136799
11.187601, 7.176111, -1.592964, 3.136775
11.287594, 7.176104, -1.592966, 3.137011
11.387611, 7.176105, -1.592976, 3.136938
11.487622, 7.176101, -1.592956, 3.136900
11.587918, 7.176108, -1.592964, 3.136908
11.687654, 7.176117, -1.592950, 3.136945
11.787551, 7.176111, -1.592960, 3.136943
11.887618, 7.176107, -1.592958, 3.137002
11.987649, 7.176114, -1.592969, 3.136849
12.087544, 7.176099, -1.592956, 3.136879
12.187633, 7.176104, -1.592924, 3.136823
12.287558, 7.176112, -1.592955, 3.136939
12.387540, 7.176078, -1.592952, 3.136810
12.487583, 7.176100, -1.592946, 3.136938
12.587589, 7.176084, -1.592983, 3.136860
12.687753, 7.176119, -1.592966, 3.136900
12.787577, 7.176105, -1.592965, 3.136799
12.887695, 7.176113, -1.592974, 3.136892
12.987622, 7.176077, -1.592961, 3.136709
13.087519, 7.176092, -1.592980, 3.136845
13.187636, 7.176116, -1.592968, 3.136915
13.287692, 7.176116, -1.592965, 3.136896
13.387640, 7.176095, -1.592961, 3.136872
13.487585, 7.176100, -1.592967, 3.136908
13.587538, 7.176105, -1.592983, 3.136790
13.687519, 7.176089, -1.592973, 3.136730
13.787580, 7.176119, -1.592987, 3.136895
13.887622, 7.176122, -1.592975, 3.136900
13.987582, 7.176094, -1.592963, 3.136722
14.087622, 7.176110, -1.592964, 3.136937
14.187601, 7.176100, -1.592960, 3.136974
14.287807, 7.176107, -1.592955, 3.136799
14.387604, 7.176106, -1.592972, 3.136922
14.487638, 7.176094, -1.592956, 3.136795
14.587581, 7.176109, -1.592961, 3.136886
14.687601, 7.176126, -1.592952, 3.136851
14.787533, 7.176103, -1.592983, 3.136875
14.887612, 7.176103, -1.592964, 3.136814
14.987565, 7.176101, -1.592976, 3.136772
15.087703, 7.176131, -1.592970, 3.136807
15.187553, 7.176115, -1.592962, 3.136851
15.287576, 7.176112, -1.592954, 3.136770
15.387975, 7.176145, -1.592955, 3.136859
15.487521, 7.176135, -1.592949, 3.136815
15.587608, 7.176110, -1.592957, 3.136732
15.687622, 7.176111, -1.592968, 3.136723
15.787633, 7.176108, -1.592958, 3.136802
15.887675, 7.176095, -1.592951, 3.136658
15.987537, 7.176094, -1.592952, 3.136679
16.087603, 7.176127, -1.592935, 3.136913
16.187638, 7.176119, -1.592946, 3.136847
16.287594, 7.176110, -1.592969, 3.136878
16.387619, 7.176093, -1.592962, 3.136813
16.487545, 7.176116, -1.592970, 3.136837
16.587831, 7.176100, -1.592931, 3.136684
16.687739, 7.176113, -1.592936, 3.136709
16.787746, 7.176091, -1.592952, 3.136801
16.887634, 7.176107, -1.592950, 3.136820
16.987512, 7.176101, -1.592942, 3.136957
17.087547, 7.176114, -1.592944, 3.136915
17.187608, 7.176106, -1.592952, 3.136820
17.287671, 7.176100, -1.592981, 3.136769
17.387824, 7.176071, -1.592971, 3.136700
17.487950, 7.176109, -1.592955, 3.136811
17.587530, 7.176086, -1.592965, 3.136705
17.687583, 7.176105, -1.592969, 3.136813
17.787774, 7.176114, -1.592978, 3.136916
17.887632, 7.176123, -1.592980, 3.136764
17.987504, 7.176096, -1.592960, 3.136681
18.087580, 7.176119, -1.592940, 3.136748
18.187505, 7.176101, -1.592958, 3.136782
18.287683, 7.176102, -1.592941, 3.136702
18.387529, 7.176105, -1.592937, 3.136740
18.487593, 7.176139, -1.592955, 3.136907
18.587798, 7.176122, -1.592957, 3.136945
18.687540, 7.176124, -1.592945, 3.136891
18.787627, 7.176136, -1.592953, 3.136865
18.887666, 7.176123, -1.592963, 3.137077
18.987675, 7.171696, -1.592975, -3.123948
19.087594, 7.161408, -1.593196, -3.118153
19.187538, 7.146087, -1.593062, -3.115359
19.287625, 7.131491, -1.593507, -3.113683
19.387603, 7.117167, -1.593947, -3.109738
19.487653, 7.104612, -1.594221, -3.105540
19.587518, 7.090412, -1.595285, -3.094215
19.687645, 7.074960, -1.595465, -3.098518
19.787579, 7.060429, -1.596029, -3.095087
19.887697, 7.045806, -1.596654, -3.091732
19.987544, 7.030946, -1.597122, -3.090255
20.087577, 7.015539, -1.597259, -3.089830
20.187494, 7.000791, -1.598301, -3.085496
20.287509, 6.985683, -1.599021, -3.085388
20.387603, 6.971024, -1.599713, -3.083193
20.487718, 6.955658, -1.600114, -3.083728
20.587879, 6.940504, -1.601227, -3.081387
20.687515, 6.927019, -1.602265, -3.071183
20.788851, 6.909483, -1.602943, -3.072831
20.888175, 6.894185, -1.603702, -3.070089
20.987524, 6.878679, -1.604781, -3.066698
21.087554, 6.863183, -1.606100, -3.065611
21.187514, 6.846788, -1.607052, -3.063834
21.287532, 6.830564, -1.608247, -3.064419
21.387673, 6.814847, -1.609371, -3.063669
21.487665, 6.798921, -1.610421, -3.063279
21.587522, 6.783121, -1.611677, -3.063649
21.687618, 6.767446, -1.612671, -3.063334
21.787514, 6.751361, -1.613715, -3.064398
21.879203, 6.736552, -1.615017, -3.065124
21.987621, 6.718810, -1.616183, -3.063197
22.096126, 6.700965, -1.617366, -3.061397
22.187597, 6.686077, -1.618734, -3.060262
22.287664, 6.669769, -1.619698, -3.059159
22.387564, 6.653292, -1.620898, -3.058182
22.487655, 6.636418, -1.622408, -3.057866
22.587550, 6.619529, -1.623583, -3.052848
22.687611, 6.602931, -1.624791, -3.045983
22.787560, 6.586537, -1.626185, -3.041048
22.887619, 6.570006, -1.627515, -3.037592
22.987535, 6.553347, -1.629148, -3.034508
23.087637, 6.536487, -1.630667, -3.031255
23.187624, 6.519602, -1.632522, -3.028893
23.287510, 6.502540, -1.634383, -3.027182
23.387490, 6.485623, -1.636111, -3.024225
23.487513, 6.468802, -1.638006, -3.023266
23.587597, 6.451460, -1.639981, -3.022424
23.687665, 6.434263, -1.641885, -3.022105
23.787570, 6.416968, -1.643993, -3.022269
23.887939, 6.399496, -1.646008, -3.021614
23.979244, 6.383984, -1.647810, -3.021637
24.087595, 6.365550, -1.650023, -3.021757
24.187635, 6.348344, -1.651847, -3.022877
24.287594, 6.331061, -1.653483, -3.023665
24.387612, 6.313852, -1.655591, -3.025402
24.487574, 6.296556, -1.657424, -3.023462
24.587629, 6.279179, -1.659271, -3.023530
24.687735, 6.263054, -1.661043, -3.023972
24.787648, 6.243899, -1.663165, -3.023342
24.879348, 6.227878, -1.664915, -3.023581
24.987564, 6.208798, -1.667225, -3.024513
25.079187, 6.192689, -1.668894, -3.024428
25.187679, 6.173310, -1.671000, -3.024248
25.290828, 6.155854, -1.672859, -3.025348
25.387612, 6.138355, -1.674680, -3.026009
25.487593, 6.120953, -1.676665, -3.026689
25.587569, 6.103269, -1.678392, -3.025986
25.687571, 6.085760, -1.680268, -3.023956
25.787488, 6.068065, -1.682295, -3.023274
25.887698, 6.050012, -1.684205, -3.023142
25.987515, 6.032126, -1.686168, -3.022809
26.087696, 6.014149, -1.688230, -3.024552
26.187680, 5.996464, -1.690306, -3.024753
26.287614, 5.978534, -1.692305, -3.023809
26.387522, 5.960408, -1.694205, -3.023628
26.487540, 5.942229, -1.696168, -3.022809
26.587567, 5.924001, -1.698193, -3.022905
26.687613, 5.905918, -1.700136, -3.019375
26.787510, 5.888123, -1.702166, -3.020120
26.887581, 5.869952, -1.704224, -3.018595
26.987583, 5.851614, -1.706544, -3.020180
27.087586, 5.833272, -1.708613, -3.019032
27.187637, 5.814894, -1.710763, -3.020039
27.287576, 5.796665, -1.712968, -3.020955
27.387613, 5.778487, -1.715168, -3.020400
27.487721, 5.761453, -1.717170, -3.018144
27.587572, 5.741443, -1.719485, -3.017108
27.687539, 5.722976, -1.721667, -3.015883
27.787570, 5.704559, -1.723833, -3.015163
27.887881, 5.686368, -1.726008, -3.014875
27.987622, 5.669562, -1.727890, -3.013171
28.087571, 5.649678, -1.730456, -3.013069
28.187594, 5.631037, -1.732866, -3.013587
28.287598, 5.612548, -1.735018, -3.011052
28.387534, 5.594359, -1.737101, -3.008275
28.487516, 5.576149, -1.739356, -3.005317
28.587586, 5.557394, -1.742082, -3.003339
28.687559, 5.538633, -1.744522, -3.001450
28.787692, 5.520350, -1.746907, -2.999180
28.887577, 5.502092, -1.749196, -2.997303
28.987569, 5.483556, -1.751640, -2.996723
29.087593, 5.465120, -1.754079, -2.995984
29.187611, 5.446731, -1.756668, -2.996238
29.287629, 5.428044, -1.759072, -2.993206
29.387585, 5.409338, -1.761707, -2.991751
29.487595, 5.391066, -1.764404, -2.991932
29.587521, 5.372444, -1.767029, -2.990830
29.687539, 5.353672, -1.769551, -2.987428
29.787594, 5.334944, -1.772439, -2.983335
29.887609, 5.316295, -1.775122, -2.980586
29.987567, 5.297881, -1.778154, -2.979107
30.087588, 5.279412, -1.780930, -2.975625
30.187616, 5.260755, -1.783673, -2.969143
30.288203, 5.242414, -1.786515, -2.965863
30.387580, 5.223824, -1.789389, -2.961139
30.487520, 5.205453, -1.792564, -2.960127
30.587521, 5.186713, -1.795864, -2.959426
30.687743, 5.167794, -1.799127, -2.956719
30.787569, 5.149108, -1.802440, -2.956753
30.887635, 5.130396, -1.805701, -2.954538
30.987574, 5.111638, -1.809045, -2.952482
31.087633, 5.092905, -1.812201, -2.948343
31.187557, 5.074041, -1.815676, -2.945059
31.287631, 5.055269, -1.819087, -2.938049
31.387585, 5.036986, -1.822298, -2.930089
31.487511, 5.018384, -1.825970, -2.926474
31.587902, 4.999994, -1.829707, -2.922580
31.687580, 4.981334, -1.833527, -2.914083
31.787590, 4.962666, -1.837527, -2.906769
31.887655, 4.944046, -1.841641, -2.898957
31.987737, 4.925695, -1.846282, -2.893183
32.087543, 4.906809, -1.850720, -2.885293
32.187499, 4.881450, -1.857324, -2.876172
32.304302, 4.859412, -1.862911, -2.869796
32.387609, 4.844731, -1.866862, -2.859062
32.487601, 4.826152, -1.871863, -2.854710
32.587599, 4.809160, -1.870786, -2.840567
32.687610, 4.792543, -1.877732, -2.833778
32.787679, 4.773311, -1.882270, -2.821129
32.887601, 4.755862, -1.888802, -2.813057
32.987602, 4.738552, -1.894859, -2.795679
33.087766, 4.721478, -1.902700, -2.785282
33.187515, 4.703538, -1.909636, -2.782389
33.287706, 4.685233, -1.915994, -2.775039
33.387578, 4.667663, -1.922074, -2.766682
33.487816, 4.650655, -1.928340, -2.741086
33.587581, 4.633772, -1.935616, -2.721196
33.687605, 4.616467, -1.942912, -2.699323
33.787583, 4.599568, -1.950509, -2.679905
33.887821, 4.582650, -1.958746, -2.660686
33.987618, 4.565650, -1.967287, -2.643323
34.087606, 4.549265, -1.976343, -2.626459
34.187603, 4.532564, -1.985430, -2.612263
34.287703, 4.516129, -1.994822, -2.595658
34.387511, 4.499757, -2.004505, -2.583344
34.487620, 4.483265, -2.014453, -2.569782
34.587559, 4.467310, -2.024650, -2.559227
34.687609, 4.451005, -2.035135, -2.543112
34.787496, 4.435114, -2.045598, -2.525785
34.887572, 4.419333, -2.056580, -2.508507
34.987521, 4.403761, -2.067901, -2.489281
35.087662, 4.388416, -2.079543, -2.473903
35.187584, 4.373243, -2.091342, -2.463368
35.287632, 4.358169, -2.103461, -2.453185
35.387633, 4.343109, -2.115825, -2.452158
35.487597, 4.327994, -2.127995, -2.447681
35.587521, 4.313195, -2.139748, -2.437087
35.687548, 4.298935, -2.151923, -2.429811
35.787624, 4.284815, -2.163814, -2.418790
35.887573, 4.270237, -2.176495, -2.411478
35.987605, 4.255554, -2.189196, -2.407662
36.087569, 4.241102, -2.202108, -2.410771
36.179205, 4.228062, -2.214077, -2.411013
36.287514, 4.212071, -2.227756, -2.411436
36.387554, 4.197751, -2.241027, -2.417693
36.487595, 4.183222, -2.253576, -2.419152
36.587631, 4.168474, -2.265928, -2.415323
36.689217, 4.154341, -2.278583, -2.415036
36.787711, 4.139968, -2.291345, -2.424593
36.887636, 4.125415, -2.304180, -2.445028
36.987629, 4.109509, -2.316505, -2.447858
37.087638, 4.093899, -2.328293, -2.448042
37.187513, 4.080676, -2.339339, -2.451213
37.287586, 4.066949, -2.350111, -2.452481
37.387685, 4.051236, -2.362990, -2.456030
37.487661, 4.035590, -2.374992, -2.458800
37.587592, 4.020998, -2.387221, -2.461964
37.687639, 4.005903, -2.399256, -2.464020
37.796070, 3.989206, -2.412059, -2.465993
37.887672, 3.975078, -2.423452, -2.473423
37.987537, 3.959896, -2.435236, -2.480573
38.087589, 3.944319, -2.446978, -2.482089
38.187819, 3.928765, -2.458417, -2.482893
38.287681, 3.913874, -2.470220, -2.487171
38.387541, 3.898965, -2.481463, -2.494270
38.487543, 3.883801, -2.492722, -2.501917
38.587504, 3.869198, -2.504047, -2.514781
38.687634, 3.853229, -2.516087, -2.517108
38.787623, 3.838938, -2.526633, -2.520884
38.887607, 3.824045, -2.537161, -2.526728
38.987646, 3.808759, -2.547869, -2.530880
39.087573, 3.793666, -2.558349, -2.538761
39.187629, 3.778563, -2.568760, -2.539779
39.287625, 3.763042, -2.579420, -2.542670
39.387590, 3.747656, -2.589753, -2.543630
39.487707, 3.731511, -2.600883, -2.562897
39.587630, 3.714901, -2.611711, -2.576639
39.687617, 3.702973, -2.619363, -2.585090
39.787832, 3.690677, -2.626918, -2.614734
39.887542, 3.671277, -2.637946, -2.622548
39.987646, 3.654247, -2.647608, -2.648587
40.087573, 3.642230, -2.654450, -2.672223
40.187586, 3.638265, -2.656706, -2.675398
40.287607, 3.639166, -2.655544, -2.674869
40.387673, 3.638677, -2.655852, -2.675530
40.487553, 3.638915, -2.655998, -2.676660
40.588024, 3.638822, -2.656094, -2.676662
40.687539, 3.638833, -2.656021, -2.676421
40.787553, 3.638873, -2.656009, -2.676395
40.887552, 3.638814, -2.655986, -2.676327
40.987560, 3.638866, -2.655983, -2.676272
41.087563, 3.638858, -2.655973, -2.676323
41.187546, 3.638856, -2.655976, -2.676263
41.287567, 3.638854, -2.655986, -2.676322
41.387748, 3.635199, -2.658009, -2.704249
41.487635, 3.622203, -2.663970, -2.723066
41.587904, 3.614633, -2.667546, -2.742312
41.687511, 3.616102, -2.666935, -2.763302
41.787623, 3.615695, -2.667111, -2.785992
41.887582, 3.615946, -2.667069, -2.801000
41.987484, 3.615663, -2.667442, -2.826997
42.087595, 3.615440, -2.667491, -2.844295
42.187594, 3.614820, -2.667644, -2.872952
42.287529, 3.614777, -2.667823, -2.890462
42.387641, 3.610793, -2.668858, -2.930393
42.487598, 3.610274, -2.668789, -2.950622
42.587535, 3.606928, -2.669332, -2.995657
42.687614, 3.606161, -2.669681, -3.011774
42.787544, 3.602228, -2.670073, -3.045338
42.887543, 3.593032, -2.670974, -3.078475
42.987608, 3.585909, -2.671386, -3.122662
43.087651, 3.574932, -2.671168, 3.104284
43.187628, 3.558685, -2.670620, 3.055159
43.287813, 3.543836, -2.669244, 3.001319
43.387636, 3.528540, -2.666770, 2.946501
43.487809, 3.513513, -2.663656, 2.893267
43.587643, 3.502263, -2.660370, 2.847244
43.687698, 3.491681, -2.656961, 2.806459
43.787618, 3.478739, -2.652413, 2.755430
43.887628, 3.463531, -2.646013, 2.709431
43.987594, 3.453206, -2.641324, 2.669832
44.087616, 3.445802, -2.637245, 2.640827
44.187576, 3.435871, -2.631214, 2.606886
44.287517, 3.421658, -2.622886, 2.590202
44.387517, 3.412497, -2.617384, 2.572380
44.487693, 3.402149, -2.610069, 2.540307
44.587550, 3.388480, -2.600331, 2.519697
44.687573, 3.376744, -2.591957, 2.499150
44.787615, 3.367526, -2.584914, 2.474350
44.887619, 3.358794, -2.578118, 2.457124
44.987640, 3.352092, -2.572726, 2.436345
45.087568, 3.345789, -2.567185, 2.409192
45.187504, 3.337138, -2.558700, 2.378426
45.287602, 3.327013, -2.550200, 2.360212
45.387631, 3.319056, -2.541550, 2.330536
45.487664, 3.311195, -2.533103, 2.305267
45.587721, 3.305579, -2.526749, 2.280414
45.687534, 3.299848, -2.519428, 2.253069
45.787572, 3.291966, -2.508960, 2.237567
45.887517, 3.284528, -2.499885, 2.232636
45.987540, 3.277216, -2.489886, 2.235626
46.087706, 3.271900, -2.481437, 2.236995
46.187626, 3.266091, -2.475583, 2.241819
46.287633, 3.257493, -2.464925, 2.240158
46.387587, 3.243531, -2.447175, 2.237921
46.487531, 3.234845, -2.436203, 2.228718
46.587557, 3.226377, -2.424619, 2.221452
46.687634, 3.218179, -2.413866, 2.219592
46.787537, 3.212537, -2.406584, 2.209931
46.887644, 3.206010, -2.397642, 2.198099
46.987635, 3.197698, -2.385304, 2.178419
47.087693, 3.190392, -2.374062, 2.179080
47.187553, 3.182307, -2.363012, 2.165575
47.287509, 3.175346, -2.352410, 2.166748
47.387602, 3.169504, -2.344807, 2.163764
47.487685, 3.164347, -2.336353, 2.164059
47.587514, 3.158303, -2.328182, 2.155142
47.687904, 3.155381, -2.323284, 2.159062
47.787574, 3.155401, -2.324220, 2.185864
47.887715, 3.154668, -2.322439, 2.204262
47.987582, 3.153885, -2.321429, 2.237896
48.087568, 3.153034, -2.320669, 2.261068
48.187633, 3.152610, -2.320299, 2.305020
48.287634, 3.152110, -2.319039, 2.328775
48.387552, 3.150873, -2.318650, 2.369891
48.479273, 3.151102, -2.318129, 2.401894
48.587699, 3.150346, -2.318134, 2.447192
48.687618, 3.149564, -2.317341, 2.484836
48.787628, 3.147055, -2.315276, 2.521636
48.887590, 3.139272, -2.309999, 2.536563
48.987633, 3.133744, -2.305856, 2.550470
49.087617, 3.133433, -2.305583, 2.580110
49.187504, 3.132551, -2.305377, 2.606650
49.288053, 3.132287, -2.304504, 2.651814
49.387635, 3.132202, -2.302019, 2.693038
49.487637, 3.129315, -2.301151, 2.719018
49.587630, 3.121296, -2.297451, 2.741191
49.687592, 3.116317, -2.294695, 2.757627
49.787575, 3.116412, -2.295298, 2.779222
49.887635, 3.114983, -2.294599, 2.811566
49.987610, 3.114873, -2.294519, 2.838323
50.087551, 3.112996, -2.293996, 2.879991
50.189894, 3.112268, -2.293967, 2.908754
50.287626, 3.111472, -2.293697, 2.943984
50.387600, 3.110820, -2.293609, 2.973215
50.487678, 3.109484, -2.293481, 2.994306
50.587547, 3.108168, -2.293216, 3.016332
50.687517, 3.106884, -2.293037, 3.039289
50.787604, 3.106176, -2.293192, 3.061931
50.887632, 3.105588, -2.293059, 3.091214
50.987588, 3.104798, -2.293146, 3.111517
51.087649, 3.103584, -2.293067, 3.133986
51.187538, 3.102568, -2.293086, -3.128159
51.287602, 3.101727, -2.293131, -3.104683
51.387893, 3.100966, -2.293232, -3.100317
51.487573, 3.101203, -2.293200, -3.100105
51.587631, 3.101175, -2.293154, -3.100138
51.687541, 3.101114, -2.293190, -3.100290
51.788036, 3.101125, -2.293196, -3.100279
51.887657, 3.101134, -2.293198, -3.100253
51.987612, 3.101118, -2.293185, -3.100251
52.087508, 3.101133, -2.293186, -3.100244
52.187616, 3.101163, -2.293181, -3.100222
52.287518, 3.101151, -2.293183, -3.100232
52.387649, 3.101157, -2.293185, -3.100229
52.487618, 3.101151, -2.293192, -3.100199
52.587589, 3.101125, -2.293212, -3.100217
52.687836, 3.101146, -2.293193, -3.100220
52.787601, 3.101152, -2.293186, -3.100265
52.887561, 3.101148, -2.293183, -3.100253
52.987593, 3.101151, -2.293189, -3.100243
53.087585, 3.101158, -2.293187, -3.100269
53.187653, 3.101190, -2.293201, -3.100169
53.287660, 3.101158, -2.293207, -3.100243
53.387587, 3.101151, -2.293206, -3.100302
53.487755, 3.101167, -2.293223, -3.100220
53.588177, 3.101152, -2.293221, -3.100143
53.687620, 3.101153, -2.293229, -3.100226
53.787560, 3.101160, -2.293227, -3.100240
53.887612, 3.101162, -2.293210, -3.100187
53.987617, 3.101160, -2.293222, -3.100189
54.087825, 3.101167, -2.293200, -3.100245
54.187562, 3.101164, -2.293215, -3.100111
54.287631, 3.101154, -2.293217, -3.100112
54.387612, 3.101148, -2.293196, -3.100196
54.487638, 3.101165, -2.293207, -3.100182
54.587504, 3.101182, -2.293205, -3.100153
54.687518, 3.101165, -2.293213, -3.100282
54.787583, 3.101173, -2.293200, -3.100235
54.887586, 3.101181, -2.293204, -3.100199
54.987607, 3.101186, -2.293201, -3.100194
55.087633, 3.101178, -2.293198, -3.100256
55.187564, 3.101174, -2.293200, -3.100219
55.287608, 3.101191, -2.293209, -3.100135
55.387520, 3.101183, -2.293210, -3.100165
55.487545, 3.101192, -2.293192, -3.100178
55.587587, 3.101168, -2.293202, -3.100253
55.687660, 3.101182, -2.293210, -3.100245
55.804383, 3.101180, -2.293210, -3.100149
55.887686, 3.101172, -2.293212, -3.100225
55.987582, 3.101177, -2.293212, -3.100152
56.087615, 3.101190, -2.293231, -3.100170
56.187573, 3.101188, -2.293211, -3.100221
56.287755, 3.101180, -2.293215, -3.100160
56.387672, 3.101193, -2.293230, -3.100218
56.487711, 3.101197, -2.293220, -3.100181
56.587517, 3.101187, -2.293215, -3.100073
56.687560, 3.101176, -2.293211, -3.100161
56.787580, 3.101189, -2.293213, -3.100237
56.887508, 3.101183, -2.293218, -3.100143
56.987630, 3.101184, -2.293209, -3.100253
57.087575, 3.101179, -2.293209, -3.100136
57.187518, 3.101178, -2.293199, -3.100249
57.287793, 3.101187, -2.293200, -3.100239
57.387684, 3.101173, -2.293217, -3.100192
57.487530, 3.101172, -2.293204, -3.100251
57.587659, 3.101164, -2.293212, -3.100194
57.687678, 3.101179, -2.293204, -3.100109
57.787588, 3.101172, -2.293210, -3.100277
57.887619, 3.101168, -2.293210, -3.100159
57.987609, 3.101181, -2.293206, -3.100152
58.087673, 3.101178, -2.293207, -3.100266
58.187649, 3.101185, -2.293203, -3.100238
58.287694, 3.101197, -2.293202, -3.100068
58.387605, 3.101174, -2.293191, -3.100213
58.487558, 3.101197, -2.293192, -3.100210
58.587599, 3.101196, -2.293202, -3.100149
58.687721, 3.101208, -2.293203, -3.100173
58.787541, 3.101187, -2.293199, -3.100203
58.887690, 3.101193, -2.293201, -3.100175
58.987659, 3.101195, -2.293205, -3.100123
59.087627, 3.101171, -2.293191, -3.100184
59.187624, 3.101191, -2.293190, -3.100168
59.287621, 3.101190, -2.293211, -3.100258
59.387675, 3.101198, -2.293207, -3.100149
59.487549, 3.101189, -2.293201, -3.100208
59.587608, 3.101209, -2.293205, -3.100123
59.687561, 3.101210, -2.293199, -3.100178
59.787583, 3.101217, -2.293201, -3.100053
59.887505, 3.101215, -2.293197, -3.100235
59.987556, 3.101217, -2.293203, -3.100238
60.086910, 3.101202, -2.293210, -3.100220
60.187517, 3.100570, -2.293339, -3.110536
60.287626, 3.090569, -2.293360, -3.127287
60.387503, 3.078129, -2.293742, -3.133622
60.487504, 3.075909, -2.293733, 3.127337
60.587651, 3.075690, -2.293939, 3.119260
60.687695, 3.076215, -2.293781, 3.102508
60.804292, 3.076334, -2.293875, 3.086772
60.887576, 3.075770, -2.293921, 3.074041
60.987524, 3.075222, -2.293847, 3.060454
61.087599, 3.075298, -2.293695, 3.044728
61.187508, 3.075791, -2.293754, 3.028152
61.287544, 3.075691, -2.293854, 3.011027
61.387543, 3.074754, -2.293770, 2.985587
61.487581, 3.074924, -2.293794, 2.963467
61.587598, 3.074996, -2.293829, 2.939325
61.687564, 3.074253, -2.293788, 2.912040
61.787625, 3.074417, -2.293570, 2.884232
61.887556, 3.074491, -2.293745, 2.855198
61.987667, 3.073532, -2.293464, 2.820411
62.087693, 3.074072, -2.293322, 2.792068
62.187554, 3.073530, -2.293526, 2.760037
62.287633, 3.073327, -2.292895, 2.716274
62.387593, 3.073269, -2.293325, 2.688424
62.487654, 3.072915, -2.292825, 2.642639
62.587622, 3.072643, -2.292827, 2.612591
62.687598, 3.072320, -2.292595, 2.566464
62.787522, 3.072246, -2.292900, 2.535698
62.887751, 3.071882, -2.292410, 2.489746
62.987637, 3.071414, -2.292187, 2.451985
63.087783, 3.071256, -2.291961, 2.409899
63.187523, 3.070717, -2.291975, 2.369384
63.287994, 3.071022, -2.291752, 2.323642
63.387638, 3.070390, -2.291817, 2.286678
63.487559, 3.070217, -2.291262, 2.238428
63.579275, 3.069757, -2.291106, 2.196839
63.687590, 3.069506, -2.290888, 2.153296
63.787634, 3.069410, -2.290280, 2.106161
63.887760, 3.068952, -2.290443, 2.068050
63.987560, 3.068904, -2.289799, 2.018619
64.079325, 3.068260, -2.289726, 1.980581
64.187485, 3.068365, -2.289276, 1.932689
64.287589, 3.068033, -2.288627, 1.885517
64.387585, 3.067418, -2.288136, 1.849244
64.487669, 3.066899, -2.286448, 1.802515
64.587587, 3.065673, -2.281712, 1.755526
64.688328, 3.065086, -2.281406, 1.718754
64.787548, 3.064767, -2.280109, 1.678128
64.887587, 3.063861, -2.274214, 1.629332
64.987679, 3.063251, -2.270356, 1.581951
65.087518, 3.063445, -2.270663, 1.534409
65.187541, 3.063188, -2.269201, 1.485439
65.287696, 3.063775, -2.262840, 1.431738
65.387965, 3.065007, -2.254286, 1.372151
65.487605, 3.067346, -2.242990, 1.312702
65.587631, 3.069638, -2.230196, 1.246815
65.687622, 3.073804, -2.214978, 1.176680
65.804379, 3.080115, -2.196280, 1.099740
65.887684, 3.086264, -2.183785, 1.051413
65.987625, 3.094341, -2.169858, 0.991956
66.087689, 3.103784, -2.156349, 0.937730
66.187582, 3.113704, -2.143495, 0.885500
66.287562, 3.123879, -2.132332, 0.836015
66.387687, 3.135720, -2.119934, 0.788480
66.487756, 3.148103, -2.108333, 0.742369
66.587506, 3.161107, -2.097016, 0.695453
66.687592, 3.173974, -2.086439, 0.644772
66.787691, 3.187315, -2.076265, 0.596699
66.887628, 3.201223, -2.066843, 0.550948
66.987605, 3.215597, -2.057705, 0.510866
67.087517, 3.230989, -2.049281, 0.472856
67.187629, 3.246606, -2.041206, 0.433930
67.287636, 3.261773, -2.034351, 0.398685
67.387595, 3.277594, -2.027861, 0.365291
67.487670, 3.293494, -2.021936, 0.336349
67.587520, 3.309675, -2.016624, 0.306645
67.687574, 3.326016, -2.011718, 0.281619
67.787617, 3.342647, -2.007211, 0.257827
67.887640, 3.359070, -2.002704, 0.230191
67.987552, 3.374578, -1.999421, 0.210932
68.087603, 3.392368, -1.995542, 0.189304
68.187605, 3.409180, -1.992458, 0.172947
68.287608, 3.426014, -1.989504, 0.154430
68.387642, 3.443277, -1.986794, 0.137858
68.487562, 3.460396, -1.984575, 0.123816
68.587780, 3.477497, -1.982338, 0.110483
68.687613, 3.494496, -1.980395, 0.096524
68.787656, 3.511507, -1.978718, 0.080310
68.887581, 3.528726, -1.977264, 0.064869
68.987519, 3.546173, -1.975937, 0.049044
69.087560, 3.563396, -1.975148, 0.036389
69.187619, 3.579272, -1.974702, 0.027285
69.287652, 3.596180, -1.974181, 0.014759
69.387586, 3.615094, -1.973919, 0.003073
69.487600, 3.632895, -1.974052, -0.005136
69.587565, 3.650471, -1.974145, -0.014556
69.687504, 3.668256, -1.974427, -0.021771
69.787616, 3.684985, -1.974693, -0.031771
69.887507, 3.700729, -1.975584, -0.044298
69.987596, 3.719918, -1.976279, -0.056225
70.087567, 3.738024, -1.977466, -0.080758
70.187604, 3.756469, -1.979043, -0.099654
70.287580, 3.771013, -1.980528, -0.110341
70.387538, 3.785959, -1.982234, -0.129896
70.487497, 3.803240, -1.984517, -0.141173
70.587626, 3.816710, -1.986793, -0.152808
70.687521, 3.835568, -1.989740, -0.158469
70.787616, 3.852491, -1.992312, -0.163842
70.887643, 3.867770, -1.994751, -0.173210
70.987580, 3.883345, -1.997713, -0.190915
71.087626, 3.901566, -2.001067, -0.199487
71.187581, 3.916450, -2.004099, -0.204954
71.287583, 3.931976, -2.007402, -0.212263
71.387556, 3.945438, -2.010288, -0.220480
71.487641, 3.964358, -2.014449, -0.234509
71.587651, 3.975681, -2.017047, -0.238638
71.687602, 3.983994, -2.019216, -0.272815
71.787604, 3.995363, -2.022717, -0.274407
71.887610, 3.997896, -2.023365, -0.301745
71.987517, 4.001146, -2.024302, -0.352148
72.087593, 4.003650, -2.025027, -0.382915
72.187516, 4.006082, -2.025961, -0.427731
72.287533, 4.008088, -2.027133, -0.482580
72.387650, 4.010797, -2.028252, -0.531541
72.487713, 4.012643, -2.029547, -0.585148
72.587949, 4.015162, -2.030920, -0.629197
72.687706, 4.016722, -2.032422, -0.683502
72.787580, 4.018815, -2.033962, -0.733689
72.887686, 4.020434, -2.035685, -0.791286
72.987621, 4.022170, -2.037300, -0.839626
73.087516, 4.023429, -2.039064, -0.882752
73.187823, 4.024689, -2.040531, -0.930238
73.287675, 4.026298, -2.042584, -0.967524
73.387639, 4.026731, -2.043889, -1.004342
73.487633, 4.028066, -2.045515, -1.044821
73.587605, 4.029270, -2.047444, -1.075140
73.687644, 4.029588, -2.049248, -1.112357
73.787600, 4.030629, -2.050996, -1.157196
73.887613, 4.031632, -2.052898, -1.195665
73.987624, 4.031888, -2.054808, -1.231012
74.087640, 4.032590, -2.056554, -1.272791
74.187613, 4.033590, -2.058450, -1.304865
74.287717, 4.033606, -2.060062, -1.346355
74.387600, 4.033972, -2.061386, -1.389348
74.487578, 4.034400, -2.063020, -1.421506
74.587621, 4.034404, -2.064932, -1.458013
74.687593, 4.034639, -2.066687, -1.501064
74.787544, 4.034934, -2.068647, -1.554994
74.887676, 4.034868, -2.070115, -1.605285
74.988195, 4.034849, -2.071989, -1.659130
75.087581, 4.034852, -2.073996, -1.713993
75.187994, 4.034303, -2.075773, -1.771383
75.287628, 4.034242, -2.077609, -1.827204
75.387551, 4.033598, -2.078806, -1.882476
75.487536, 4.032947, -2.080442, -1.937648
75.587633, 4.032637, -2.082006, -1.994478
75.687677, 4.031657, -2.083136, -2.050610
75.787571, 4.031144, -2.085079, -2.106900
75.887731, 4.030128, -2.086243, -2.165371
75.987748, 4.029421, -2.087815, -2.219427
76.087515, 4.028503, -2.088933, -2.277000
76.187541, 4.027299, -2.089919, -2.332341
76.287506, 4.026604, -2.091420, -2.387692
76.387679, 4.025139, -2.092823, -2.444961
76.487678, 4.023573, -2.093789, -2.502321
76.587581, 4.022633, -2.094836, -2.561104
76.687747, 4.021192, -2.095156, -2.618150
76.787503, 4.019998, -2.096299, -2.675579
76.887591, 4.018879, -2.096981, -2.733666
76.987631, 4.017283, -2.096968, -2.789542
77.087515, 4.015636, -2.098284, -2.848079
77.187552, 4.014258, -2.098727, -2.907051
77.287602, 4.012785, -2.098451, -2.965058
77.387623, 4.011111, -2.099480, -3.021728
77.487596, 4.009920, -2.099249, -3.079402
77.587768, 4.008438, -2.098972, -3.136964
77.687590, 4.006624, -2.099773, 3.088238
77.787621, 4.005328, -2.099095, 3.030399
77.887665, 4.003648, -2.098803, 2.969836
77.987504, 4.001998, -2.099300, 2.912422
78.087530, 4.000906, -2.098417, 2.853054
78.187641, 3.998653, -2.097463, 2.791785
78.287658, 3.993003, -2.096132, 2.727594
78.387561, 3.993496, -2.095685, 2.672299
78.487620, 3.991101, -2.094590, 2.615234
78.587497, 3.986261, -2.091671, 2.546495
78.687550, 3.984917, -2.090761, 2.486350
78.787502, 3.980640, -2.087138, 2.423283
78.887557, 3.980825, -2.087680, 2.371582
78.987700, 3.979886, -2.086268, 2.308437
79.087642, 3.978385, -2.084664, 2.252061
79.187608, 3.976633, -2.083240, 2.192652
79.287511, 3.972867, -2.077132, 2.129083
79.387556, 3.970005, -2.071905, 2.068567
79.487659, 3.966051, -2.064660, 2.003919
79.587530, 3.960527, -2.052194, 1.930992
79.687947, 3.958047, -2.044599, 1.873840
79.787691, 3.954809, -2.033467, 1.799920
79.887554, 3.951370, -2.016095, 1.734083
79.987836, 3.948723, -1.998793, 1.667269
80.087559, 3.948468, -1.982050, 1.603324
80.187603, 3.948042, -1.968597, 1.538814
80.287512, 3.948385, -1.953986, 1.464213
80.387546, 3.950389, -1.936020, 1.398710
80.487484, 3.953503, -1.919924, 1.334000
80.587629, 3.956995, -1.906738, 1.265218
80.687657, 3.961734, -1.892113, 1.195471
80.787623, 3.968508, -1.875639, 1.129961
80.887646, 3.973139, -1.866041, 1.067341
80.987570, 3.976777, -1.860437, 1.003263
81.087532, 3.983321, -1.850472, 0.930196
81.187580, 3.993847, -1.836840, 0.866810
81.287508, 4.004892, -1.824973, 0.799286
81.387600, 4.017654, -1.812383, 0.729768
81.487700, 4.031093, -1.800988, 0.664059
81.587597, 4.044485, -1.790914, 0.595754
81.687568, 4.049839, -1.787649, 0.544020
81.787599, 4.057355, -1.783373, 0.482824
81.887572, 4.069463, -1.777685, 0.407343
81.988076, 4.084623, -1.771847, 0.340602
82.087590, 4.101770, -1.766052, 0.273281
82.187608, 4.118971, -1.761736, 0.207314
82.287621, 4.136402, -1.758807, 0.141810
82.387606, 4.153942, -1.756810, 0.082649
82.487621, 4.171279, -1.755878, 0.023143
82.587514, 4.188443, -1.755911, -0.028993
82.687597, 4.205808, -1.756498, -0.079740
82.787538, 4.223189, -1.758337, -0.131729
82.887633, 4.240734, -1.761012, -0.174085
82.987712, 4.258030, -1.764333, -0.216774
83.087843, 4.275207, -1.768218, -0.254369
83.187679, 4.292020, -1.772634, -0.287376
83.287533, 4.308713, -1.777670, -0.318416
83.387734, 4.325485, -1.783101, -0.348290
83.487512, 4.342291, -1.789101, -0.378477
83.587506, 4.358483, -1.795578, -0.405086
83.687587, 4.374556, -1.802078, -0.428328
83.787623, 4.390356, -1.809459, -0.447073
83.887649, 4.406132, -1.816762, -0.463141
83.987474, 4.422164, -1.824515, -0.477061
84.087578, 4.437620, -1.832525, -0.490828
84.187504, 4.453114, -1.840948, -0.502506
84.287613, 4.468308, -1.849189, -0.513888
84.387679, 4.483422, -1.857542, -0.520367
84.487616, 4.498697, -1.866153, -0.525687
84.587598, 4.513855, -1.874717, -0.529694
84.687564, 4.528588, -1.883486, -0.529485
84.787595, 4.543508, -1.891729, -0.528617
84.887544, 4.558186, -1.900160, -0.527458
84.987544, 4.572885, -1.908923, -0.526150
85.087557, 4.587793, -1.917904, -0.527806
85.187583, 4.604281, -1.927551, -0.533560
85.287610, 4.619793, -1.936538, -0.537681
85.387787, 4.631513, -1.943891, -0.537355
85.487526, 4.645326, -1.952697, -0.537623
85.587822, 4.661433, -1.962450, -0.537885
85.687600, 4.675604, -1.971183, -0.538436
85.787644, 4.688820, -1.979548, -0.538714
85.887614, 4.701095, -1.987162, -0.539115
85.987506, 4.712274, -1.993963, -0.539107
86.087627, 4.724191, -2.001387, -0.539641
86.189245, 4.733050, -2.009181, -0.526532
86.287597, 4.743374, -2.015864, -0.515925
86.387521, 4.761632, -2.026650, -0.506617
86.487492, 4.778208, -2.036182, -0.507005
86.587624, 4.792406, -2.045976, -0.487025
86.687510, 4.809980, -2.052990, -0.485649
86.787532, 4.824692, -2.061804, -0.473940
86.887541, 4.840658, -2.070243, -0.461380
86.987590, 4.857100, -2.078339, -0.450010
87.087574, 4.873619, -2.086295, -0.436179
87.187566, 4.888507, -2.093195, -0.416879
87.287564, 4.906081, -2.098519, -0.401404
87.387526, 4.921832, -2.106084, -0.373308
87.487586, 4.938865, -2.112869, -0.345289
87.587548, 4.956357, -2.118940, -0.319937
87.690185, 4.973115, -2.124627, -0.290002
87.787676, 4.989897, -2.129813, -0.260920
87.887698, 4.997290, -2.131816, -0.240954
87.987542, 5.004077, -2.133993, -0.199112
88.087658, 5.003981, -2.133739, -0.161348
88.187577, 5.005861, -2.134396, -0.119987
88.287604, 5.007151, -2.134262, -0.088609
88.387632, 5.008358, -2.134508, -0.046807
88.487612, 5.009794, -2.134826, -0.010141
88.589357, 5.011571, -2.134504, 0.015796
88.687505, 5.013144, -2.134624, 0.043221
88.787534, 5.014803, -2.134675, 0.070485
88.887615, 5.015687, -2.134234, 0.107409
88.987587, 5.017241, -2.134434, 0.141123
89.087520, 5.018654, -2.133909, 0.165947
89.187576, 5.020880, -2.133821, 0.195933
89.287623, 5.021883, -2.133766, 0.222902
89.387766, 5.022529, -2.133371, 0.256314
89.487608, 5.023951, -2.133071, 0.291511
89.587877, 5.030389, -2.131117, 0.316760
89.687545, 5.042184, -2.127418, 0.324334
89.787574, 5.044270, -2.126773, 0.344280
89.887611, 5.050669, -2.124844, 0.362160
89.987493, 5.051344, -2.124246, 0.381659
90.087545, 5.053476, -2.123764, 0.410924
90.188329, 5.054717, -2.122807, 0.432640
90.287607, 5.056184, -2.122423, 0.466209
90.387654, 5.057214, -2.121773, 0.490618
90.487636, 5.058945, -2.121080, 0.516703
90.587611, 5.060132, -2.120022, 0.537506
90.687515, 5.059678, -2.120302, 0.535769
90.787579, 5.059967, -2.120117, 0.535984
90.904253, 5.059964, -2.120125, 0.535941
90.987643, 5.059836, -2.120157, 0.535711
91.087650, 5.059868, -2.120146, 0.535716
91.187527, 5.059870, -2.120130, 0.535765
91.287630, 5.059877, -2.120121, 0.535753
91.387563, 5.059884, -2.120124, 0.535776
91.487505, 5.059868, -2.120133, 0.535760
91.587511, 5.059874, -2.120135, 0.535894
91.687768, 5.059866, -2.120128, 0.535874
91.787889, 5.059875, -2.120148, 0.535920
91.887564, 5.059866, -2.120155, 0.535838
91.987581, 5.059862, -2.120149, 0.535925
92.087540, 5.059864, -2.120151, 0.535820
92.187617, 5.059866, -2.120152, 0.535772
92.287538, 5.059859, -2.120145, 0.535761
92.387564, 5.059866, -2.120136, 0.535872
92.487535, 5.059877, -2.120142, 0.535822
92.587539, 5.059876, -2.120140, 0.535817
92.687773, 5.059871, -2.120156, 0.535925
92.787644, 5.059862, -2.120145, 0.535835
92.887792, 5.059869, -2.120142, 0.536003
92.987553, 5.059868, -2.120150, 0.535832
93.087587, 5.059880, -2.120133, 0.535862
93.187511, 5.059861, -2.120125, 0.535770
93.287560, 5.059880, -2.120143, 0.535853
93.387648, 5.059870, -2.120146, 0.535735
93.487556, 5.059869, -2.120142, 0.535889
93.587570, 5.059886, -2.120140, 0.535820
93.687487, 5.059858, -2.120140, 0.535767
93.787591, 5.059883, -2.120158, 0.535818
93.887511, 5.059886, -2.120152, 0.535784
93.987503, 5.059871, -2.120136, 0.535867
94.087642, 5.059869, -2.120149, 0.535856
94.187611, 5.059856, -2.120150, 0.535829
94.287565, 5.059857, -2.120169, 0.535808
94.387560, 5.059883, -2.120148, 0.535754
94.487507, 5.059866, -2.120146, 0.535889
94.587584, 5.059855, -2.120151, 0.535863
94.687545, 5.059858, -2.120166, 0.535879
94.787550, 5.059846, -2.120153, 0.535843
94.887604, 5.059867, -2.120144, 0.535802
94.987628, 5.059851, -2.120154, 0.535784
95.087569, 5.059860, -2.120167, 0.535793
95.187597, 5.059834, -2.120179, 0.535862
95.287570, 5.059847, -2.120174, 0.535959
95.387519, 5.059857, -2.120157, 0.535890
95.487596, 5.059866, -2.120154, 0.535900
95.587654, 5.059863, -2.120164, 0.535762
95.687527, 5.059851, -2.120171, 0.535972
95.787627, 5.059863, -2.120157, 0.535847
95.887553, 5.059857, -2.120162, 0.535842
95.987621, 5.059867, -2.120173, 0.535799
96.087614, 5.059854, -2.120162, 0.535800
96.187565, 5.059878, -2.120149, 0.535873
96.287557, 5.059880, -2.120150, 0.535831
96.387668, 5.059870, -2.120146, 0.535905
96.487610, 5.059867, -2.120167, 0.535863
96.587617, 5.059861, -2.120150, 0.535889
96.687676, 5.059866, -2.120156, 0.535981
96.787662, 5.059879, -2.120148, 0.535839
96.887662, 5.059873, -2.120156, 0.535825
96.987531, 5.059869, -2.120152, 0.535905
97.087598, 5.059803, -2.120145, 0.535807
97.187508, 5.059889, -2.120149, 0.535876
97.287633, 5.059879, -2.120158, 0.535893
97.387735, 5.059846, -2.120155, 0.535736
97.487638, 5.059864, -2.120155, 0.535936
97.587676, 5.059842, -2.120144, 0.535853
97.687599, 5.059873, -2.120162, 0.535873
97.787602, 5.060439, -2.120094, 0.528946
97.887569, 5.068425, -2.115505, 0.508918
97.987523, 5.073939, -2.112087, 0.490152
98.088865, 5.072470, -2.113139, 0.472023
98.187589, 5.073437, -2.112423, 0.442668
98.287724, 5.073611, -2.112407, 0.423482
98.387729, 5.073058, -2.112541, 0.405768
98.487566, 5.073479, -2.112478, 0.383322
98.587546, 5.073492, -2.112238, 0.364552
98.687917, 5.074268, -2.112035, 0.339403
98.787520, 5.073879, -2.112295, 0.323607
98.887562, 5.073945, -2.111922, 0.305224
98.987659, 5.074287, -2.111710, 0.282439
99.087586, 5.074563, -2.111728, 0.258041
99.187579, 5.074458, -2.111787, 0.237377
99.287597, 5.074587, -2.111533, 0.221505
99.387559, 5.075253, -2.111294, 0.197504
99.487561, 5.075143, -2.111435, 0.178012
99.587577, 5.075455, -2.111395, 0.151941
99.687593, 5.076052, -2.111085, 0.124389
99.787780, 5.076071, -2.111139, 0.100008
99.887607, 5.076204, -2.111112, 0.065636
99.987560, 5.076830, -2.111014, 0.025555
100.087573, 5.076750, -2.110908, -0.009625
100.187522, 5.077540, -2.110898, -0.047427
100.287508, 5.077759, -2.111005, -0.081556
100.387504, 5.078099, -2.110706, -0.116343
100.487567, 5.078337, -2.110898, -0.157457
100.587623, 5.078886, -2.110922, -0.199042
100.687570, 5.079115, -2.110794, -0.238252
100.787625, 5.079593, -2.110966, -0.281217
100.904274, 5.079891, -2.110792, -0.323089
100.987529, 5.080210, -2.110982, -0.362502
101.087552, 5.080508, -2.110824, -0.404507
101.187551, 5.080976, -2.111246, -0.451598
101.287539, 5.081476, -2.111116, -0.487665
101.387579, 5.082129, -2.111606, -0.538703
101.495850, 5.081963, -2.111579, -0.585598
101.587628, 5.082627, -2.111518, -0.624329
101.687597, 5.082460, -2.111786, -0.671387
101.787534, 5.083259, -2.111822, -0.714407
101.887550, 5.083653, -2.112276, -0.763792
101.987542, 5.083529, -2.112447, -0.804287
102.087571, 5.084252, -2.112668, -0.853756
102.187630, 5.083715, -2.112800, -0.898303
102.287666, 5.084603, -2.113131, -0.944344
102.387574, 5.084737, -2.113398, -0.991490
102.487544, 5.084667, -2.113829, -1.030283
102.587584, 5.085705, -2.114288, -1.073371
102.687637, 5.085419, -2.114457, -1.107443
102.787504, 5.085919, -2.114825, -1.147418
102.887727, 5.085588, -2.114645, -1.178867
102.987602, 5.086132, -2.115024, -1.212959
103.087563, 5.086150, -2.115490, -1.241590
103.187570, 5.085832, -2.115078, -1.273965
103.287570, 5.086555, -2.115823, -1.311029
103.387589, 5.086195, -2.115751, -1.356202
103.487607, 5.086658, -2.116461, -1.384284
103.587624, 5.086319, -2.116284, -1.438128
103.687530, 5.086670, -2.117111, -1.487989
103.787590, 5.087131, -2.117599, -1.536584
103.887540, 5.086576, -2.117728, -1.586013
103.987561, 5.086820, -2.118233, -1.637171
104.087612, 5.087200, -2.118729, -1.689931
104.187525, 5.086526, -2.118994, -1.736391
104.287491, 5.087015, -2.119659, -1.794342
104.387588, 5.087125, -2.119973, -1.841070
104.487641, 5.086517, -2.120168, -1.893588
104.587841, 5.086773, -2.120725, -1.947702
104.687568, 5.086910, -2.121465, -1.995605
104.787627, 5.086333, -2.121486, -2.047759
104.887528, 5.086403, -2.122209, -2.103593
104.987610, 5.086085, -2.122694, -2.148003
105.087521, 5.086005, -2.122669, -2.206640
105.187600, 5.085604, -2.123156, -2.259537
105.287573, 5.086106, -2.123768, -2.308004
105.387673, 5.085429, -2.124342, -2.362246
105.487610, 5.084888, -2.124464, -2.417536
105.587643, 5.084840, -2.124991, -2.468444
105.687508, 5.084657, -2.125795, -2.522124
105.787588, 5.083812, -2.125767, -2.578044
105.887585, 5.083710, -2.125924, -2.631078
105.987535, 5.083597, -2.126995, -2.682604
106.087579, 5.077842, -2.128833, -2.742156
106.187596, 5.073666, -2.130060, -2.794469
106.287588, 5.062755, -2.134343, -2.867068
106.387619, 5.050724, -2.137077, -2.921538
106.487807, 5.034616, -2.140741, -2.967296
106.587517, 5.018489, -2.143270, -3.005956
106.687531, 5.002552, -2.145153, -3.041261
106.787502, 4.986177, -2.146761, -3.065348
106.887608, 4.971238, -2.147692, -3.089851
106.987603, 4.953228, -2.148235, -3.116011
107.087504, 4.937270, -2.148511, 3.139888
107.187603, 4.921026, -2.148438, 3.117030
107.287563, 4.904403, -2.147818, 3.101141
107.387539, 4.887346, -2.147079, 3.085566
107.487590, 4.870947, -2.145715, 3.071260
107.587602, 4.854287, -2.144501, 3.057456
107.688276, 4.837819, -2.143065, 3.048475
107.787535, 4.821306, -2.141126, 3.040362
107.887538, 4.804910, -2.139078, 3.033372
107.987620, 4.789291, -2.137255, 3.023671
108.087489, 4.771191, -2.134938, 3.012298
108.187577, 4.754501, -2.132608, 3.006904
108.287516, 4.737520, -2.130094, 3.002420
108.387666, 4.720828, -2.128159, 2.990934
108.487656, 4.704725, -2.126580, 2.978398
108.587593, 4.686834, -2.124332, 2.971790
108.687628, 4.669788, -2.121494, 2.970333
108.787655, 4.652663, -2.118303, 2.970917
108.887552, 4.636162, -2.114674, 2.973437
108.987542, 4.619883, -2.111317, 2.975058
109.087581, 4.602906, -2.108040, 2.975141
109.187579, 4.586089, -2.104529, 2.977003
109.287737, 4.569457, -2.101136, 2.978326
109.387585, 4.552401, -2.097811, 2.979553
109.487525, 4.535492, -2.094648, 2.979767
109.587587, 4.518778, -2.091398, 2.982249
109.687614, 4.501297, -2.088283, 2.983981
109.779237, 4.485279, -2.085409, 2.985717
109.887564, 4.466257, -2.082115, 2.988000
109.987814, 4.448767, -2.078850, 2.992059
110.087716, 4.431354, -2.075895, 2.997298
110.187726, 4.414034, -2.073222, 3.000522
110.287585, 4.396351, -2.070372, 3.003459
110.387591, 4.378797, -2.067518, 3.008414
110.487545, 4.361500, -2.064669, 3.015086
110.587514, 4.343870, -2.062243, 3.019684
110.687576, 4.326403, -2.059872, 3.023903
110.787585, 4.308810, -2.057393, 3.029381
110.887704, 4.290867, -2.055065, 3.030704
110.987613, 4.273168, -2.052942, 3.033768
111.087637, 4.255267, -2.050720, 3.036667
111.187532, 4.237365, -2.048471, 3.040101
111.287550, 4.219832, -2.046349, 3.045547
111.387596, 4.201738, -2.044357, 3.049165
111.487512, 4.183588, -2.042431, 3.054502
111.587615, 4.165826, -2.040621, 3.059847
111.687654, 4.149681, -2.038854, 3.063515
111.787596, 4.130240, -2.037110, 3.069709
111.887688, 4.112137, -2.035465, 3.072128
111.987501, 4.093829, -2.034009, 3.074961
112.087586, 4.075815, -2.032486, 3.078381
112.187563, 4.057652, -2.031346, 3.081861
112.287535, 4.041143, -2.030244, 3.085168
112.387526, 4.021279, -2.028996, 3.088972
112.487643, 4.002823, -2.027569, 3.092242
112.587695, 3.984499, -2.026494, 3.094787
112.687562, 3.966134, -2.025393, 3.094650
112.787678, 3.949675, -2.024243, 3.095856
112.887666, 3.930110, -2.023297, 3.094398
112.987504, 3.911554, -2.022083, 3.096087
113.087678, 3.892655, -2.021011, 3.098078
113.187617, 3.874531, -2.020228, 3.102282
113.287605, 3.857008, -2.019287, 3.103076
113.387611, 3.838767, -2.018409, 3.107108
113.487535, 3.820264, -2.017680, 3.119840
113.587532, 3.801174, -2.017209, 3.131569
113.687613, 3.782169, -2.016713, 3.140734
113.787577, 3.763858, -2.016512, -3.136927
113.887611, 3.745549, -2.016093, -3.133483
113.987535, 3.727114, -2.015704, -3.130043
114.087636, 3.708440, -2.015811, -3.127485
114.187587, 3.689776, -2.015703, -3.124163
114.287602, 3.671276, -2.015656, -3.120246
114.387610, 3.653179, -2.015661, -3.117212
114.487590, 3.634681, -2.015908, -3.114416
114.587659, 3.615799, -2.016309, -3.112035
114.687660, 3.597098, -2.016547, -3.109879
114.787527, 3.578371, -2.016786, -3.108839
114.887621, 3.559943, -2.017114, -3.107310
114.987655, 3.541216, -2.017600, -3.106039
115.087732, 3.522648, -2.017978, -3.102932
115.187493, 3.504057, -2.018654, -3.101511
115.287617, 3.485229, -2.019218, -3.100867
115.387552, 3.466590, -2.019923, -3.099366
115.487590, 3.447856, -2.020604, -3.098782
115.587625, 3.429282, -2.021344, -3.097426
115.688334, 3.410190, -2.021845, -3.097118
115.787592, 3.391282, -2.022707, -3.094751
115.887653, 3.372316, -2.023220, -3.092620
115.987651, 3.353843, -2.024105, -3.089336
116.087586, 3.335123, -2.024577, -3.085035
116.187500, 3.315772, -2.025419, -3.085623
116.287703, 3.297953, -2.026109, -3.089094
116.387575, 3.279004, -2.027069, -3.089364
116.487512, 3.260182, -2.027773, -3.090493
116.587614, 3.241235, -2.028441, -3.091224
116.695827, 3.220185, -2.029235, -3.090829
116.787527, 3.202592, -2.030083, -3.092668
116.887529, 3.183409, -2.033795, -3.096320
116.987540, 3.165285, -2.033706, -3.096096
117.087594, 3.146220, -2.034616, -3.099755
117.187592, 3.126754, -2.035283, -3.102869
117.288018, 3.107351, -2.036272, -3.107739
117.387614, 3.088124, -2.036505, -3.114738
117.487610, 3.069135, -2.037143, -3.120886
117.587540, 3.050185, -2.037497, -3.128827
117.687530, 3.030721, -2.037596, -3.132243
117.787499, 3.013205, -2.037855, -3.138815
117.887600, 2.992376, -2.037774, 3.139732
117.987515, 2.973176, -2.037491, 3.133343
118.087634, 2.954297, -2.037461, 3.128351
118.187577, 2.934908, -2.037195, 3.122821
118.287690, 2.915292, -2.036676, 3.118329
118.387583, 2.896123, -2.036199, 3.112427
118.487610, 2.876922, -2.035403, 3.106503
118.587580, 2.857993, -2.034461, 3.095737
118.687635, 2.838736, -2.033560, 3.086368
118.787574, 2.818590, -2.032181, 3.070684
118.887734, 2.799141, -2.030718, 3.060158
118.987793, 2.779687, -2.029040, 3.045960
119.087719, 2.760808, -2.027239, 3.034278
119.187519, 2.741688, -2.025025, 3.024897
119.287571, 2.722282, -2.022943, 3.014117
119.387497, 2.704527, -2.020426, 3.000030
119.487575, 2.683491, -2.017318, 2.984664
119.587596, 2.664476, -2.014255, 2.970937
119.687711, 2.645530, -2.011167, 2.958993
119.787567, 2.627948, -2.007716, 2.952319
119.887583, 2.607336, -2.003471, 2.939091
119.987538, 2.588645, -1.999569, 2.931051
120.087518, 2.570206, -1.995377, 2.928452
120.187663, 2.551834, -1.991365, 2.924855
120.287585, 2.532851, -1.987145, 2.919969
120.387534, 2.513821, -1.982897, 2.915077
120.487569, 2.500801, -1.979707, 2.911247
120.587523, 2.479658, -1.974720, 2.912218
120.688010, 2.460794, -1.969963, 2.910486
120.787573, 2.442050, -1.965408, 2.909559
120.887611, 2.423215, -1.960896, 2.906531
120.987580, 2.404927, -1.956178, 2.902008
121.087629, 2.386366, -1.951685, 2.898615
121.187621, 2.369829, -1.949228, 2.876984
121.287504, 2.350135, -1.945751, 2.867156
121.387649, 2.333137, -1.940638, 2.866124
121.487568, 2.315862, -1.935560, 2.864991
121.588022, 2.298921, -1.930311, 2.865380
121.687593, 2.281175, -1.925215, 2.863612
121.787595, 2.263626, -1.920147, 2.856677
121.887490, 2.245720, -1.915351, 2.845447
121.987667, 2.228424, -1.909814, 2.832089
122.087710, 2.211175, -1.904282, 2.813231
122.188133, 2.194926, -1.898553, 2.800528
122.287647, 2.178298, -1.892215, 2.798568
122.387489, 2.162189, -1.886283, 2.795899
122.487604, 2.145879, -1.880264, 2.795290
122.587486, 2.130058, -1.874316, 2.795698
122.687487, 2.116020, -1.869243, 2.792277
122.787547, 2.111013, -1.867903, 2.778809
122.887531, 2.109051, -1.866801, 2.732829
122.987566, 2.106277, -1.865495, 2.695997
123.079376, 2.103196, -1.864338, 2.647427
123.187491, 2.100358, -1.862726, 2.588945
123.287631, 2.097673, -1.861089, 2.533768
123.387489, 2.095143, -1.859255, 2.481313
123.487773, 2.092970, -1.857241, 2.425094
123.587610, 2.090376, -1.855062, 2.370968
123.687552, 2.088604, -1.853137, 2.314926
123.787619, 2.086199, -1.850728, 2.261228
123.887610, 2.084952, -1.848450, 2.205282
123.987634, 2.083022, -1.846228, 2.156943
124.087553, 2.081986, -1.843768, 2.098343
124.187611, 2.080411, -1.841023, 2.039444
124.287547, 2.079549, -1.838530, 1.981174
124.387506, 2.078228, -1.835999, 1.927454
124.487654, 2.077704, -1.833530, 1.871258
124.587698, 2.076853, -1.830828, 1.816894
124.687607, 2.076562, -1.828330, 1.758780
124.787590, 2.075756, -1.825672, 1.704427
124.887600, 2.075831, -1.823506, 1.646227
124.987591, 2.075420, -1.821104, 1.596087
125.087616, 2.075674, -1.818735, 1.532248
125.187553, 2.075767, -1.816442, 1.481676
125.287749, 2.075974, -1.814117, 1.418483
125.387652, 2.076604, -1.811875, 1.370818
125.487944, 2.076917, -1.809545, 1.321391
125.587530, 2.077489, -1.807284, 1.278657
125.687943, 2.078234, -1.805875, 1.239363
125.787569, 2.078676, -1.804270, 1.206726
125.887651, 2.079251, -1.801831, 1.163441
125.987562, 2.080177, -1.800561, 1.126720
126.087590, 2.081193, -1.798877, 1.094883
126.187613, 2.081003, -1.799292, 1.097108
126.287574, 2.080965, -1.799250, 1.097766
126.387570, 2.080965, -1.799241, 1.097928
126.479281, 2.080949, -1.799397, 1.098134
126.587582, 2.080995, -1.799326, 1.098301
126.704375, 2.080952, -1.799382, 1.098066
126.787555, 2.080950, -1.799321, 1.098126
126.887682, 2.080910, -1.799346, 1.098103
126.987505, 2.080929, -1.799347, 1.098186
127.087672, 2.080932, -1.799350, 1.098172
127.187629, 2.080920, -1.799342, 1.098171
127.287496, 2.080907, -1.799352, 1.098154
127.387608, 2.080912, -1.799345, 1.098151
127.487534, 2.080927, -1.799339, 1.098149
127.587656, 2.080916, -1.799356, 1.098139
127.687602, 2.080923, -1.799342, 1.098154
127.787508, 2.080903, -1.799365, 1.098199
127.887628, 2.080917, -1.799348, 1.098129
127.987540, 2.080915, -1.799351, 1.098054
128.087507, 2.080925, -1.799368, 1.098176
128.187580, 2.080923, -1.799356, 1.098106
128.287610, 2.080915, -1.799355, 1.098161
128.387590, 2.080916, -1.799346, 1.098047
128.487660, 2.080922, -1.799366, 1.098051
128.587613, 2.080929, -1.799368, 1.098089
128.687772, 2.080917, -1.799360, 1.098151
128.787620, 2.080908, -1.799362, 1.098141
128.887707, 2.080915, -1.799362, 1.098054
128.987634, 2.080908, -1.799368, 1.098140
129.087526, 2.080917, -1.799363, 1.098138
129.187551, 2.080922, -1.799371, 1.098084
129.287607, 2.080935, -1.799358, 1.098145
129.387569, 2.080926, -1.799363, 1.098159
129.487740, 2.080935, -1.799371, 1.098189
129.587549, 2.080927, -1.799365, 1.098120
129.687658, 2.080914, -1.799358, 1.098158
129.787691, 2.080921, -1.799361, 1.098079
129.887559, 2.080920, -1.799370, 1.098128
129.987509, 2.080903, -1.799371, 1.098069
130.087691, 2.080917, -1.799365, 1.098110
130.187602, 2.080926, -1.799381, 1.098029
130.287607, 2.080931, -1.799376, 1.097983
130.387584, 2.080917, -1.799381, 1.098047
130.487561, 2.080924, -1.799368, 1.098096
130.587545, 2.080930, -1.799348, 1.098168
130.687569, 2.080934, -1.799360, 1.098164
130.787679, 2.080939, -1.799363, 1.098154
130.887609, 2.080940, -1.799368, 1.098189
130.987606, 2.080915, -1.799370, 1.098114
131.087950, 2.080922, -1.799370, 1.098116
131.187566, 2.080933, -1.799350, 1.098115
131.287568, 2.080936, -1.799354, 1.098166
131.387532, 2.080929, -1.799343, 1.098068
131.487628, 2.080930, -1.799356, 1.098100
131.587597, 2.080935, -1.799364, 1.098127
131.687546, 2.080939, -1.799358, 1.098055
131.787739, 2.080921, -1.799360, 1.098135
131.887779, 2.080917, -1.799370, 1.098026
131.987586, 2.080916, -1.799360, 1.098125
132.087538, 2.080923, -1.799342, 1.098212
132.187591, 2.080925, -1.799349, 1.098147
132.287518, 2.080905, -1.799351, 1.098176
132.387510, 2.080936, -1.799365, 1.098114
132.487656, 2.080949, -1.799363, 1.098185
132.587587, 2.080929, -1.799358, 1.098099
132.687720, 2.080936, -1.799349, 1.098161
132.787528, 2.080930, -1.799358, 1.098098
132.887599, 2.080917, -1.799356, 1.098162
132.987613, 2.080912, -1.799358, 1.098052
133.087502, 2.080936, -1.799367, 1.098080
133.187620, 2.080932, -1.799365, 1.098056
133.287621, 2.080914, -1.799367, 1.098108
133.379350, 2.080917, -1.799368, 1.098191
133.487603, 2.080924, -1.799373, 1.098118
133.587542, 2.080934, -1.799365, 1.098026
133.687567, 2.080921, -1.799352, 1.098096
133.787533, 2.080926, -1.799363, 1.098188
133.887579, 2.080925, -1.799353, 1.098076
133.987697, 2.080920, -1.799353, 1.098134
134.087643, 2.080928, -1.799356, 1.098085
134.187635, 2.080912, -1.799359, 1.098130
134.287586, 2.080910, -1.799356, 1.098099
134.387643, 2.080915, -1.799365, 1.098090
134.487515, 2.080906, -1.799349, 1.098109
134.587529, 2.080909, -1.799355, 1.098164
134.687609, 2.080906, -1.799367, 1.098074
134.787502, 2.080904, -1.799364, 1.098129
134.887630, 2.080895, -1.799376, 1.098115
134.987612, 2.080919, -1.799376, 1.098149
135.087682, 2.080934, -1.799366, 1.098162
135.187508, 2.080919, -1.799359, 1.098142
135.287551, 2.080919, -1.799367, 1.098148
135.387638, 2.080922, -1.799355, 1.098181
135.487505, 2.080937, -1.799350, 1.098141
135.587708, 2.080920, -1.799356, 1.098070
135.687726, 2.080916, -1.799355, 1.098141
135.787619, 2.080933, -1.799351, 1.098114
135.887611, 2.080917, -1.799357, 1.098159
135.987532, 2.080927, -1.799356, 1.098129
136.087559, 2.080901, -1.799372, 1.098071
136.187535, 2.080915, -1.799364, 1.098151
136.287601, 2.080927, -1.799359, 1.098098
136.387544, 2.080918, -1.799366, 1.098137
136.487634, 2.080927, -1.799357, 1.098071
136.587923, 2.080920, -1.799367, 1.098184
136.687693, 2.080911, -1.799361, 1.098132
136.787540, 2.080926, -1.799374, 1.098142
136.887582, 2.080923, -1.799363, 1.098072
136.987601, 2.080914, -1.799371, 1.098085
137.087516, 2.080918, -1.799373, 1.098103
137.187541, 2.080927, -1.799381, 1.098139
137.287539, 2.080936, -1.799365, 1.098187
137.387648, 2.080947, -1.799354, 1.098077
137.487645, 2.080927, -1.799365, 1.098144
137.587590, 2.080929, -1.799364, 1.098117
137.687579, 2.080915, -1.799373, 1.098140
137.787545, 2.080919, -1.799373, 1.098161
137.887558, 2.080923, -1.799371, 1.098146
137.987546, 2.080913, -1.799375, 1.098055
138.087565, 2.080911, -1.799375, 1.098214
138.187681, 2.080916, -1.799372, 1.098072
138.287788, 2.080912, -1.799382, 1.098058
138.387616, 2.080909, -1.799352, 1.098122
138.487613, 2.080924, -1.799360, 1.098082
138.587718, 2.080930, -1.799364, 1.098085
138.687552, 2.080934, -1.799354, 1.098178
138.787513, 2.080927, -1.799370, 1.098089
138.887822, 2.080921, -1.799370, 1.098218
138.987735, 2.080931, -1.799367, 1.098137
139.087710, 2.080925, -1.799356, 1.098070
139.187542, 2.080925, -1.799355, 1.098040
139.287613, 2.080927, -1.799348, 1.098073
139.387533, 2.080912, -1.799356, 1.098117
139.487653, 2.080893, -1.799366, 1.098180
139.587622, 2.080911, -1.799366, 1.098122
139.687569, 2.080892, -1.799373, 1.098121
139.787758, 2.080901, -1.799362, 1.098108
139.887914, 2.080899, -1.799372, 1.098103
139.987629, 2.080898, -1.799362, 1.098056
140.087483, 2.080900, -1.799373, 1.098154
140.187533, 2.080902, -1.799385, 1.098111
140.287602, 2.080900, -1.799377, 1.098183
140.387497, 2.080891, -1.799382, 1.098095
140.487505, 2.080903, -1.799374, 1.098084
140.587622, 2.080897, -1.799376, 1.098154
140.687586, 2.080910, -1.799375, 1.098076
140.787621, 2.080898, -1.799372, 1.098084
140.887681, 2.080923, -1.799371, 1.098172
140.987596, 2.080899, -1.799362, 1.098094
141.087590, 2.080911, -1.799379, 1.098097
141.187612, 2.080896, -1.799370, 1.098089
141.287583, 2.080909, -1.799371, 1.098182
141.387722, 2.080901, -1.799375, 1.098027
141.504179, 2.080897, -1.799370, 1.098127
141.587583, 2.080901, -1.799366, 1.098102
141.687557, 2.080905, -1.799368, 1.098069
141.787565, 2.080906, -1.799388, 1.098098
141.887659, 2.080883, -1.799393, 1.098152
141.987506, 2.080893, -1.799384, 1.098182
142.087685, 2.080893, -1.799365, 1.098098
142.187576, 2.080920, -1.799383, 1.098137
142.287671, 2.080928, -1.799377, 1.098110
142.387554, 2.080899, -1.799381, 1.098151
142.487651, 2.080891, -1.799375, 1.098066
142.587541, 2.080894, -1.799385, 1.098170
142.687577, 2.080898, -1.799365, 1.098134
142.787682, 2.080914, -1.799371, 1.098154
142.887629, 2.080905, -1.799376, 1.098146
142.987604, 2.080881, -1.799368, 1.098096
143.087702, 2.080896, -1.799369, 1.098161
143.187527, 2.080895, -1.799370, 1.098043
143.287576, 2.080907, -1.799379, 1.098137
143.388339, 2.080901, -1.799382, 1.098160
143.487658, 2.080913, -1.799382, 1.098106
143.587583, 2.080908, -1.799367, 1.098125
143.687531, 2.080904, -1.799377, 1.098095
143.787549, 2.080906, -1.799378, 1.098104
143.887622, 2.080892, -1.799390, 1.098139
