0.287679, 3.188583, -2.834825, 1.557320
0.395950, 3.188564, -2.834833, 1.557218
0.487617, 3.188580, -2.834828, 1.557230
0.587729, 3.188592, -2.834812, 1.557144
0.687665, 3.188569, -2.834810, 1.557309
0.787612, 3.188576, -2.834809, 1.557204
0.887605, 3.188580, -2.834822, 1.557372
0.996026, 3.188580, -2.834814, 1.557216
1.087586, 3.188604, -2.834803, 1.557256
1.187617, 3.188586, -2.834809, 1.557282
1.287634, 3.188574, -2.834804, 1.557264
1.387685, 3.188587, -2.834789, 1.557224
1.487723, 3.188593, -2.834811, 1.557424
1.587644, 3.188596, -2.834785, 1.557339
1.687557, 3.188619, -2.834794, 1.557104
1.787694, 3.188577, -2.834808, 1.557322
1.887643, 3.188570, -2.834820, 1.557232
1.987759, 3.188567, -2.834822, 1.557349
2.087627, 3.188582, -2.834815, 1.557246
2.187568, 3.188568, -2.834813, 1.557453
2.287510, 3.188592, -2.834806, 1.557284
2.387620, 3.188601, -2.834791, 1.557283
2.487997, 3.188555, -2.834809, 1.557208
2.587571, 3.188571, -2.834798, 1.557308
2.687561, 3.188576, -2.834811, 1.557268
2.787615, 3.188567, -2.834791, 1.557201
2.887653, 3.188597, -2.834807, 1.557148
2.987646, 3.188583, -2.834812, 1.557182
3.087921, 3.188605, -2.834809, 1.557185
3.187624, 3.188610, -2.834816, 1.557222
3.287682, 3.188599, -2.834829, 1.557223
3.387584, 3.188584, -2.834819, 1.557348
3.487590, 3.188569, -2.834818, 1.557295
3.587608, 3.188569, -2.834861, 1.557317
3.687612, 3.188545, -2.834856, 1.557345
3.787713, 3.188573, -2.834833, 1.557298
3.887596, 3.188572, -2.834822, 1.557368
3.987636, 3.188577, -2.834824, 1.557344
4.087684, 3.188568, -2.834819, 1.557183
4.187608, 3.188565, -2.834833, 1.557265
4.287874, 3.188543, -2.834835, 1.557270
4.387611, 3.188555, -2.834834, 1.557313
4.487851, 3.188568, -2.834813, 1.557360
4.587662, 3.188572, -2.834811, 1.557272
4.687687, 3.188561, -2.834834, 1.557210
4.787715, 3.188584, -2.834815, 1.557268
4.887769, 3.188568, -2.834818, 1.557322
4.987569, 3.188567, -2.834825, 1.557386
5.087537, 3.188568, -2.834815, 1.557287
5.187676, 3.188573, -2.834818, 1.557179
5.287903, 3.188563, -2.834828, 1.557333
5.387701, 3.188561, -2.834828, 1.557337
5.487644, 3.188548, -2.834830, 1.557349
5.587582, 3.188557, -2.834850, 1.557440
5.687547, 3.188566, -2.834809, 1.557121
5.787769, 3.188540, -2.834807, 1.557230
5.887547, 3.188545, -2.834810, 1.557202
5.987701, 3.188543, -2.834805, 1.557263
6.087554, 3.188538, -2.834814, 1.557343
6.187610, 3.188537, -2.834816, 1.557300
6.287650, 3.188560, -2.834817, 1.557354
6.387692, 3.188581, -2.834805, 1.557199
6.487622, 3.188576, -2.834813, 1.557297
6.587624, 3.188574, -2.834816, 1.557291
6.687675, 3.188566, -2.834800, 1.557291
6.787626, 3.188583, -2.834821, 1.557389
6.887670, 3.188588, -2.834828, 1.557305
6.987758, 3.188583, -2.834826, 1.557214
7.087690, 3.188566, -2.834824, 1.557215
7.187682, 3.188569, -2.834832, 1.557342
7.287654, 3.188556, -2.834825, 1.557149
7.387620, 3.188575, -2.834840, 1.557220
7.487777, 3.188577, -2.834853, 1.557291
7.587587, 3.188574, -2.834835, 1.557217
7.687576, 3.188562, -2.834842, 1.557279
7.787654, 3.188583, -2.834873, 1.557289
7.887632, 3.188568, -2.834877, 1.557442
7.987622, 3.188556, -2.834840, 1.557351
8.087618, 3.188553, -2.834833, 1.557251
8.187518, 3.188566, -2.834830, 1.557343
8.287688, 3.188540, -2.834828, 1.557167
8.387657, 3.188567, -2.834821, 1.557174
8.487642, 3.188547, -2.834821, 1.557379
8.587706, 3.188551, -2.834830, 1.557273
8.687587, 3.188554, -2.834820, 1.557281
8.787596, 3.188555, -2.834813, 1.557341
8.887641, 3.188592, -2.834803, 1.557270
8.987611, 3.188580, -2.834808, 1.557228
9.087682, 3.188571, -2.834818, 1.557388
9.187679, 3.188573, -2.834810, 1.557321
9.287561, 3.188574, -2.834811, 1.557271
9.387667, 3.188562, -2.834817, 1.557253
9.487646, 3.188571, -2.834821, 1.557317
9.587684, 3.188555, -2.834825, 1.557311
9.687507, 3.188558, -2.834812, 1.557258
9.787590, 3.188560, -2.834830, 1.557338
9.887595, 3.188561, -2.834843, 1.557184
9.987605, 3.188557, -2.834837, 1.557344
10.087712, 3.188552, -2.834830, 1.557282
10.187644, 3.188545, -2.834821, 1.557250
10.287745, 3.188541, -2.834836, 1.557354
10.387664, 3.188550, -2.834816, 1.557236
10.495918, 3.188554, -2.834820, 1.557326
10.587541, 3.188556, -2.834830, 1.557315
10.687682, 3.188566, -2.834817, 1.557233
10.787633, 3.188562, -2.834829, 1.557238
10.887597, 3.188576, -2.834829, 1.557240
10.987639, 3.188567, -2.834816, 1.557258
11.087656, 3.188554, -2.834826, 1.557281
11.187618, 3.188562, -2.834822, 1.557303
11.287602, 3.188561, -2.834817, 1.557180
11.387618, 3.188565, -2.834825, 1.557187
11.487631, 3.188558, -2.834828, 1.557186
11.587928, 3.188554, -2.834836, 1.557324
11.687667, 3.188557, -2.834827, 1.557190
11.787559, 3.188541, -2.834829, 1.557468
11.887632, 3.188544, -2.834826, 1.557306
11.987662, 3.188572, -2.834836, 1.557160
12.087625, 3.188570, -2.834832, 1.557334
12.187641, 3.188570, -2.834825, 1.557253
12.287565, 3.188578, -2.834810, 1.557262
12.387647, 3.188562, -2.834827, 1.557279
12.487595, 3.188550, -2.834844, 1.557138
12.587600, 3.188586, -2.834792, 1.557303
12.687769, 3.188575, -2.834816, 1.557218
12.787585, 3.188589, -2.834800, 1.557192
12.887719, 3.188564, -2.834798, 1.557196
12.987629, 3.188586, -2.834796, 1.557424
13.087610, 3.188562, -2.834807, 1.557275
13.187650, 3.188593, -2.834824, 1.557148
13.287701, 3.188585, -2.834822, 1.557364
13.387651, 3.188608, -2.834792, 1.557313
13.487595, 3.188575, -2.834815, 1.557349
13.587610, 3.188606, -2.834809, 1.557167
13.687630, 3.188547, -2.834831, 1.557307
13.787590, 3.188552, -2.834834, 1.557313
13.887635, 3.188569, -2.834819, 1.557279
13.987593, 3.188552, -2.834821, 1.557349
14.087633, 3.188576, -2.834827, 1.557290
14.187613, 3.188562, -2.834805, 1.557057
14.287822, 3.188560, -2.834820, 1.557400
14.387612, 3.188568, -2.834819, 1.557206
14.487651, 3.188563, -2.834815, 1.557254
14.587703, 3.188556, -2.834811, 1.557285
14.687612, 3.188569, -2.834828, 1.557360
14.787612, 3.188570, -2.834824, 1.557343
14.887629, 3.188566, -2.834814, 1.557171
14.987574, 3.188555, -2.834816, 1.557342
15.087721, 3.188553, -2.834817, 1.557176
15.187660, 3.188560, -2.834822, 1.557371
15.287586, 3.188559, -2.834820, 1.557298
15.387995, 3.188563, -2.834833, 1.557258
15.487597, 3.188573, -2.834817, 1.557193
15.587619, 3.188580, -2.834823, 1.557339
15.687719, 3.188567, -2.834811, 1.557182
15.787648, 3.188571, -2.834807, 1.557383
15.887688, 3.188550, -2.834822, 1.557360
15.987545, 3.188583, -2.834818, 1.557313
16.087615, 3.188553, -2.834816, 1.557370
16.187649, 3.188565, -2.834820, 1.557296
16.287606, 3.188577, -2.834811, 1.557206
16.387631, 3.188570, -2.834823, 1.557285
16.487556, 3.188566, -2.834819, 1.557172
16.587850, 3.188555, -2.834814, 1.557200
16.687760, 3.188580, -2.834810, 1.557201
16.787756, 3.188580, -2.834825, 1.557168
16.887647, 3.188585, -2.834807, 1.557192
16.987519, 3.188565, -2.834812, 1.557306
17.087615, 3.188549, -2.834840, 1.557384
17.187685, 3.188554, -2.834821, 1.557312
17.287686, 3.188553, -2.834814, 1.557280
17.387835, 3.188557, -2.834835, 1.557320
17.487959, 3.188552, -2.834829, 1.557298
17.587631, 3.188547, -2.834808, 1.557219
17.687597, 3.188559, -2.834823, 1.557061
17.787823, 3.188558, -2.834829, 1.557289
17.887645, 3.188551, -2.834833, 1.557447
17.987511, 3.188543, -2.834815, 1.557222
18.087590, 3.188554, -2.834807, 1.557219
18.187512, 3.188562, -2.834819, 1.557200
18.287694, 3.188545, -2.834795, 1.557208
18.387620, 3.188558, -2.834787, 1.557285
18.487603, 3.188547, -2.834805, 1.557179
18.587806, 3.188556, -2.834827, 1.557355
18.687618, 3.188558, -2.834820, 1.557254
18.787638, 3.188552, -2.834815, 1.557338
18.887683, 3.188545, -2.834816, 1.557210
18.987691, 3.188558, -2.834823, 1.557259
19.087606, 3.188561, -2.834818, 1.557098
19.187550, 3.188553, -2.834816, 1.557263
19.287641, 3.188555, -2.834832, 1.557267
19.387614, 3.188584, -2.834817, 1.557176
19.487665, 3.188572, -2.834818, 1.557252
19.587623, 3.188563, -2.834811, 1.557362
19.687656, 3.188558, -2.834818, 1.557390
19.787587, 3.188534, -2.834826, 1.557171
19.887711, 3.188559, -2.834822, 1.557193
19.987554, 3.188563, -2.834840, 1.557277
20.087586, 3.188549, -2.834812, 1.557167
20.187581, 3.188555, -2.834822, 1.557121
20.287588, 3.188544, -2.834807, 1.557111
20.387613, 3.188592, -2.833729, 1.544000
20.487731, 3.188118, -2.824222, 1.521224
20.588148, 3.187930, -2.819667, 1.485668
20.687522, 3.185964, -2.811901, 1.461972
20.788860, 3.187348, -2.792394, 1.445067
20.888200, 3.188982, -2.774855, 1.432734
20.987597, 3.190368, -2.760456, 1.417500
21.087562, 3.192401, -2.745409, 1.396185
21.187600, 3.194559, -2.730201, 1.377584
21.287639, 3.197118, -2.715007, 1.358226
21.387688, 3.199926, -2.699755, 1.340366
21.487678, 3.203120, -2.684991, 1.323742
21.587586, 3.206266, -2.669459, 1.311665
21.687628, 3.209962, -2.654070, 1.301031
21.787592, 3.213666, -2.638857, 1.293653
21.879281, 3.217460, -2.625053, 1.284673
21.987627, 3.221841, -2.608788, 1.272212
22.096137, 3.225924, -2.592996, 1.261020
22.187606, 3.229621, -2.581711, 1.241698
22.287678, 3.234501, -2.564646, 1.228027
22.387573, 3.238985, -2.549934, 1.213347
22.487673, 3.242788, -2.538764, 1.207693
22.587555, 3.247045, -2.527613, 1.187340
22.687622, 3.253218, -2.510129, 1.180723
22.787570, 3.253996, -2.507874, 1.175240
22.887632, 3.259115, -2.495653, 1.170738
22.987540, 3.267071, -2.473615, 1.166771
23.087649, 3.271182, -2.463324, 1.161552
23.187634, 3.274479, -2.454674, 1.150741
23.287515, 3.280965, -2.437865, 1.145528
23.387495, 3.282741, -2.431357, 1.137840
23.487519, 3.286122, -2.423960, 1.123461
23.587611, 3.293597, -2.410321, 1.128121
23.687678, 3.296331, -2.403680, 1.133917
23.787577, 3.303150, -2.390175, 1.136544
23.887949, 3.306015, -2.383620, 1.129116
23.979253, 3.312775, -2.368576, 1.107214
24.087605, 3.317963, -2.357438, 1.100698
24.187650, 3.322913, -2.346374, 1.089720
24.287606, 3.326494, -2.337753, 1.068522
24.387625, 3.331301, -2.328898, 1.056042
24.487586, 3.336761, -2.319010, 1.041333
24.587640, 3.343118, -2.305133, 1.033775
24.687759, 3.348029, -2.297736, 1.022083
24.787664, 3.354341, -2.285925, 1.013684
24.879361, 3.357349, -2.279064, 0.998955
24.987575, 3.362940, -2.270545, 0.976706
25.079256, 3.367647, -2.263787, 0.968438
25.187688, 3.372079, -2.255737, 0.931500
25.290843, 3.381777, -2.242597, 0.923969
25.387626, 3.385596, -2.236901, 0.901800
25.487602, 3.387741, -2.233822, 0.900923
25.587578, 3.388491, -2.233650, 0.917386
25.687578, 3.389093, -2.232775, 0.935600
25.787493, 3.390345, -2.231681, 0.956273
25.887713, 3.390199, -2.231306, 0.985289
25.987588, 3.391088, -2.230656, 1.020081
26.087711, 3.391426, -2.229820, 1.054631
26.187688, 3.392357, -2.229437, 1.098383
26.287626, 3.392531, -2.228849, 1.142075
26.387529, 3.392826, -2.228296, 1.180446
26.487622, 3.393673, -2.228058, 1.227901
26.587575, 3.393993, -2.227175, 1.269081
26.687620, 3.393508, -2.227074, 1.311445
26.787517, 3.395293, -2.226300, 1.353472
26.887594, 3.394224, -2.226181, 1.401583
26.987589, 3.394920, -2.225978, 1.442148
27.087594, 3.395341, -2.225210, 1.493199
27.187649, 3.395633, -2.224302, 1.531532
27.287583, 3.395205, -2.224698, 1.577454
27.387626, 3.396239, -2.223842, 1.619962
27.487730, 3.395519, -2.223750, 1.656388
27.587696, 3.396039, -2.222976, 1.695160
27.687544, 3.396677, -2.222414, 1.728819
27.787578, 3.395774, -2.222534, 1.757678
27.887888, 3.396182, -2.221661, 1.787326
27.987630, 3.396247, -2.221325, 1.808846
28.087579, 3.396282, -2.221008, 1.839903
28.187602, 3.396272, -2.220471, 1.868764
28.287609, 3.396303, -2.219973, 1.891668
28.387541, 3.396415, -2.219306, 1.921967
28.487524, 3.396345, -2.219548, 1.935349
28.587594, 3.396450, -2.219542, 1.935013
28.687568, 3.396467, -2.219700, 1.935005
28.787711, 3.396366, -2.219712, 1.934829
28.887583, 3.396343, -2.219689, 1.934739
28.987577, 3.396371, -2.219671, 1.934739
29.087603, 3.396425, -2.219699, 1.934945
29.187625, 3.396420, -2.219686, 1.935035
29.287637, 3.396397, -2.219675, 1.934854
29.387593, 3.396367, -2.219703, 1.934961
29.487602, 3.396384, -2.219718, 1.934971
29.587526, 3.396387, -2.219715, 1.934889
29.687630, 3.396401, -2.219721, 1.934991
29.787673, 3.396383, -2.219718, 1.935007
29.887620, 3.396403, -2.219711, 1.935060
29.987574, 3.396395, -2.219715, 1.934942
30.087598, 3.396383, -2.219724, 1.935048
30.187627, 3.396388, -2.219716, 1.934989
30.288217, 3.396374, -2.219720, 1.934930
30.387591, 3.396380, -2.219724, 1.934909
30.487528, 3.396382, -2.219728, 1.935043
30.587603, 3.396394, -2.219731, 1.935083
30.687761, 3.396401, -2.219734, 1.935026
30.787576, 3.396403, -2.219727, 1.935005
30.887647, 3.396335, -2.219690, 1.935570
30.987581, 3.396394, -2.219730, 1.934968
31.087641, 3.396393, -2.219732, 1.935084
31.187569, 3.396394, -2.219734, 1.934882
31.287642, 3.396390, -2.219728, 1.934895
31.387594, 3.396395, -2.219748, 1.935004
31.487579, 3.396398, -2.219742, 1.934995
31.587920, 3.396396, -2.219738, 1.935053
31.687598, 3.396404, -2.219740, 1.935085
31.787597, 3.396407, -2.219755, 1.934957
31.887665, 3.396407, -2.219756, 1.935151
31.987744, 3.396392, -2.219752, 1.935163
32.087550, 3.396411, -2.219747, 1.934996
32.187593, 3.396413, -2.219743, 1.934839
32.304313, 3.396417, -2.219752, 1.935043
32.387622, 3.396405, -2.219755, 1.935129
32.487611, 3.396411, -2.219754, 1.934932
32.587607, 3.396422, -2.219744, 1.935016
32.687622, 3.396390, -2.219753, 1.934961
32.787696, 3.396389, -2.219741, 1.934961
32.887612, 3.396396, -2.219746, 1.935070
32.987612, 3.396407, -2.219740, 1.934941
33.087774, 3.396411, -2.219751, 1.935048
33.187522, 3.396337, -2.219709, 1.935627
33.287721, 3.396328, -2.219704, 1.935529
33.387591, 3.396405, -2.219742, 1.934989
33.487829, 3.396407, -2.219742, 1.935015
33.587589, 3.396398, -2.219758, 1.934995
33.687614, 3.396400, -2.219740, 1.934951
33.787590, 3.396396, -2.219747, 1.935045
33.887831, 3.396412, -2.219766, 1.935003
33.987627, 3.396394, -2.219753, 1.935025
34.087618, 3.396340, -2.219708, 1.935705
34.187612, 3.396391, -2.219752, 1.934955
34.287717, 3.396392, -2.219757, 1.935108
34.387517, 3.396414, -2.219757, 1.935013
34.487631, 3.396395, -2.219761, 1.935031
34.587566, 3.396394, -2.219767, 1.935029
34.687619, 3.396396, -2.219765, 1.935162
34.787587, 3.396416, -2.219771, 1.934947
34.887680, 3.396408, -2.219768, 1.935168
34.987526, 3.396399, -2.219764, 1.935091
35.087676, 3.396399, -2.219750, 1.934995
35.187592, 3.396407, -2.219767, 1.934975
35.287640, 3.396415, -2.219799, 1.934992
35.387658, 3.396401, -2.219795, 1.935156
35.487605, 3.396407, -2.219781, 1.935020
35.587528, 3.396393, -2.219776, 1.935000
35.687628, 3.396394, -2.219783, 1.935033
35.787635, 3.396391, -2.219781, 1.935029
35.887581, 3.396394, -2.219771, 1.935001
35.987613, 3.396404, -2.219777, 1.935027
36.087574, 3.396388, -2.219773, 1.935076
36.179213, 3.396416, -2.219781, 1.934924
36.287628, 3.396401, -2.219774, 1.935125
36.387641, 3.396413, -2.219770, 1.934951
36.487606, 3.396415, -2.219776, 1.935017
36.587640, 3.396408, -2.219759, 1.934964
36.689230, 3.396405, -2.219783, 1.934998
36.787724, 3.396413, -2.219770, 1.935048
36.887649, 3.396433, -2.219782, 1.934972
36.987638, 3.396406, -2.219777, 1.935005
37.087649, 3.396412, -2.219767, 1.935044
37.187591, 3.396411, -2.219752, 1.934968
37.287696, 3.396421, -2.219758, 1.934980
37.387700, 3.396408, -2.219761, 1.934966
37.487675, 3.396406, -2.219768, 1.935090
37.587601, 3.396409, -2.219773, 1.935089
37.687656, 3.396413, -2.219765, 1.935050
37.796085, 3.396414, -2.219765, 1.934878
37.887682, 3.396406, -2.219751, 1.934853
37.987622, 3.396418, -2.219762, 1.935056
38.087597, 3.396427, -2.219759, 1.935051
38.187827, 3.396436, -2.219763, 1.934915
38.287695, 3.396430, -2.219775, 1.935070
38.387547, 3.396431, -2.219772, 1.935006
38.487553, 3.396423, -2.219775, 1.935001
38.587509, 3.396403, -2.219763, 1.934953
38.687653, 3.396385, -2.219770, 1.935038
38.787635, 3.396397, -2.219755, 1.934946
38.887619, 3.396395, -2.219751, 1.934797
38.987654, 3.396395, -2.219748, 1.934860
39.087583, 3.396403, -2.219743, 1.934838
39.187635, 3.396410, -2.219743, 1.934894
39.287647, 3.396396, -2.219751, 1.934838
39.387596, 3.396404, -2.219749, 1.934824
39.487726, 3.396407, -2.219745, 1.934965
39.587661, 3.396407, -2.219735, 1.934913
39.687629, 3.396421, -2.219714, 1.934971
39.787855, 3.396444, -2.219803, 1.934380
39.887676, 3.393926, -2.214062, 1.901815
39.987652, 3.390326, -2.204356, 1.889416
40.087581, 3.389756, -2.203546, 1.856223
40.187668, 3.389568, -2.203520, 1.849025
40.287614, 3.388395, -2.199355, 1.808692
40.387690, 3.386539, -2.192517, 1.773161
40.487565, 3.384124, -2.182789, 1.720241
40.588036, 3.381981, -2.168914, 1.666668
40.687546, 3.379892, -2.152911, 1.618546
40.787563, 3.378641, -2.137220, 1.567679
40.887565, 3.378444, -2.120407, 1.514605
40.987567, 3.378938, -2.105369, 1.464872
41.087572, 3.380181, -2.089838, 1.411210
41.187559, 3.382471, -2.074351, 1.356975
41.287579, 3.385331, -2.058835, 1.303932
41.387753, 3.388829, -2.043399, 1.250702
41.487643, 3.393554, -2.027813, 1.200455
41.587913, 3.398789, -2.012550, 1.159463
41.687591, 3.405142, -1.998011, 1.124622
41.787631, 3.411539, -1.983669, 1.088350
41.887589, 3.418624, -1.969309, 1.060812
41.987631, 3.426440, -1.954855, 1.025579
42.087610, 3.434889, -1.941390, 1.002436
42.187602, 3.442581, -1.926999, 0.968090
42.287638, 3.451858, -1.913631, 0.947769
42.387652, 3.461251, -1.900612, 0.925366
42.487611, 3.470694, -1.887623, 0.903394
42.587542, 3.480585, -1.874520, 0.876379
42.687622, 3.491028, -1.861794, 0.851398
42.787549, 3.501761, -1.849206, 0.833754
42.887613, 3.512472, -1.836856, 0.818588
42.987618, 3.523270, -1.824803, 0.809840
43.087671, 3.534489, -1.813028, 0.806731
43.187646, 3.545887, -1.800687, 0.791895
43.287822, 3.557455, -1.789097, 0.786807
43.387648, 3.568932, -1.777049, 0.766342
43.487823, 3.580630, -1.765994, 0.763507
43.587652, 3.592236, -1.754598, 0.760082
43.687709, 3.603947, -1.743176, 0.755039
43.787629, 3.615438, -1.732236, 0.753450
43.887662, 3.627548, -1.721009, 0.754666
43.987602, 3.639815, -1.709138, 0.756614
44.087629, 3.652148, -1.697271, 0.753720
44.187583, 3.663762, -1.686698, 0.755565
44.287676, 3.676708, -1.674271, 0.759541
44.387524, 3.689535, -1.661957, 0.764823
44.487711, 3.701735, -1.649609, 0.764666
44.587560, 3.714209, -1.637163, 0.765716
44.687582, 3.726363, -1.624748, 0.767959
44.787623, 3.738663, -1.612180, 0.770824
44.887630, 3.750623, -1.599765, 0.777428
44.987685, 3.763014, -1.587168, 0.785580
45.087577, 3.774836, -1.574266, 0.787150
45.187510, 3.787064, -1.561304, 0.789504
45.287613, 3.799023, -1.548131, 0.788142
45.387643, 3.811036, -1.535268, 0.789991
45.487677, 3.822994, -1.522296, 0.792358
45.587733, 3.836051, -1.510666, 0.791699
45.687541, 3.847743, -1.497630, 0.796529
45.787579, 3.859131, -1.485955, 0.799271
45.887524, 3.871523, -1.473366, 0.804836
45.987618, 3.881929, -1.462181, 0.805375
46.087728, 3.893548, -1.449429, 0.817003
46.187636, 3.902948, -1.438948, 0.818066
46.287645, 3.912707, -1.428625, 0.819731
46.387594, 3.921754, -1.418626, 0.821272
46.487542, 3.929735, -1.408862, 0.819576
46.587564, 3.941833, -1.396289, 0.842252
46.687641, 3.952344, -1.384674, 0.848647
46.787546, 3.961046, -1.374303, 0.860075
46.887657, 3.971589, -1.361723, 0.864144
46.987648, 3.983356, -1.348661, 0.892854
47.087708, 3.994052, -1.334692, 0.908116
47.187563, 4.003555, -1.322282, 0.921701
47.287588, 4.012398, -1.310927, 0.932959
47.387616, 4.019938, -1.300777, 0.941404
47.487700, 4.026036, -1.291477, 0.959905
47.587521, 4.035356, -1.278832, 0.970408
47.687919, 4.041987, -1.268698, 0.981400
47.787579, 4.049057, -1.258091, 1.004397
47.887730, 4.058568, -1.242328, 1.005176
47.987589, 4.067702, -1.226286, 1.005335
48.087575, 4.076415, -1.212154, 1.007365
48.187644, 4.084149, -1.198997, 1.008046
48.287644, 4.091461, -1.187192, 1.010641
48.387559, 4.098484, -1.175505, 1.011478
48.479378, 4.104031, -1.166042, 1.010380
48.587714, 4.111188, -1.154595, 1.011007
48.687626, 4.114969, -1.143364, 1.003354
48.787636, 4.120915, -1.132477, 1.006509
48.887596, 4.126260, -1.124071, 1.010328
48.987644, 4.134051, -1.111697, 1.035194
49.087632, 4.141100, -1.099884, 1.036891
49.187511, 4.143355, -1.096012, 1.035287
49.288064, 4.145679, -1.092600, 1.053369
49.387644, 4.145878, -1.091580, 1.085184
49.487647, 4.147026, -1.090172, 1.110478
49.587642, 4.147244, -1.089469, 1.161327
49.687603, 4.148528, -1.088168, 1.200918
49.787585, 4.149168, -1.086787, 1.250344
49.887648, 4.148909, -1.086511, 1.296252
49.987624, 4.149923, -1.085016, 1.342304
50.087571, 4.150006, -1.084355, 1.402330
50.189910, 4.150785, -1.082916, 1.449928
50.287637, 4.150999, -1.082456, 1.505614
50.387609, 4.151385, -1.080895, 1.552942
50.487690, 4.151070, -1.080592, 1.606432
50.587631, 4.151748, -1.079096, 1.646166
50.687587, 4.151928, -1.078664, 1.692152
50.787614, 4.152031, -1.077398, 1.729168
50.887641, 4.151770, -1.076627, 1.759803
50.987596, 4.152230, -1.075588, 1.796896
51.087662, 4.151723, -1.074822, 1.829392
51.187544, 4.151723, -1.073372, 1.858379
51.287612, 4.151794, -1.072499, 1.893427
51.387905, 4.151338, -1.072114, 1.925663
51.487715, 4.151608, -1.070570, 1.958681
51.587653, 4.150930, -1.070672, 1.960104
51.687551, 4.151021, -1.070393, 1.960883
51.788046, 4.151219, -1.070446, 1.961046
51.887668, 4.151189, -1.070419, 1.961223
51.987623, 4.151108, -1.070475, 1.960838
52.087513, 4.151071, -1.070402, 1.961001
52.187626, 4.151067, -1.070426, 1.960892
52.287590, 4.151096, -1.070433, 1.960918
52.387660, 4.151122, -1.070438, 1.961002
52.487632, 4.151141, -1.070447, 1.960792
52.587597, 4.151132, -1.070445, 1.960955
52.687852, 4.151124, -1.070444, 1.960960
52.787608, 4.151107, -1.070450, 1.960884
52.887675, 4.151104, -1.070442, 1.960797
52.987603, 4.151112, -1.070442, 1.960854
53.087592, 4.151116, -1.070463, 1.960862
53.187666, 4.151119, -1.070448, 1.960769
53.287673, 4.151118, -1.070455, 1.960948
53.387595, 4.151089, -1.070460, 1.960911
53.487771, 4.151089, -1.070459, 1.960899
53.588199, 4.151097, -1.070451, 1.960873
53.687633, 4.151111, -1.070459, 1.960955
53.787565, 4.151110, -1.070470, 1.960928
53.887627, 4.151108, -1.070466, 1.960921
53.987630, 4.151118, -1.070469, 1.960950
54.087848, 4.151124, -1.070453, 1.960937
54.187572, 4.151127, -1.070453, 1.960856
54.287645, 4.151103, -1.070459, 1.960947
54.387627, 4.151103, -1.070462, 1.960886
54.487644, 4.151112, -1.070465, 1.961017
54.587509, 4.151115, -1.070452, 1.960911
54.687525, 4.151114, -1.070447, 1.960922
54.787590, 4.151105, -1.070447, 1.960856
54.887595, 4.151118, -1.070468, 1.960858
54.987616, 4.151116, -1.070466, 1.960991
55.087641, 4.151125, -1.070460, 1.960876
55.187572, 4.151130, -1.070464, 1.960824
55.287619, 4.151127, -1.070457, 1.960873
55.387527, 4.151132, -1.070462, 1.960794
55.487554, 4.151126, -1.070465, 1.960868
55.587598, 4.151099, -1.070467, 1.960892
55.687682, 4.151102, -1.070470, 1.960891
55.804396, 4.151110, -1.070462, 1.960899
55.887699, 4.151105, -1.070486, 1.960976
55.987590, 4.151104, -1.070474, 1.960989
56.087627, 4.151090, -1.070464, 1.960881
56.187583, 4.151101, -1.070471, 1.960930
56.287775, 4.151110, -1.070475, 1.960969
56.387688, 4.151118, -1.070477, 1.960886
56.487727, 4.151119, -1.070470, 1.960930
56.587523, 4.151115, -1.070470, 1.960878
56.687647, 4.151113, -1.070471, 1.960817
56.787591, 4.151108, -1.070471, 1.960825
56.887587, 4.151090, -1.070473, 1.960881
56.987642, 4.151095, -1.070471, 1.960905
57.087586, 4.151098, -1.070454, 1.960796
57.187589, 4.151111, -1.070459, 1.960941
57.287807, 4.151107, -1.070464, 1.960915
57.387693, 4.151103, -1.070473, 1.960905
57.487627, 4.151107, -1.070481, 1.960926
57.587674, 4.151108, -1.070474, 1.960886
57.687690, 4.151097, -1.070481, 1.960889
57.787598, 4.151101, -1.070463, 1.960865
57.887629, 4.151091, -1.070465, 1.960838
57.987622, 4.151096, -1.070459, 1.960874
58.087687, 4.151089, -1.070470, 1.960905
58.187661, 4.151102, -1.070468, 1.960936
58.287711, 4.151087, -1.070470, 1.960934
58.387611, 4.151098, -1.070473, 1.960930
58.487566, 4.151108, -1.070470, 1.960857
58.587609, 4.151098, -1.070479, 1.960824
58.687737, 4.151095, -1.070480, 1.960940
58.787623, 4.151102, -1.070476, 1.960886
58.887710, 4.151092, -1.070472, 1.960934
58.987671, 4.151108, -1.070462, 1.960850
59.087638, 4.151086, -1.070471, 1.961001
59.187636, 4.151103, -1.070451, 1.960907
59.287634, 4.151105, -1.070473, 1.960899
59.387683, 4.151099, -1.070462, 1.960828
59.487641, 4.151110, -1.070470, 1.960923
59.587616, 4.151123, -1.070471, 1.960895
59.687568, 4.151135, -1.070478, 1.960882
59.787592, 4.151124, -1.070481, 1.960851
59.887510, 4.151123, -1.070482, 1.960903
59.987564, 4.151107, -1.070476, 1.960868
60.086928, 4.151125, -1.070490, 1.960888
60.187523, 4.151123, -1.070486, 1.960925
60.287641, 4.149545, -1.067281, 1.932325
60.387600, 4.145671, -1.058092, 1.916736
60.487510, 4.145246, -1.057469, 1.885033
60.587667, 4.145207, -1.057848, 1.859012
60.687718, 4.144555, -1.056736, 1.833935
60.804303, 4.144300, -1.056397, 1.805426
60.887583, 4.143916, -1.055918, 1.775377
60.987533, 4.143715, -1.055944, 1.751805
61.087610, 4.143417, -1.055389, 1.725217
61.187585, 4.143104, -1.055193, 1.696862
61.287555, 4.142935, -1.055075, 1.665858
61.387551, 4.142604, -1.054319, 1.634147
61.487589, 4.142574, -1.054202, 1.594528
61.587606, 4.141902, -1.053515, 1.559868
61.687573, 4.142086, -1.053222, 1.518680
61.787705, 4.141537, -1.052601, 1.485466
61.887563, 4.141779, -1.052309, 1.443565
61.987681, 4.141151, -1.051647, 1.415770
62.087711, 4.141448, -1.051063, 1.370669
62.187566, 4.140854, -1.050572, 1.339702
62.287645, 4.141076, -1.050014, 1.291898
62.387602, 4.140368, -1.049657, 1.255429
62.487668, 4.142115, -1.045326, 1.204403
62.587634, 4.141570, -1.044938, 1.171672
62.687605, 4.142868, -1.040847, 1.120850
62.787528, 4.143118, -1.038671, 1.087248
62.887767, 4.145362, -1.035870, 1.030986
62.987650, 4.144789, -1.034488, 1.007822
63.087794, 4.146358, -1.032346, 0.953638
63.187528, 4.147363, -1.029882, 0.929306
63.288008, 4.149403, -1.027338, 0.876901
63.387649, 4.150163, -1.024870, 0.859896
63.487640, 4.152772, -1.022760, 0.796416
63.579287, 4.160825, -1.014017, 0.762378
63.687600, 4.169736, -1.004565, 0.704668
63.787647, 4.181660, -0.994886, 0.649134
63.887790, 4.194898, -0.984283, 0.601505
63.987751, 4.207378, -0.975114, 0.554329
64.079335, 4.219635, -0.967249, 0.512001
64.187490, 4.234303, -0.958697, 0.464543
64.287599, 4.248224, -0.951367, 0.430750
64.387595, 4.261535, -0.945070, 0.404431
64.487683, 4.277530, -0.937806, 0.379047
64.587608, 4.292078, -0.931959, 0.358493
64.688344, 4.307147, -0.926069, 0.334438
64.787558, 4.321753, -0.920456, 0.317817
64.887690, 4.336849, -0.914936, 0.297069
64.987695, 4.352198, -0.909610, 0.275890
65.087605, 4.367738, -0.904850, 0.264963
65.187548, 4.383780, -0.900162, 0.248570
65.287713, 4.399079, -0.895749, 0.242506
65.387978, 4.414878, -0.891025, 0.238061
65.487613, 4.430757, -0.886831, 0.238038
65.587642, 4.446983, -0.882523, 0.237111
65.687629, 4.462856, -0.878104, 0.237370
65.804393, 4.481358, -0.873417, 0.241258
65.887693, 4.494678, -0.869965, 0.241329
65.987639, 4.510608, -0.865669, 0.242478
66.087720, 4.526926, -0.861310, 0.246988
66.187589, 4.542911, -0.857096, 0.249220
66.287580, 4.558847, -0.852561, 0.250956
66.387701, 4.575020, -0.848200, 0.253293
66.487769, 4.591382, -0.843801, 0.256217
66.587512, 4.607675, -0.838969, 0.257468
66.687603, 4.623800, -0.834085, 0.259805
66.787717, 4.640140, -0.829585, 0.262152
66.887643, 4.656557, -0.824859, 0.265327
66.987615, 4.674095, -0.819464, 0.271805
67.087523, 4.690608, -0.814551, 0.273533
67.187642, 4.706948, -0.809756, 0.275297
67.287646, 4.723656, -0.804572, 0.276471
67.387607, 4.738455, -0.800077, 0.277163
67.487686, 4.755508, -0.794619, 0.285402
67.587527, 4.769866, -0.790126, 0.287181
67.687583, 4.783375, -0.785565, 0.288494
67.787624, 4.795449, -0.781721, 0.289658
67.887651, 4.805120, -0.778978, 0.293179
67.987560, 4.815755, -0.775419, 0.295804
68.087613, 4.832872, -0.769665, 0.297369
68.187613, 4.846100, -0.765191, 0.298760
68.287615, 4.857571, -0.761205, 0.305412
68.387663, 4.869715, -0.757455, 0.324974
68.487660, 4.879289, -0.753858, 0.324346
68.587787, 4.887778, -0.751048, 0.328842
68.687628, 4.902347, -0.745701, 0.344981
68.787670, 4.913124, -0.741498, 0.343387
68.887599, 4.922987, -0.738206, 0.343936
68.987524, 4.938518, -0.732313, 0.350755
69.087566, 4.949874, -0.727464, 0.348632
69.187632, 4.959253, -0.723998, 0.344882
69.287667, 4.968247, -0.720638, 0.348818
69.387594, 4.980508, -0.715939, 0.353788
69.487611, 4.999800, -0.708416, 0.366710
69.587573, 5.014514, -0.702210, 0.369331
69.687612, 5.029712, -0.695932, 0.386338
69.787647, 5.043731, -0.690181, 0.394430
69.887586, 5.055411, -0.684661, 0.401410
69.987608, 5.067667, -0.679897, 0.416406
70.087574, 5.080198, -0.674514, 0.425770
70.187614, 5.091704, -0.668837, 0.437138
70.287593, 5.103699, -0.663381, 0.447708
70.387545, 5.114737, -0.657306, 0.453757
70.487574, 5.124718, -0.652255, 0.461295
70.587638, 5.135458, -0.647090, 0.483092
70.687528, 5.139349, -0.645391, 0.486610
70.787624, 5.138724, -0.645486, 0.485716
70.887655, 5.138752, -0.645333, 0.494201
70.987588, 5.138308, -0.645668, 0.509861
71.087632, 5.138379, -0.645827, 0.524861
71.187609, 5.138604, -0.645694, 0.540898
71.287591, 5.138868, -0.645553, 0.554479
71.387561, 5.138902, -0.645846, 0.567203
71.487656, 5.138552, -0.645933, 0.584101
71.587664, 5.138183, -0.646046, 0.602533
71.687609, 5.138597, -0.646262, 0.620905
71.787613, 5.138700, -0.646115, 0.635973
71.887754, 5.138644, -0.646166, 0.652657
71.987633, 5.138485, -0.646543, 0.671496
72.087600, 5.138386, -0.646785, 0.692494
72.187521, 5.138423, -0.646429, 0.693200
72.287611, 5.138430, -0.646630, 0.693567
72.387690, 5.138528, -0.646635, 0.693683
72.487721, 5.138480, -0.646614, 0.693651
72.587960, 5.138446, -0.646604, 0.693545
72.687720, 5.138475, -0.646604, 0.693498
72.787591, 5.138499, -0.646589, 0.693548
72.887696, 5.138487, -0.646603, 0.693525
72.987633, 5.138482, -0.646621, 0.693517
73.087523, 5.138468, -0.646602, 0.693478
73.187836, 5.138462, -0.646607, 0.693542
73.287695, 5.138455, -0.646596, 0.693607
73.387650, 5.138475, -0.646608, 0.693612
73.487644, 5.138468, -0.646612, 0.693546
73.587624, 5.138484, -0.646615, 0.693558
73.687657, 5.138481, -0.646611, 0.693541
73.787613, 5.138462, -0.646599, 0.693621
73.887617, 5.138468, -0.646601, 0.693513
73.987632, 5.138472, -0.646607, 0.693607
74.087654, 5.138479, -0.646613, 0.693563
74.187620, 5.138470, -0.646608, 0.693541
74.287733, 5.138491, -0.646605, 0.693512
74.387610, 5.138477, -0.646592, 0.693542
74.487585, 5.138473, -0.646597, 0.693455
74.587633, 5.138481, -0.646609, 0.693614
74.687603, 5.138468, -0.646606, 0.693588
74.787551, 5.138462, -0.646614, 0.693490
74.887688, 5.138479, -0.646616, 0.693572
74.988209, 5.138483, -0.646612, 0.693476
75.087589, 5.138459, -0.646597, 0.693514
75.188062, 5.138464, -0.646616, 0.693478
75.287639, 5.138475, -0.646621, 0.693539
75.387558, 5.138470, -0.646632, 0.693524
75.487543, 5.138465, -0.646622, 0.693597
75.587646, 5.138467, -0.646622, 0.693581
75.687694, 5.138473, -0.646612, 0.693561
75.787582, 5.138458, -0.646590, 0.693527
75.887753, 5.138461, -0.646633, 0.693525
75.987755, 5.138456, -0.646616, 0.693561
76.087520, 5.138469, -0.646610, 0.693565
76.187665, 5.138453, -0.646620, 0.693516
76.287513, 5.138453, -0.646620, 0.693474
76.387687, 5.138462, -0.646626, 0.693547
76.487704, 5.138464, -0.646627, 0.693619
76.587591, 5.138469, -0.646622, 0.693587
76.687769, 5.138458, -0.646616, 0.693577
76.787593, 5.138463, -0.646604, 0.693569
76.887613, 5.138457, -0.646601, 0.693535
76.987642, 5.138445, -0.646604, 0.693635
77.087522, 5.138480, -0.646611, 0.693486
77.187559, 5.138472, -0.646628, 0.693537
77.287610, 5.138450, -0.646636, 0.693452
77.387634, 5.138443, -0.646626, 0.693657
77.487604, 5.138458, -0.646629, 0.693673
77.587789, 5.138456, -0.646611, 0.693589
77.687599, 5.138459, -0.646616, 0.693485
77.787635, 5.138449, -0.646599, 0.693500
77.887676, 5.138441, -0.646606, 0.693539
77.987588, 5.138459, -0.646607, 0.693536
78.087539, 5.138457, -0.646613, 0.693491
78.187652, 5.138464, -0.646611, 0.693492
78.287670, 5.138457, -0.646606, 0.693485
78.387569, 5.138441, -0.646627, 0.693527
78.487631, 5.138477, -0.646609, 0.693482
78.587589, 5.138482, -0.646611, 0.693475
78.687558, 5.138451, -0.646615, 0.693483
78.787508, 5.138477, -0.646600, 0.693508
78.887570, 5.138444, -0.646588, 0.693524
78.987709, 5.138484, -0.646619, 0.693545
79.087654, 5.138421, -0.646613, 0.693514
79.187617, 5.138454, -0.646601, 0.693576
79.287519, 5.138435, -0.646591, 0.693599
79.387564, 5.138442, -0.646601, 0.693547
79.487674, 5.138449, -0.646621, 0.693573
79.587537, 5.138454, -0.646615, 0.693502
79.687961, 5.138451, -0.646609, 0.693517
79.787705, 5.138435, -0.646610, 0.693571
79.887561, 5.138446, -0.646611, 0.693533
79.987844, 5.138441, -0.646606, 0.693557
80.087568, 5.138433, -0.646617, 0.693588
80.187615, 5.138433, -0.646606, 0.693611
80.287519, 5.138416, -0.646610, 0.693592
80.387555, 5.138406, -0.646625, 0.693552
80.487567, 5.138440, -0.646612, 0.693537
80.587641, 5.138491, -0.646621, 0.693531
80.687669, 5.138481, -0.646608, 0.693582
80.787633, 5.138455, -0.646592, 0.693561
80.887659, 5.138444, -0.646609, 0.693532
80.987579, 5.138459, -0.646607, 0.693519
81.087540, 5.138460, -0.646623, 0.693469
81.187591, 5.138454, -0.646606, 0.693539
81.287579, 5.138453, -0.646622, 0.693542
81.387613, 5.138444, -0.646605, 0.693525
81.487722, 5.138438, -0.646609, 0.693612
81.587607, 5.138452, -0.646625, 0.693502
81.687574, 5.138437, -0.646597, 0.693546
81.787609, 5.138450, -0.646628, 0.693552
81.887582, 5.138437, -0.646624, 0.693606
81.988093, 5.138445, -0.646605, 0.693534
82.087604, 5.138439, -0.646612, 0.693478
82.187617, 5.138446, -0.646615, 0.693464
82.287632, 5.138466, -0.646620, 0.693601
82.387619, 5.138447, -0.646608, 0.693497
82.487632, 5.138442, -0.646621, 0.693504
82.587619, 5.138446, -0.646615, 0.693570
82.687605, 5.138445, -0.646609, 0.693605
82.787549, 5.138434, -0.646610, 0.693602
82.887652, 5.138440, -0.646608, 0.693556
82.987730, 5.138448, -0.646604, 0.693490
83.087849, 5.138458, -0.646603, 0.693505
83.187701, 5.138435, -0.646612, 0.693469
83.287540, 5.138444, -0.646623, 0.693492
83.387745, 5.138429, -0.646616, 0.693560
83.487519, 5.138441, -0.646608, 0.693542
83.587512, 5.138440, -0.646611, 0.693622
83.687600, 5.138441, -0.646606, 0.693587
83.787633, 5.138457, -0.646605, 0.693567
83.887661, 5.138442, -0.646600, 0.693523
83.987483, 5.138443, -0.646606, 0.693475
84.087590, 5.138449, -0.646604, 0.693580
84.187566, 5.138450, -0.646614, 0.693511
84.287624, 5.138433, -0.646603, 0.693596
84.387688, 5.138436, -0.646611, 0.693569
84.487626, 5.138440, -0.646612, 0.693518
84.587605, 5.138447, -0.646615, 0.693659
84.688163, 5.138443, -0.646604, 0.693549
84.787623, 5.138445, -0.646618, 0.693547
84.887552, 5.138437, -0.646617, 0.693555
84.987552, 5.138427, -0.646621, 0.693671
85.087567, 5.138429, -0.646614, 0.693538
85.187593, 5.138449, -0.646610, 0.693390
85.287628, 5.138435, -0.646614, 0.693558
85.387801, 5.138419, -0.646613, 0.693580
85.487535, 5.138409, -0.646614, 0.693657
85.587827, 5.138447, -0.646615, 0.693636
85.687606, 5.138439, -0.646615, 0.693496
85.787655, 5.138440, -0.646624, 0.693629
85.887622, 5.138432, -0.646615, 0.693477
85.987579, 5.138452, -0.646605, 0.693598
86.087649, 5.138441, -0.646603, 0.693740
86.189258, 5.138461, -0.646609, 0.693633
86.287623, 5.138440, -0.646614, 0.693518
86.387526, 5.138438, -0.646625, 0.693549
86.487497, 5.138443, -0.646627, 0.693660
86.587636, 5.138447, -0.646611, 0.693537
86.687567, 5.138439, -0.646616, 0.693557
86.787539, 5.138437, -0.646613, 0.693550
86.887571, 5.138420, -0.646606, 0.693574
86.987604, 5.138451, -0.646627, 0.693587
87.087584, 5.138447, -0.646612, 0.693530
87.187574, 5.138439, -0.646624, 0.693633
87.287574, 5.138442, -0.646621, 0.693513
87.387654, 5.138446, -0.646613, 0.693594
87.487594, 5.138421, -0.646622, 0.693508
87.587641, 5.138457, -0.646611, 0.693671
87.690195, 5.138457, -0.646611, 0.693592
87.787688, 5.138459, -0.646605, 0.693563
87.887711, 5.141220, -0.644007, 0.663892
87.987553, 5.149398, -0.636568, 0.647191
88.087670, 5.150763, -0.635308, 0.633228
88.187582, 5.150395, -0.635634, 0.610267
88.287614, 5.150611, -0.635523, 0.593514
88.387643, 5.150572, -0.635342, 0.573216
88.487622, 5.150702, -0.634994, 0.552988
88.589367, 5.151116, -0.634652, 0.531590
88.687511, 5.151389, -0.634568, 0.511231
88.787541, 5.151276, -0.634393, 0.497092
88.887621, 5.151463, -0.634015, 0.480110
88.987596, 5.151716, -0.633745, 0.453375
89.087529, 5.151600, -0.633677, 0.429909
89.187583, 5.151987, -0.633287, 0.407046
89.287636, 5.152389, -0.632951, 0.382528
89.387772, 5.152424, -0.632904, 0.358107
89.487614, 5.152307, -0.632839, 0.339147
89.587885, 5.152718, -0.632446, 0.317367
89.687553, 5.153321, -0.632208, 0.293519
89.787581, 5.153016, -0.632328, 0.266955
89.887623, 5.153351, -0.631653, 0.240488
89.987500, 5.153623, -0.631602, 0.200856
90.087628, 5.153803, -0.631111, 0.172119
90.188350, 5.154509, -0.630864, 0.135816
90.287622, 5.154385, -0.630932, 0.107647
90.387667, 5.155134, -0.630229, 0.077209
90.487643, 5.155212, -0.630267, 0.050365
90.587620, 5.155264, -0.630010, 0.009382
90.687952, 5.156063, -0.629905, -0.017893
90.787590, 5.155830, -0.629637, -0.060637
90.904270, 5.156928, -0.629268, -0.089823
90.987655, 5.156621, -0.629420, -0.127824
91.087662, 5.157702, -0.628693, -0.171683
91.187532, 5.157374, -0.628847, -0.214459
91.287639, 5.158425, -0.628776, -0.261346
91.387570, 5.158617, -0.628100, -0.305481
91.487512, 5.158987, -0.628642, -0.351177
91.587586, 5.159730, -0.627687, -0.396772
91.687776, 5.159849, -0.628282, -0.443275
91.787900, 5.160987, -0.627893, -0.491607
91.887572, 5.161028, -0.627496, -0.536995
91.987592, 5.161135, -0.628061, -0.583262
92.087547, 5.162196, -0.627278, -0.631968
92.187626, 5.162226, -0.627508, -0.677743
92.287547, 5.163331, -0.627989, -0.727887
92.387574, 5.163958, -0.627628, -0.774017
92.487542, 5.164000, -0.628119, -0.821912
92.587547, 5.165399, -0.628144, -0.870424
92.687781, 5.165367, -0.628322, -0.916583
92.787653, 5.165905, -0.628853, -0.968793
92.887854, 5.167063, -0.628802, -1.016333
92.987561, 5.166605, -0.629118, -1.065114
93.087595, 5.167476, -0.629603, -1.118087
93.187586, 5.168223, -0.629798, -1.164334
93.287569, 5.167765, -0.630117, -1.214367
93.387667, 5.168850, -0.630417, -1.264969
93.487563, 5.168843, -0.630576, -1.314316
93.587579, 5.168770, -0.631225, -1.364145
93.687587, 5.169967, -0.631442, -1.416873
93.787601, 5.169986, -0.631730, -1.464970
93.887631, 5.169757, -0.632133, -1.520484
93.987509, 5.170856, -0.632705, -1.571126
94.087651, 5.170852, -0.632980, -1.621026
94.187623, 5.170351, -0.633240, -1.675871
94.287570, 5.171657, -0.634098, -1.727548
94.387567, 5.171331, -0.634658, -1.779281
94.487586, 5.171029, -0.634923, -1.833485
94.587593, 5.171920, -0.635671, -1.886582
94.687634, 5.171772, -0.636289, -1.935403
94.787558, 5.171294, -0.636628, -1.988861
94.887613, 5.171841, -0.637331, -2.044639
94.987636, 5.171773, -0.637738, -2.093830
95.087579, 5.171228, -0.638010, -2.147472
95.187615, 5.171610, -0.638882, -2.204221
95.287577, 5.171840, -0.639299, -2.253978
95.387524, 5.168757, -0.642241, -2.316488
95.487605, 5.169528, -0.642807, -2.368636
95.587668, 5.169571, -0.643682, -2.424918
95.687534, 5.166380, -0.645920, -2.487298
95.787638, 5.167040, -0.646627, -2.539888
95.887560, 5.163542, -0.649268, -2.605460
95.987632, 5.158332, -0.652139, -2.653296
96.087623, 5.153403, -0.655803, -2.712363
96.187573, 5.155113, -0.654803, -2.763988
96.287565, 5.150895, -0.657378, -2.830170
96.387675, 5.144711, -0.659755, -2.879422
96.487622, 5.135632, -0.662309, -2.947251
96.587625, 5.128158, -0.664576, -2.992850
96.687685, 5.119565, -0.666382, -3.056428
96.787683, 5.112409, -0.666891, -3.114252
96.887671, 5.104455, -0.667732, 3.109842
96.987539, 5.096798, -0.667610, 3.050066
97.087626, 5.084526, -0.666560, 2.980853
97.187515, 5.067044, -0.664104, 2.927741
97.287649, 5.051090, -0.661049, 2.879356
97.387748, 5.034823, -0.656867, 2.828079
97.487650, 5.022094, -0.653114, 2.781798
97.587691, 5.006224, -0.646981, 2.731091
97.687607, 4.990041, -0.640344, 2.699382
97.787610, 4.975411, -0.633777, 2.669415
97.887578, 4.960356, -0.626401, 2.645113
97.987529, 4.945784, -0.618985, 2.621734
98.088882, 4.930883, -0.610596, 2.599427
98.187598, 4.916118, -0.602262, 2.582653
98.287739, 4.901623, -0.593784, 2.563169
98.387734, 4.889813, -0.586605, 2.542184
98.487578, 4.875138, -0.577231, 2.524899
98.587556, 4.863660, -0.569698, 2.512039
98.687927, 4.852105, -0.561627, 2.496347
98.787525, 4.837454, -0.551282, 2.489008
98.887570, 4.823538, -0.541020, 2.482081
98.987674, 4.811522, -0.532335, 2.464167
99.087595, 4.800059, -0.523529, 2.458686
99.187586, 4.790244, -0.515868, 2.455010
99.287608, 4.777085, -0.505270, 2.457439
99.387568, 4.762607, -0.494602, 2.457364
99.487567, 4.749255, -0.483698, 2.461956
99.587587, 4.734308, -0.471921, 2.463326
99.687603, 4.720083, -0.460966, 2.465195
99.787811, 4.707562, -0.451042, 2.468601
99.887617, 4.693400, -0.440777, 2.476613
99.987570, 4.679909, -0.430777, 2.487558
100.087653, 4.666193, -0.420614, 2.502316
100.187527, 4.652143, -0.410383, 2.512240
100.287513, 4.638417, -0.400673, 2.527327
100.387511, 4.624346, -0.391173, 2.537509
100.487577, 4.610041, -0.381850, 2.549299
100.587651, 4.595646, -0.372547, 2.563948
100.687580, 4.581279, -0.363383, 2.579824
100.787635, 4.566380, -0.354171, 2.592465
100.904282, 4.548765, -0.343941, 2.611876
100.987613, 4.536198, -0.337160, 2.625100
101.087558, 4.521189, -0.329132, 2.643926
101.187639, 4.505749, -0.320993, 2.662925
101.287549, 4.491459, -0.313665, 2.687040
101.387587, 4.474152, -0.305816, 2.704978
101.495858, 4.456734, -0.298654, 2.731954
101.587639, 4.442906, -0.292331, 2.759107
101.687610, 4.426830, -0.285989, 2.786196
101.787539, 4.409967, -0.280037, 2.812495
101.887557, 4.393324, -0.274940, 2.834673
101.987620, 4.376702, -0.269611, 2.855806
102.087584, 4.359440, -0.264891, 2.883379
102.187641, 4.342494, -0.260738, 2.909892
102.287677, 4.324949, -0.256957, 2.936630
102.387582, 4.307174, -0.253297, 2.966911
102.487569, 4.289470, -0.250647, 2.987961
102.587591, 4.271596, -0.248265, 3.007173
102.687659, 4.254421, -0.245912, 3.030549
102.787558, 4.236796, -0.244017, 3.056031
102.887918, 4.218857, -0.242497, 3.077368
102.987608, 4.200553, -0.241843, 3.095273
103.087572, 4.183991, -0.241239, 3.112862
103.187578, 4.166087, -0.241000, 3.129332
103.287578, 4.148120, -0.241074, -3.133557
103.387597, 4.130003, -0.241531, -3.114687
103.487626, 4.111228, -0.242206, -3.099732
103.587636, 4.092960, -0.243181, -3.084757
103.687604, 4.074930, -0.244277, -3.071034
103.787598, 4.057000, -0.245663, -3.054339
103.887547, 4.038414, -0.247408, -3.035826
103.987569, 4.020047, -0.249771, -3.017729
104.087624, 4.000470, -0.252387, -2.994569
104.187535, 3.984101, -0.255285, -2.978704
104.287595, 3.964365, -0.258455, -2.961379
104.387595, 3.946004, -0.262148, -2.941362
104.487655, 3.927709, -0.265985, -2.926250
104.587850, 3.909564, -0.270237, -2.915578
104.687576, 3.891701, -0.274676, -2.894882
104.787636, 3.873680, -0.279384, -2.877669
104.887538, 3.855992, -0.284386, -2.871208
104.987621, 3.839452, -0.289086, -2.866493
105.087528, 3.819600, -0.295183, -2.854933
105.187639, 3.802034, -0.301442, -2.847525
105.287587, 3.784388, -0.307805, -2.842593
105.387686, 3.766776, -0.313604, -2.836810
105.487618, 3.749151, -0.319374, -2.829526
105.587655, 3.731188, -0.325348, -2.820782
105.687514, 3.713125, -0.331460, -2.813964
105.787597, 3.694889, -0.337790, -2.807085
105.887595, 3.677588, -0.343969, -2.799463
105.987543, 3.661545, -0.349787, -2.794304
106.087590, 3.642198, -0.357021, -2.790692
106.187603, 3.625644, -0.363355, -2.787501
106.287600, 3.605916, -0.370918, -2.784673
106.387631, 3.587417, -0.378486, -2.776699
106.487817, 3.570513, -0.385506, -2.775699
106.587601, 3.552596, -0.392572, -2.771789
106.687537, 3.534991, -0.399552, -2.767625
106.787509, 3.517793, -0.406698, -2.764741
106.887618, 3.502168, -0.413135, -2.762031
106.987612, 3.483470, -0.420910, -2.759730
107.087510, 3.465821, -0.428249, -2.756908
107.187614, 3.448484, -0.435639, -2.753733
107.287581, 3.431570, -0.442796, -2.749485
107.387546, 3.414021, -0.450442, -2.746959
107.487597, 3.396674, -0.458151, -2.744289
107.587608, 3.379098, -0.465678, -2.740585
107.688403, 3.361726, -0.473788, -2.741006
107.787544, 3.343842, -0.481686, -2.734710
107.887544, 3.326335, -0.489621, -2.732673
107.987629, 3.310543, -0.496993, -2.731858
108.087494, 3.292516, -0.505258, -2.728954
108.187589, 3.275017, -0.513200, -2.720769
108.287523, 3.257535, -0.521618, -2.721344
108.387684, 3.240129, -0.529372, -2.718037
108.487665, 3.223329, -0.537221, -2.717651
108.587603, 3.205938, -0.545540, -2.717355
108.687638, 3.188326, -0.553636, -2.716828
108.787671, 3.171105, -0.561711, -2.715148
108.887653, 3.153929, -0.569822, -2.713937
108.987556, 3.135713, -0.576745, -2.707416
109.087589, 3.118139, -0.585927, -2.708133
109.187590, 3.101022, -0.594041, -2.706098
109.287763, 3.083943, -0.602278, -2.705312
109.387595, 3.066640, -0.610861, -2.705670
109.487531, 3.049120, -0.619081, -2.703463
109.587604, 3.032083, -0.627579, -2.702193
109.687625, 3.014517, -0.636134, -2.702864
109.779246, 2.998249, -0.644088, -2.701608
109.887576, 2.979301, -0.653512, -2.701337
109.987827, 2.962220, -0.662198, -2.702036
110.087730, 2.945274, -0.670355, -2.699822
110.187744, 2.927677, -0.679043, -2.697580
110.287598, 2.910168, -0.687773, -2.698703
110.387599, 2.892891, -0.696381, -2.698960
110.487628, 2.875980, -0.704945, -2.695466
110.587520, 2.859010, -0.713782, -2.693939
110.687656, 2.841512, -0.722657, -2.693557
110.787593, 2.823897, -0.731014, -2.692565
110.887721, 2.806622, -0.739892, -2.692585
110.987624, 2.789110, -0.749115, -2.692618
111.087656, 2.771759, -0.758227, -2.691370
111.187540, 2.754363, -0.766944, -2.689935
111.287557, 2.738415, -0.775135, -2.689623
111.387603, 2.720466, -0.784122, -2.688675
111.487518, 2.702908, -0.793026, -2.688709
111.587625, 2.686112, -0.801881, -2.690075
111.687667, 2.670415, -0.809678, -2.690145
111.788310, 2.651480, -0.819451, -2.689964
111.887704, 2.633878, -0.828241, -2.689809
111.987506, 2.616835, -0.837252, -2.687001
112.087594, 2.599666, -0.846228, -2.687426
112.187570, 2.582215, -0.855073, -2.684674
112.287543, 2.565982, -0.863511, -2.684884
112.387533, 2.547342, -0.873368, -2.684482
112.487656, 2.529973, -0.881983, -2.679806
112.587711, 2.512659, -0.890879, -2.679358
112.687572, 2.494443, -0.900539, -2.677274
112.787689, 2.478278, -0.909014, -2.676189
112.887677, 2.459696, -0.918672, -2.673960
112.987512, 2.442120, -0.927575, -2.674266
113.087690, 2.424923, -0.936580, -2.676023
113.187627, 2.407818, -0.945360, -2.678227
113.287615, 2.390242, -0.954242, -2.676263
113.387622, 2.372628, -0.963734, -2.677976
113.487544, 2.355637, -0.972421, -2.674555
113.587658, 2.339820, -0.981306, -2.674241
113.687626, 2.323768, -0.989654, -2.672027
113.787586, 2.306769, -0.998699, -2.671758
113.887630, 2.290383, -1.007783, -2.673143
113.987542, 2.274043, -1.016109, -2.664499
114.087653, 2.258554, -1.024345, -2.659837
114.187595, 2.242383, -1.032999, -2.661036
114.287611, 2.225101, -1.042664, -2.665395
114.387623, 2.209174, -1.051347, -2.666916
114.487597, 2.193106, -1.060318, -2.674170
114.587697, 2.176351, -1.069233, -2.678617
114.687669, 2.159754, -1.078227, -2.683064
114.787629, 2.143979, -1.086025, -2.678324
114.887632, 2.128001, -1.094487, -2.679697
114.987663, 2.111832, -1.103178, -2.682210
115.087746, 2.095872, -1.111559, -2.681474
115.187498, 2.080086, -1.117448, -2.668937
115.287627, 2.063282, -1.125574, -2.657335
115.387563, 2.046825, -1.134077, -2.654053
115.487597, 2.031158, -1.142674, -2.650543
115.587636, 2.015224, -1.151525, -2.643539
115.688365, 1.999544, -1.160318, -2.643310
115.787598, 1.987377, -1.167452, -2.642974
115.887666, 1.973391, -1.175096, -2.639810
115.987659, 1.957338, -1.184058, -2.633807
116.087594, 1.942299, -1.193235, -2.638335
116.187505, 1.933293, -1.197606, -2.634197
116.287715, 1.930411, -1.199337, -2.613941
116.387588, 1.929323, -1.200044, -2.575228
116.487519, 1.927267, -1.200677, -2.524749
116.587632, 1.925331, -1.201834, -2.471551
116.695832, 1.923946, -1.202928, -2.411164
116.787536, 1.922407, -1.203579, -2.362008
116.887534, 1.921171, -1.204590, -2.307591
116.987630, 1.920045, -1.205470, -2.251316
117.087699, 1.918920, -1.206233, -2.196565
117.187602, 1.918188, -1.206758, -2.139607
117.288034, 1.917111, -1.207973, -2.082819
117.387622, 1.915934, -1.208999, -2.029416
117.487618, 1.915023, -1.210234, -1.973057
117.587548, 1.914477, -1.210851, -1.913504
117.687628, 1.913647, -1.211865, -1.857549
117.787504, 1.912833, -1.213097, -1.806797
117.887608, 1.912328, -1.214214, -1.744845
117.987638, 1.911290, -1.215249, -1.687332
118.087646, 1.911565, -1.216421, -1.637697
118.187585, 1.912329, -1.219211, -1.583621
118.287705, 1.912260, -1.219258, -1.521066
118.387592, 1.913399, -1.216156, -1.445512
118.487618, 1.912784, -1.217444, -1.388460
118.587595, 1.912957, -1.218701, -1.333896
118.687644, 1.912505, -1.220245, -1.277554
118.787581, 1.912655, -1.221093, -1.220602
118.887749, 1.912458, -1.222596, -1.164607
118.987802, 1.912470, -1.223862, -1.105655
119.087738, 1.912686, -1.224566, -1.048900
119.187525, 1.912804, -1.226470, -0.992750
119.287585, 1.913069, -1.226964, -0.933426
119.387502, 1.913346, -1.228737, -0.881262
119.487584, 1.913682, -1.229195, -0.823329
119.587606, 1.914562, -1.230777, -0.780022
119.687741, 1.914821, -1.230851, -0.734688
119.787572, 1.915751, -1.232476, -0.703004
119.887592, 1.916440, -1.233600, -0.662234
119.987544, 1.917240, -1.233306, -0.621738
120.087525, 1.918079, -1.234920, -0.588914
120.187670, 1.918751, -1.235937, -0.549783
120.287593, 1.919210, -1.235239, -0.548476
120.387542, 1.918646, -1.235672, -0.546759
120.487575, 1.918923, -1.235560, -0.547492
120.587532, 1.918931, -1.235383, -0.547633
120.688027, 1.918819, -1.235403, -0.547627
120.787581, 1.918765, -1.235517, -0.547240
120.887641, 1.918807, -1.235532, -0.547189
120.987599, 1.918836, -1.235474, -0.547276
121.087640, 1.918814, -1.235452, -0.547374
121.187636, 1.918800, -1.235457, -0.547301
121.287571, 1.918788, -1.235470, -0.547299
121.387662, 1.918805, -1.235493, -0.547284
121.487575, 1.918819, -1.235485, -0.547270
121.588033, 1.918806, -1.235473, -0.547213
121.687602, 1.918806, -1.235461, -0.547280
121.787607, 1.918798, -1.235474, -0.547310
121.887495, 1.918817, -1.235460, -0.547581
121.987680, 1.918808, -1.235471, -0.547274
122.087735, 1.918806, -1.235466, -0.547224
122.188142, 1.918808, -1.235459, -0.547288
122.287657, 1.918809, -1.235458, -0.547265
122.387494, 1.918838, -1.235446, -0.547523
122.487614, 1.918805, -1.235456, -0.547302
122.587571, 1.918826, -1.235450, -0.547555
122.687573, 1.918795, -1.235471, -0.547316
122.787627, 1.918816, -1.235447, -0.547477
122.887537, 1.918806, -1.235454, -0.547562
122.987581, 1.918809, -1.235449, -0.547556
123.079393, 1.918792, -1.235462, -0.547283
123.187496, 1.918808, -1.235445, -0.547657
123.287642, 1.918776, -1.235455, -0.547297
123.387493, 1.918779, -1.235452, -0.547257
123.487785, 1.918780, -1.235447, -0.547372
123.587624, 1.918788, -1.235432, -0.547538
123.687670, 1.918780, -1.235448, -0.547269
123.787627, 1.918788, -1.235451, -0.547276
123.887621, 1.918801, -1.235441, -0.547194
123.987648, 1.918795, -1.235442, -0.547251
124.087560, 1.918809, -1.235439, -0.547334
124.187624, 1.918790, -1.235461, -0.547335
124.287639, 1.918809, -1.235439, -0.547613
124.387513, 1.918792, -1.235447, -0.547575
124.487667, 1.918777, -1.235460, -0.547359
124.587713, 1.918798, -1.235460, -0.547288
124.687616, 1.918831, -1.235443, -0.547492
124.787598, 1.918789, -1.235456, -0.547358
124.887610, 1.918779, -1.235448, -0.547282
124.987600, 1.918775, -1.235447, -0.547259
125.087625, 1.918768, -1.235441, -0.547263
125.187564, 1.918764, -1.235466, -0.547299
125.287828, 1.918806, -1.235440, -0.547571
125.387666, 1.918790, -1.235446, -0.547284
125.487960, 1.918792, -1.235443, -0.547315
125.587543, 1.918787, -1.235425, -0.547271
125.687966, 1.918785, -1.235450, -0.547399
125.787576, 1.918774, -1.235434, -0.547336
125.887658, 1.918782, -1.235437, -0.547344
125.987571, 1.918781, -1.235437, -0.547165
126.087601, 1.918796, -1.235414, -0.547589
126.187623, 1.918767, -1.235433, -0.547316
126.287583, 1.918797, -1.235411, -0.547600
126.387587, 1.918750, -1.235423, -0.547299
126.479291, 1.918760, -1.235434, -0.547351
126.587600, 1.918769, -1.235446, -0.547131
126.704383, 1.918778, -1.235439, -0.547296
126.787633, 1.918811, -1.235430, -0.547624
126.887696, 1.918757, -1.235424, -0.547300
126.987601, 1.918768, -1.235420, -0.547211
127.087686, 1.918767, -1.235419, -0.547353
127.187638, 1.918764, -1.235412, -0.547239
127.287503, 1.918756, -1.235425, -0.547247
127.387619, 1.918748, -1.235423, -0.547278
127.487613, 1.918761, -1.235429, -0.547243
127.587668, 1.918750, -1.235434, -0.547330
127.687615, 1.918761, -1.235424, -0.547337
127.787580, 1.918781, -1.235419, -0.547561
127.887641, 1.918784, -1.235442, -0.547296
127.987547, 1.918786, -1.235413, -0.547623
128.087512, 1.918796, -1.235418, -0.547537
128.187588, 1.918769, -1.235430, -0.547266
128.287623, 1.918769, -1.235430, -0.547270
128.387604, 1.918773, -1.235422, -0.547263
128.487676, 1.918765, -1.235426, -0.547211
128.587641, 1.918785, -1.235419, -0.547525
128.687794, 1.918769, -1.235425, -0.547306
128.787628, 1.918761, -1.235424, -0.547334
128.887726, 1.918772, -1.235416, -0.547215
128.987648, 1.918771, -1.235426, -0.547193
129.087534, 1.918773, -1.235422, -0.547230
129.187558, 1.918790, -1.235411, -0.547479
129.287617, 1.918779, -1.235420, -0.547312
129.387578, 1.918779, -1.235435, -0.547257
129.487755, 1.918772, -1.235439, -0.547291
129.587554, 1.918770, -1.235425, -0.547289
129.687665, 1.918770, -1.235424, -0.547195
129.787697, 1.918770, -1.235417, -0.547199
129.887654, 1.918794, -1.235422, -0.547481
129.987585, 1.918786, -1.235417, -0.547555
130.087707, 1.918790, -1.235425, -0.547575
130.187612, 1.918789, -1.235413, -0.547455
130.287621, 1.918770, -1.235427, -0.547243
130.387592, 1.918771, -1.235424, -0.547290
130.487683, 1.918776, -1.235428, -0.547243
130.587553, 1.918771, -1.235434, -0.547190
130.687576, 1.918796, -1.235422, -0.547523
130.787688, 1.918788, -1.235408, -0.547487
130.887619, 1.918765, -1.235423, -0.547150
130.987614, 1.918778, -1.235410, -0.547143
131.087963, 1.918802, -1.235400, -0.547567
131.187574, 1.918786, -1.235426, -0.547160
131.287576, 1.918777, -1.235398, -0.547227
131.387537, 1.918780, -1.235409, -0.547246
131.487641, 1.918782, -1.235418, -0.547293
131.587610, 1.918772, -1.235417, -0.547202
131.687552, 1.918781, -1.235437, -0.547281
131.787745, 1.918767, -1.235424, -0.547259
131.887792, 1.918793, -1.235413, -0.547535
131.987599, 1.918762, -1.235423, -0.547340
132.087619, 1.918768, -1.235410, -0.547246
132.187603, 1.918763, -1.235422, -0.547267
132.287525, 1.918765, -1.235439, -0.547204
132.387516, 1.918816, -1.235412, -0.547495
132.487664, 1.918800, -1.235404, -0.547413
132.587598, 1.918804, -1.235419, -0.547619
132.687745, 1.918792, -1.235417, -0.547586
132.787618, 1.918794, -1.235410, -0.547493
132.887610, 1.918762, -1.235416, -0.547208
132.987627, 1.918774, -1.235422, -0.547234
133.087509, 1.918796, -1.235408, -0.547521
133.187630, 1.918782, -1.235422, -0.547528
133.287634, 1.918756, -1.235432, -0.547223
133.379356, 1.918762, -1.235425, -0.547239
133.487612, 1.918789, -1.235408, -0.547584
133.587637, 1.918782, -1.235422, -0.547230
133.687577, 1.918810, -1.235400, -0.547529
133.787539, 1.918767, -1.235419, -0.547260
133.887588, 1.918784, -1.235402, -0.547507
133.987711, 1.918790, -1.235396, -0.547516
134.087653, 1.918782, -1.235391, -0.547535
134.187644, 1.918763, -1.235402, -0.547174
134.287593, 1.918756, -1.235407, -0.547283
134.387654, 1.918767, -1.235404, -0.547292
134.487522, 1.918754, -1.235400, -0.547223
134.587533, 1.918761, -1.235412, -0.547234
134.687623, 1.918768, -1.235413, -0.547225
134.787509, 1.918780, -1.235405, -0.547521
134.887643, 1.918755, -1.235423, -0.547217
134.987621, 1.918783, -1.235412, -0.547468
135.087698, 1.918804, -1.235405, -0.547527
135.187602, 1.918769, -1.235427, -0.547190
135.287559, 1.918794, -1.235400, -0.547561
135.387643, 1.918779, -1.235411, -0.547204
135.487512, 1.918796, -1.235395, -0.547508
135.587723, 1.918766, -1.235400, -0.547168
135.687742, 1.918794, -1.235400, -0.547461
135.787629, 1.918777, -1.235410, -0.547228
135.887624, 1.918762, -1.235407, -0.547348
135.987539, 1.918789, -1.235395, -0.547594
136.087586, 1.918787, -1.235396, -0.547485
136.187542, 1.918757, -1.235428, -0.547222
136.287615, 1.918794, -1.235398, -0.547517
136.387551, 1.918772, -1.235413, -0.547214
136.487642, 1.918775, -1.235414, -0.547221
136.587940, 1.918764, -1.235424, -0.547290
136.687716, 1.918794, -1.235402, -0.547481
136.787640, 1.918758, -1.235430, -0.547282
136.887596, 1.918749, -1.235421, -0.547207
136.987612, 1.918744, -1.235425, -0.547286
137.087523, 1.918753, -1.235415, -0.547227
137.187619, 1.918765, -1.235431, -0.547242
137.287547, 1.918774, -1.235422, -0.547119
137.387661, 1.918813, -1.235409, -0.547536
137.487659, 1.918806, -1.235398, -0.547438
137.587601, 1.918785, -1.235413, -0.547472
137.687589, 1.918768, -1.235416, -0.547260
137.787555, 1.918778, -1.235416, -0.547254
137.887710, 1.918783, -1.235400, -0.547488
137.987553, 1.918766, -1.235410, -0.547586
138.087575, 1.918748, -1.235403, -0.547224
138.187698, 1.918771, -1.235403, -0.547539
138.287794, 1.918743, -1.235420, -0.547330
138.387627, 1.918786, -1.235390, -0.547521
138.487621, 1.918769, -1.235415, -0.547241
138.587728, 1.918792, -1.235403, -0.547582
138.687559, 1.918784, -1.235401, -0.547172
138.787520, 1.918775, -1.235404, -0.547175
138.887833, 1.918790, -1.235391, -0.547546
138.987756, 1.918785, -1.235398, -0.547467
139.087728, 1.918780, -1.235396, -0.547481
139.187549, 1.918781, -1.235391, -0.547467
139.287624, 1.918760, -1.235400, -0.547236
139.387608, 1.918772, -1.235413, -0.547107
139.487668, 1.918729, -1.235422, -0.547320
139.587637, 1.918764, -1.235406, -0.547153
139.687680, 1.918757, -1.235408, -0.547220
139.787776, 1.918749, -1.235415, -0.547212
139.887932, 1.918755, -1.235407, -0.547169
139.987638, 1.918757, -1.235411, -0.547574
140.087488, 1.918772, -1.235412, -0.547628
140.187616, 1.918743, -1.235416, -0.547268
140.287611, 1.918736, -1.235420, -0.547189
140.387504, 1.918742, -1.235400, -0.547210
140.487511, 1.918774, -1.235404, -0.547670
140.587640, 1.918760, -1.235396, -0.547551
140.687600, 1.918763, -1.235402, -0.547436
140.787630, 1.918752, -1.235404, -0.547155
140.887742, 1.918761, -1.235412, -0.547354
140.987606, 1.918778, -1.235392, -0.547489
141.087597, 1.918735, -1.235412, -0.547169
141.187620, 1.918743, -1.235415, -0.547257
141.287590, 1.918746, -1.235408, -0.547252
141.387741, 1.918766, -1.235385, -0.547508
141.504246, 1.918741, -1.235401, -0.547165
141.587596, 1.918740, -1.235418, -0.547264
141.687564, 1.918741, -1.235412, -0.547198
141.787644, 1.918724, -1.235408, -0.547224
141.887672, 1.918734, -1.235415, -0.547259
141.987587, 1.918751, -1.235412, -0.547158
142.087693, 1.918797, -1.235399, -0.547475
142.187583, 1.918781, -1.235414, -0.547177
142.287676, 1.918779, -1.235398, -0.547184
142.387562, 1.918788, -1.235385, -0.547587
142.487664, 1.918751, -1.235415, -0.547313
142.587548, 1.918777, -1.235385, -0.547577
142.687585, 1.918765, -1.235400, -0.547220
142.787692, 1.918795, -1.235387, -0.547465
142.887636, 1.918748, -1.235402, -0.547263
142.987612, 1.918723, -1.235414, -0.547209
143.087720, 1.918760, -1.235387, -0.547536
143.187536, 1.918733, -1.235413, -0.547222
143.287587, 1.918739, -1.235412, -0.547241
143.388454, 1.918741, -1.235403, -0.547275
143.487672, 1.918763, -1.235406, -0.547462
143.587593, 1.918767, -1.235400, -0.547473
143.687637, 1.918757, -1.235430, -0.547113
143.787649, 1.918758, -1.235423, -0.547317
143.887635, 1.918757, -1.235405, -0.547416
