0.287509, 4.794800, 0.002154, -1.594250
0.395871, 4.794796, 0.002150, -1.594308
0.487491, 4.794790, 0.002146, -1.594214
0.587571, 4.794793, 0.002140, -1.594308
0.687569, 4.794783, 0.002164, -1.594291
0.787542, 4.794793, 0.002183, -1.594327
0.887485, 4.794805, 0.002178, -1.594212
0.995850, 4.794835, 0.002181, -1.594355
1.087519, 4.794808, 0.002169, -1.594313
1.187533, 4.794792, 0.002169, -1.594285
1.287510, 4.794789, 0.002162, -1.594164
1.387509, 4.794781, 0.002131, -1.594233
1.487546, 4.794794, 0.002163, -1.594252
1.595821, 4.794782, 0.002139, -1.594217
1.687502, 4.794778, 0.002147, -1.594227
1.787510, 4.794781, 0.002147, -1.594237
1.887525, 4.794772, 0.002160, -1.594217
1.987551, 4.794778, 0.002166, -1.594223
2.087558, 4.794785, 0.002145, -1.594265
2.187504, 4.794794, 0.002140, -1.594199
2.295816, 4.794790, 0.002146, -1.594251
2.387509, 4.794771, 0.002127, -1.594214
2.487498, 4.794761, 0.002136, -1.594268
2.587511, 4.794787, 0.002139, -1.594199
2.687476, 4.794776, 0.002159, -1.594237
2.787495, 4.794769, 0.002153, -1.594320
2.887521, 4.794768, 0.002140, -1.594191
2.987520, 4.794773, 0.002163, -1.594178
3.087497, 4.794768, 0.002145, -1.594183
3.187507, 4.794754, 0.002137, -1.594252
3.287511, 4.794774, 0.002142, -1.594177
3.387471, 4.794771, 0.002141, -1.594250
3.487488, 4.794786, 0.002138, -1.594251
3.587491, 4.794792, 0.002159, -1.594277
3.695842, 4.794799, 0.002145, -1.594183
3.787549, 4.794809, 0.002157, -1.594221
3.887489, 4.794790, 0.002156, -1.594231
3.987498, 4.794791, 0.002182, -1.594258
4.087546, 4.794776, 0.002181, -1.594225
4.187493, 4.794775, 0.002160, -1.594179
4.295821, 4.794785, 0.002177, -1.594260
4.387495, 4.794804, 0.002161, -1.594301
4.487533, 4.794782, 0.002151, -1.594303
4.587540, 4.794773, 0.002143, -1.594236
4.687527, 4.794774, 0.002144, -1.594205
4.787519, 4.794799, 0.002156, -1.594281
4.887550, 4.794789, 0.002138, -1.594270
4.987515, 4.794789, 0.002146, -1.594311
5.087496, 4.794786, 0.002160, -1.594244
5.187517, 4.794784, 0.002152, -1.594127
5.287490, 4.794783, 0.002155, -1.594254
5.387550, 4.794789, 0.002148, -1.594304
5.487498, 4.794777, 0.002150, -1.594274
5.595825, 4.794773, 0.002159, -1.594190
5.695814, 4.794784, 0.002141, -1.594301
5.787595, 4.794791, 0.002151, -1.594300
5.887494, 4.794787, 0.002162, -1.594243
5.987509, 4.794767, 0.002148, -1.594265
6.087466, 4.794768, 0.002145, -1.594213
6.187494, 4.794755, 0.002144, -1.594182
6.287505, 4.794754, 0.002147, -1.594307
6.387505, 4.794757, 0.002173, -1.594202
6.487511, 4.794769, 0.002145, -1.594257
6.587487, 4.794786, 0.002163, -1.594323
6.687539, 4.794766, 0.002154, -1.594303
6.787493, 4.794786, 0.002137, -1.594245
6.887494, 4.794800, 0.002137, -1.594345
6.987527, 4.794791, 0.002136, -1.594234
7.087535, 4.794767, 0.002138, -1.594157
7.187517, 4.794794, 0.002127, -1.594356
7.287514, 4.794775, 0.002135, -1.594293
7.387493, 4.794794, 0.002143, -1.594376
7.487552, 4.794762, 0.002152, -1.594292
7.587477, 4.794809, 0.002134, -1.594246
7.687470, 4.794790, 0.002149, -1.594207
7.795827, 4.794792, 0.002137, -1.594173
7.887503, 4.794794, 0.002130, -1.594259
7.987507, 4.794810, 0.002123, -1.594384
8.087482, 4.794798, 0.002145, -1.594281
8.195827, 4.794789, 0.002154, -1.594279
8.287508, 4.794769, 0.002150, -1.594316
8.387531, 4.794782, 0.002141, -1.594308
8.487496, 4.794778, 0.002148, -1.594272
8.587545, 4.794774, 0.002161, -1.594233
8.687486, 4.794771, 0.002158, -1.594263
8.787495, 4.794784, 0.002157, -1.594250
8.887521, 4.794803, 0.002131, -1.594276
8.987518, 4.794775, 0.002151, -1.594291
9.087546, 4.794785, 0.002168, -1.594231
9.187542, 4.794792, 0.002133, -1.594221
9.287504, 4.794747, 0.002164, -1.594207
9.387556, 4.794749, 0.002175, -1.594216
9.487522, 4.794752, 0.002169, -1.594274
9.595845, 4.794763, 0.002167, -1.594169
9.687473, 4.794779, 0.002147, -1.594271
9.795849, 4.794791, 0.002137, -1.594268
9.887489, 4.794784, 0.002145, -1.594302
9.995847, 4.794794, 0.002141, -1.594232
10.087531, 4.794785, 0.002135, -1.594245
10.187500, 4.794790, 0.002138, -1.594316
10.287535, 4.794784, 0.002166, -1.594231
10.387505, 4.794773, 0.002162, -1.594233
10.495845, 4.794788, 0.002161, -1.594295
10.595834, 4.794766, 0.002157, -1.594226
10.687516, 4.794778, 0.002155, -1.594267
10.787503, 4.794776, 0.002158, -1.594180
10.887493, 4.794791, 0.002154, -1.594270
10.995821, 4.794789, 0.002163, -1.594197
11.087512, 4.794789, 0.002164, -1.594174
11.187486, 4.794771, 0.002162, -1.594272
11.295824, 4.794769, 0.002165, -1.594312
11.395877, 4.794773, 0.002149, -1.594220
11.487546, 4.794782, 0.002149, -1.594297
11.587488, 4.794799, 0.002156, -1.594257
11.687510, 4.794787, 0.002147, -1.594197
11.795850, 4.794782, 0.002156, -1.594181
11.887538, 4.794791, 0.002159, -1.594241
11.987505, 4.794795, 0.002138, -1.594288
12.087514, 4.794793, 0.002151, -1.594305
12.187504, 4.794784, 0.002145, -1.594336
12.287519, 4.794789, 0.002131, -1.594283
12.387501, 4.794783, 0.002159, -1.594288
12.487524, 4.794795, 0.002188, -1.594146
12.587492, 4.794777, 0.002141, -1.594219
12.687543, 4.794794, 0.002148, -1.594285
12.795818, 4.794782, 0.002130, -1.594210
12.887542, 4.794782, 0.002135, -1.594199
12.987523, 4.794796, 0.002144, -1.594300
13.087491, 4.794784, 0.002163, -1.594250
13.187513, 4.794788, 0.002156, -1.594140
13.287574, 4.794781, 0.002148, -1.594253
13.395826, 4.794795, 0.002128, -1.594322
13.487492, 4.794801, 0.002149, -1.594250
13.587500, 4.794793, 0.002133, -1.594292
13.687492, 4.794778, 0.002137, -1.594265
13.787489, 4.794773, 0.002147, -1.594252
13.887492, 4.794789, 0.002137, -1.594208
13.987535, 4.794768, 0.002136, -1.594391
14.087504, 4.794771, 0.002142, -1.594274
14.187489, 4.794781, 0.002144, -1.594391
14.287604, 4.794801, 0.002165, -1.594269
14.387500, 4.794790, 0.002168, -1.594253
14.487514, 4.794766, 0.002155, -1.594293
14.587534, 4.794764, 0.002162, -1.594262
14.687495, 4.794772, 0.002162, -1.594280
14.795892, 4.794765, 0.002149, -1.594229
14.895850, 4.794760, 0.002145, -1.594274
14.987522, 4.794764, 0.002160, -1.594210
15.087537, 4.794745, 0.002160, -1.594285
15.187508, 4.794755, 0.002154, -1.594242
15.295820, 4.794745, 0.002151, -1.594188
15.395848, 4.794778, 0.002146, -1.594323
15.487490, 4.794787, 0.002171, -1.594252
15.595841, 4.794769, 0.002149, -1.594259
15.687551, 4.794774, 0.002151, -1.594227
15.787558, 4.794795, 0.002130, -1.594168
15.887535, 4.794793, 0.002152, -1.594306
15.987463, 4.794776, 0.002149, -1.594269
16.087490, 4.794770, 0.002140, -1.594260
16.187518, 4.794774, 0.002164, -1.594334
16.287488, 4.794766, 0.002159, -1.594233
16.395846, 4.794755, 0.002142, -1.594239
16.487515, 4.794768, 0.002150, -1.594282
16.587591, 4.794777, 0.002141, -1.594226
16.687561, 4.794784, 0.002166, -1.594343
16.787520, 4.794778, 0.002159, -1.594273
16.887515, 4.794789, 0.002149, -1.594190
16.995874, 4.794775, 0.002141, -1.594245
17.087519, 4.794792, 0.002145, -1.594200
17.187578, 4.794792, 0.002147, -1.594241
17.287507, 4.794777, 0.002147, -1.594367
17.395844, 4.794791, 0.002136, -1.594278
17.487532, 4.794789, 0.002152, -1.594171
17.587493, 4.794785, 0.002154, -1.594256
17.695827, 4.794782, 0.002151, -1.594250
17.787562, 4.794778, 0.002150, -1.594195
17.887517, 4.794776, 0.002150, -1.594209
17.987475, 4.794790, 0.002142, -1.594243
18.087478, 4.794781, 0.002144, -1.594244
18.187480, 4.794791, 0.002161, -1.594301
18.287562, 4.794777, 0.002157, -1.594298
18.387495, 4.794791, 0.002161, -1.594241
18.487491, 4.794791, 0.002154, -1.594228
18.587518, 4.794786, 0.002172, -1.594326
18.687509, 4.794791, 0.002174, -1.594270
18.787522, 4.794794, 0.002161, -1.594250
18.887513, 4.794787, 0.002162, -1.594200
18.987524, 4.794502, 0.000575, -1.582307
19.095805, 4.794878, -0.010587, -1.548878
19.195832, 4.795430, -0.023944, -1.523391
19.287508, 4.796046, -0.036594, -1.481239
19.387505, 4.797844, -0.051421, -1.437588
19.487486, 4.800102, -0.064698, -1.394700
19.587492, 4.803346, -0.080673, -1.343750
19.687504, 4.807254, -0.094876, -1.292849
19.787489, 4.811481, -0.108913, -1.247000
19.887510, 4.816653, -0.122994, -1.203978
19.987503, 4.822084, -0.136654, -1.159953
20.087478, 4.827935, -0.149856, -1.116090
20.187470, 4.835056, -0.163393, -1.083788
20.287479, 4.842539, -0.177218, -1.062139
20.387496, 4.849646, -0.190021, -1.041009
20.487520, 4.855927, -0.200102, -1.020030
20.587533, 4.863578, -0.212812, -1.003541
20.687487, 4.868950, -0.220621, -0.983018
20.788826, 4.877596, -0.233637, -0.957753
20.888055, 4.883337, -0.241683, -0.942044
20.987494, 4.891541, -0.254685, -0.923595
21.087478, 4.898182, -0.262273, -0.920842
21.187483, 4.906813, -0.273291, -0.917946
21.287492, 4.912806, -0.280336, -0.915961
21.387523, 4.922083, -0.292809, -0.908331
21.495823, 4.927439, -0.299224, -0.904304
21.587469, 4.934461, -0.307327, -0.898896
21.695817, 4.944096, -0.319325, -0.898507
21.787482, 4.949341, -0.325579, -0.897182
21.879171, 4.954472, -0.332257, -0.893411
21.987498, 4.965293, -0.344821, -0.873370
22.095940, 4.971923, -0.352438, -0.870906
22.187504, 4.979723, -0.361762, -0.854672
22.287517, 4.986076, -0.368230, -0.843960
22.387476, 4.997010, -0.380304, -0.824257
22.487518, 5.007815, -0.391599, -0.814071
22.587480, 5.017139, -0.400691, -0.816455
22.687501, 5.025046, -0.408707, -0.821076
22.787484, 5.033866, -0.417961, -0.817419
22.887491, 5.045949, -0.430437, -0.815449
22.987498, 5.054016, -0.438307, -0.816664
23.087533, 5.061199, -0.445761, -0.807032
23.187505, 5.073448, -0.457968, -0.799851
23.295823, 5.081771, -0.466106, -0.799743
23.387467, 5.093666, -0.476869, -0.797832
23.487484, 5.100097, -0.484162, -0.797100
23.587487, 5.112597, -0.496138, -0.786451
23.687533, 5.120358, -0.503594, -0.788390
23.787548, 5.130902, -0.514366, -0.793949
23.895840, 5.137689, -0.521346, -0.804412
23.979151, 5.148114, -0.531619, -0.815499
24.087490, 5.156942, -0.540589, -0.819705
24.187513, 5.163015, -0.547293, -0.828716
24.287476, 5.173797, -0.558506, -0.831126
24.387504, 5.175994, -0.561565, -0.816382
24.487477, 5.175837, -0.560750, -0.788719
24.587503, 5.177135, -0.562357, -0.759253
24.687510, 5.177544, -0.562743, -0.720891
24.787483, 5.177933, -0.563473, -0.671822
24.879183, 5.178986, -0.563990, -0.630394
24.987486, 5.179361, -0.563835, -0.578436
25.079149, 5.179970, -0.565373, -0.536001
25.187646, 5.180417, -0.565144, -0.479827
25.290687, 5.181319, -0.565514, -0.434098
25.387523, 5.181410, -0.565358, -0.385371
25.487501, 5.182241, -0.566490, -0.337281
25.595822, 5.182802, -0.566351, -0.284874
25.687482, 5.183697, -0.566443, -0.265542
25.787466, 5.184440, -0.567176, -0.233482
25.887532, 5.184497, -0.566807, -0.203927
25.987483, 5.185895, -0.567422, -0.174238
26.087537, 5.186605, -0.567372, -0.145607
26.187526, 5.187509, -0.567528, -0.111583
26.287521, 5.187689, -0.567480, -0.080029
26.387489, 5.189030, -0.567935, -0.050891
26.495841, 5.189481, -0.567814, -0.009331
26.587482, 5.190022, -0.567502, 0.036354
26.687497, 5.191139, -0.568155, 0.065076
26.787480, 5.191241, -0.567446, 0.112576
26.887475, 5.192569, -0.568051, 0.139960
26.987482, 5.193295, -0.567711, 0.169767
27.087498, 5.194091, -0.567517, 0.207426
27.187517, 5.195048, -0.567654, 0.246041
27.287493, 5.195129, -0.567237, 0.280127
27.387508, 5.195969, -0.567538, 0.321707
27.487522, 5.196628, -0.566857, 0.343735
27.587515, 5.197530, -0.566873, 0.383323
27.687472, 5.197891, -0.566739, 0.415015
27.787483, 5.199239, -0.566332, 0.445660
27.887841, 5.199393, -0.566111, 0.479057
27.987494, 5.200075, -0.566117, 0.514525
28.087490, 5.200794, -0.565706, 0.541840
28.187480, 5.201663, -0.565349, 0.577036
28.287483, 5.201630, -0.565076, 0.609887
28.387504, 5.202768, -0.564671, 0.639818
28.487485, 5.203145, -0.564146, 0.665331
28.587501, 5.202692, -0.564226, 0.662984
28.687499, 5.203023, -0.564096, 0.663449
28.795818, 5.203019, -0.564130, 0.663481
28.887544, 5.202892, -0.564180, 0.663444
28.987485, 5.202957, -0.564055, 0.663286
29.087491, 5.202964, -0.564161, 0.663436
29.187499, 5.202979, -0.564124, 0.663442
29.287497, 5.202957, -0.564116, 0.663502
29.387497, 5.202946, -0.564125, 0.663332
29.487499, 5.202939, -0.564129, 0.663369
29.587493, 5.202940, -0.564129, 0.663418
29.687503, 5.202940, -0.564126, 0.663398
29.787563, 5.202947, -0.564123, 0.663352
29.887506, 5.202926, -0.564127, 0.663347
29.987490, 5.202942, -0.564121, 0.663344
30.087481, 5.202943, -0.564119, 0.663403
30.187506, 5.202933, -0.564126, 0.663334
30.287591, 5.202933, -0.564142, 0.663287
30.387480, 5.202924, -0.564144, 0.663318
30.487482, 5.202932, -0.564142, 0.663348
30.587490, 5.202938, -0.564131, 0.663415
30.687585, 5.202936, -0.564130, 0.663420
30.787483, 5.202948, -0.564140, 0.663399
30.887511, 5.202927, -0.564138, 0.663393
30.987482, 5.202924, -0.564139, 0.663348
31.087521, 5.202919, -0.564145, 0.663424
31.187506, 5.202925, -0.564143, 0.663333
31.287519, 5.202915, -0.564132, 0.663378
31.387500, 5.202922, -0.564140, 0.663386
31.487478, 5.202913, -0.564131, 0.663289
31.587508, 5.202920, -0.564133, 0.663269
31.687496, 5.202912, -0.564146, 0.663330
31.787498, 5.202922, -0.564140, 0.663381
31.887521, 5.202919, -0.564149, 0.663386
31.987473, 5.202922, -0.564139, 0.663320
32.087512, 5.202929, -0.564149, 0.663381
32.187473, 5.202929, -0.564158, 0.663335
32.304177, 5.202929, -0.564154, 0.663376
32.387488, 5.202927, -0.564150, 0.663328
32.487497, 5.202929, -0.564155, 0.663407
32.587487, 5.202928, -0.564139, 0.663392
32.687546, 5.202923, -0.564158, 0.663407
32.787526, 5.202920, -0.564139, 0.663414
32.887501, 5.202926, -0.564138, 0.663413
32.987497, 5.202919, -0.564127, 0.663386
33.087516, 5.202923, -0.564132, 0.663331
33.187483, 5.202921, -0.564143, 0.663447
33.287528, 5.202923, -0.564147, 0.663371
33.387516, 5.202916, -0.564150, 0.663337
33.487560, 5.202919, -0.564144, 0.663322
33.587497, 5.202927, -0.564132, 0.663367
33.687492, 5.202922, -0.564140, 0.663292
33.787489, 5.202912, -0.564136, 0.663322
33.887486, 5.202924, -0.564147, 0.663377
33.987514, 5.202915, -0.564138, 0.663366
34.087497, 5.202921, -0.564146, 0.663350
34.187504, 5.202917, -0.564154, 0.663329
34.287515, 5.202908, -0.564140, 0.663371
34.387488, 5.202908, -0.564132, 0.663339
34.487492, 5.202914, -0.564138, 0.663326
34.587483, 5.202899, -0.564140, 0.663296
34.687500, 5.202897, -0.564149, 0.663408
34.787471, 5.202918, -0.564146, 0.663420
34.895817, 5.202906, -0.564147, 0.663361
34.987483, 5.202919, -0.564140, 0.663362
35.087513, 5.202909, -0.564136, 0.663366
35.187491, 5.202909, -0.564136, 0.663370
35.287534, 5.202908, -0.564146, 0.663436
35.395816, 5.202899, -0.564147, 0.663411
35.487503, 5.202909, -0.564142, 0.663432
35.587490, 5.202923, -0.564148, 0.663317
35.687497, 5.202916, -0.564150, 0.663379
35.795819, 5.202901, -0.564150, 0.663375
35.887487, 5.202906, -0.564151, 0.663290
35.987509, 5.202913, -0.564148, 0.663373
36.087484, 5.202918, -0.564161, 0.663357
36.179162, 5.202905, -0.564147, 0.663380
36.287483, 5.202921, -0.564148, 0.663391
36.387515, 5.202911, -0.564150, 0.663390
36.487489, 5.202905, -0.564156, 0.663322
36.587528, 5.202901, -0.564151, 0.663423
36.695833, 5.202912, -0.564145, 0.663319
36.787504, 5.202920, -0.564149, 0.663422
36.887502, 5.202924, -0.564135, 0.663375
36.987493, 5.202914, -0.564132, 0.663348
37.087523, 5.202909, -0.564136, 0.663406
37.187477, 5.202904, -0.564145, 0.663324
37.295837, 5.202883, -0.564122, 0.663304
37.387506, 5.202898, -0.564141, 0.663350
37.495829, 5.202902, -0.564149, 0.663347
37.587507, 5.202908, -0.564147, 0.663370
37.687522, 5.202909, -0.564152, 0.663368
37.795833, 5.202909, -0.564150, 0.663344
37.887547, 5.202907, -0.564161, 0.663375
37.987508, 5.202902, -0.564151, 0.663403
38.087498, 5.202913, -0.564146, 0.663328
38.187496, 5.202910, -0.564149, 0.663318
38.287524, 5.202911, -0.564153, 0.663371
38.395835, 5.202908, -0.564156, 0.663342
38.487468, 5.202911, -0.564143, 0.663302
38.587483, 5.202922, -0.564161, 0.663313
38.695825, 5.202902, -0.564150, 0.663317
38.787506, 5.202902, -0.564143, 0.663309
38.887496, 5.202904, -0.564153, 0.663394
38.995824, 5.202903, -0.564154, 0.663331
39.087488, 5.202895, -0.564166, 0.663418
39.195805, 5.202893, -0.564157, 0.663407
39.287498, 5.202903, -0.564163, 0.663423
39.395823, 5.202885, -0.564142, 0.663373
39.487508, 5.202891, -0.564155, 0.663385
39.587506, 5.202897, -0.564152, 0.663286
39.687503, 5.202902, -0.564169, 0.663421
39.787566, 5.203260, -0.563720, 0.657933
39.887502, 5.210538, -0.557744, 0.643322
39.987620, 5.221108, -0.549528, 0.625585
40.087479, 5.222078, -0.548194, 0.613870
40.187548, 5.223577, -0.546974, 0.589656
40.287501, 5.228770, -0.543174, 0.565789
40.387524, 5.227831, -0.543959, 0.550924
40.487509, 5.228577, -0.542831, 0.527060
40.587554, 5.228210, -0.542916, 0.510391
40.687502, 5.228309, -0.543392, 0.485904
40.787506, 5.228523, -0.542941, 0.463607
40.887519, 5.228763, -0.542518, 0.440060
40.987478, 5.228745, -0.542897, 0.420778
41.087468, 5.228690, -0.542841, 0.402349
41.187468, 5.229009, -0.542194, 0.378737
41.287457, 5.229344, -0.542327, 0.351703
41.387510, 5.229343, -0.542248, 0.321810
41.487510, 5.229850, -0.541412, 0.286115
41.587495, 5.229696, -0.541769, 0.254840
41.687480, 5.230245, -0.541060, 0.224179
41.787509, 5.230503, -0.541368, 0.196424
41.887481, 5.230321, -0.541393, 0.167115
41.987462, 5.231032, -0.540813, 0.141279
42.087487, 5.230760, -0.540879, 0.117326
42.195822, 5.230785, -0.540997, 0.091370
42.287493, 5.231643, -0.540415, 0.063899
42.387512, 5.231515, -0.540764, 0.026175
42.495822, 5.232136, -0.540097, -0.017258
42.587464, 5.232099, -0.540532, -0.057009
42.687499, 5.232789, -0.539774, -0.102800
42.787514, 5.232431, -0.540328, -0.146424
42.887513, 5.233441, -0.539738, -0.191465
42.987500, 5.233305, -0.539748, -0.238537
43.087563, 5.233877, -0.540050, -0.280923
43.187512, 5.234607, -0.539459, -0.328821
43.287493, 5.233973, -0.540113, -0.373135
43.387490, 5.235157, -0.539667, -0.419355
43.487545, 5.234945, -0.539940, -0.465010
43.587505, 5.235458, -0.540168, -0.510368
43.687533, 5.235983, -0.539771, -0.560784
43.787505, 5.235389, -0.540241, -0.606668
43.887506, 5.236528, -0.540000, -0.655616
43.987513, 5.236674, -0.540130, -0.700512
44.087480, 5.236836, -0.540677, -0.750219
44.195818, 5.237796, -0.540188, -0.803421
44.287484, 5.237234, -0.540647, -0.846906
44.387484, 5.237676, -0.540905, -0.895710
44.487522, 5.238588, -0.540540, -0.946005
44.587507, 5.237829, -0.540989, -0.994969
44.687485, 5.238605, -0.541299, -1.046074
44.787514, 5.239249, -0.541141, -1.093129
44.887507, 5.238516, -0.541569, -1.142736
44.995823, 5.239339, -0.541742, -1.198333
45.087468, 5.239567, -0.541429, -1.245569
45.187482, 5.239114, -0.541908, -1.296295
45.287483, 5.240166, -0.542180, -1.349152
45.387507, 5.239955, -0.542174, -1.399438
45.487512, 5.239436, -0.542387, -1.450609
45.587504, 5.240543, -0.542727, -1.504161
45.687497, 5.240369, -0.542789, -1.552862
45.787493, 5.240127, -0.543074, -1.607474
45.887488, 5.240913, -0.543600, -1.660776
45.987509, 5.240715, -0.543621, -1.709609
46.087513, 5.240343, -0.543982, -1.764174
46.187497, 5.241019, -0.544491, -1.816438
46.287505, 5.241106, -0.544712, -1.867770
46.387491, 5.240563, -0.544929, -1.922141
46.487489, 5.240727, -0.546030, -1.980259
46.587485, 5.239350, -0.550514, -2.032488
46.695828, 5.238557, -0.549605, -2.092430
46.787502, 5.236440, -0.555093, -2.136544
46.887518, 5.232669, -0.560365, -2.196196
46.987499, 5.226253, -0.569829, -2.259842
47.087532, 5.222810, -0.573579, -2.313085
47.187471, 5.214604, -0.583824, -2.377025
47.287478, 5.209613, -0.587891, -2.430271
47.387480, 5.199167, -0.597457, -2.493141
47.487526, 5.186448, -0.607111, -2.548633
47.587483, 5.173042, -0.616419, -2.610612
47.687860, 5.159430, -0.624777, -2.671847
47.795826, 5.143269, -0.633340, -2.736031
47.887522, 5.129736, -0.639407, -2.794269
47.987499, 5.114182, -0.645273, -2.854635
48.087486, 5.098353, -0.650212, -2.915259
48.187521, 5.082282, -0.654169, -2.975442
48.287506, 5.065928, -0.657057, -3.029248
48.387472, 5.049279, -0.659390, -3.080773
48.479224, 5.033742, -0.660517, -3.131417
48.587529, 5.015151, -0.660790, 3.095013
48.687515, 4.998183, -0.660163, 3.051425
48.787543, 4.981179, -0.658652, 3.007664
48.887515, 4.964185, -0.656353, 2.967673
48.987521, 4.947055, -0.653535, 2.928348
49.087503, 4.930216, -0.650149, 2.888226
49.187475, 4.913545, -0.645837, 2.846688
49.287488, 4.896961, -0.641292, 2.821050
49.387502, 4.881174, -0.636475, 2.798918
49.487523, 4.866977, -0.631439, 2.771625
49.587507, 4.850724, -0.625642, 2.742148
49.687490, 4.838592, -0.620385, 2.724050
49.787461, 4.826795, -0.615395, 2.705489
49.887489, 4.811867, -0.609105, 2.690458
49.995925, 4.799545, -0.603094, 2.668601
50.087510, 4.782908, -0.595082, 2.652767
50.189356, 4.767398, -0.587506, 2.648054
50.287566, 4.754516, -0.580986, 2.640630
50.387497, 4.743367, -0.574804, 2.619866
50.487534, 4.727684, -0.566589, 2.610695
50.587516, 4.716648, -0.560504, 2.592608
50.687488, 4.706066, -0.554377, 2.587035
50.787506, 4.697969, -0.549688, 2.573080
50.887491, 4.689387, -0.544166, 2.550231
50.987491, 4.675855, -0.535619, 2.545722
51.087514, 4.667487, -0.530081, 2.537527
51.187512, 4.658752, -0.523696, 2.516489
51.287483, 4.645903, -0.514406, 2.520441
51.395850, 4.637182, -0.508559, 2.519322
51.487537, 4.628892, -0.502383, 2.521396
51.587512, 4.615065, -0.492503, 2.520367
51.687495, 4.601612, -0.483266, 2.519644
51.787531, 4.589485, -0.475229, 2.509983
51.887517, 4.575358, -0.465436, 2.500975
51.987493, 4.563899, -0.457061, 2.500043
52.095825, 4.554127, -0.450219, 2.497020
52.187486, 4.546274, -0.444733, 2.479926
52.287487, 4.538693, -0.439279, 2.460743
52.387524, 4.530347, -0.432765, 2.435460
52.487491, 4.518331, -0.422590, 2.421534
52.587498, 4.508467, -0.414498, 2.410141
52.687607, 4.497384, -0.404850, 2.392491
52.787493, 4.489270, -0.397660, 2.390422
52.887509, 4.487740, -0.395746, 2.393847
52.987487, 4.487404, -0.395895, 2.407780
53.087482, 4.486919, -0.394809, 2.431566
53.187500, 4.486107, -0.394215, 2.466323
53.287524, 4.485519, -0.394289, 2.505098
53.387499, 4.484988, -0.393696, 2.545890
53.487543, 4.484518, -0.393277, 2.596719
53.587505, 4.483733, -0.392979, 2.637707
53.687494, 4.483493, -0.393276, 2.686031
53.787477, 4.482962, -0.392186, 2.731221
53.887477, 4.482533, -0.392593, 2.776974
53.987503, 4.481578, -0.392152, 2.819398
54.087586, 4.481341, -0.391813, 2.870709
54.187487, 4.480554, -0.391462, 2.908678
54.287505, 4.480693, -0.392226, 2.949123
54.387496, 4.479512, -0.391311, 2.985368
54.487554, 4.479281, -0.391660, 3.014818
54.587481, 4.478799, -0.391578, 3.050717
54.687490, 4.477992, -0.391384, 3.072164
54.787492, 4.477071, -0.391134, 3.100057
54.887483, 4.476965, -0.391490, 3.127640
54.987499, 4.476021, -0.391271, -3.125357
55.087506, 4.475217, -0.391301, -3.102962
55.187482, 4.474876, -0.391498, -3.082564
55.295868, 4.474629, -0.391657, -3.083683
55.387489, 4.474756, -0.391568, -3.083234
55.487467, 4.474639, -0.391647, -3.083669
55.587494, 4.474703, -0.391582, -3.083407
55.687565, 4.474679, -0.391621, -3.083621
55.804194, 4.474717, -0.391606, -3.083533
55.887539, 4.474689, -0.391615, -3.083605
55.987497, 4.474706, -0.391603, -3.083541
56.087500, 4.474696, -0.391611, -3.083527
56.187484, 4.474698, -0.391609, -3.083500
56.287553, 4.474713, -0.391627, -3.083495
56.387539, 4.474715, -0.391620, -3.083549
56.487503, 4.474732, -0.391619, -3.083508
56.587485, 4.474729, -0.391607, -3.083530
56.687525, 4.474672, -0.391570, -3.083511
56.787471, 4.474723, -0.391619, -3.083522
56.887477, 4.474718, -0.391619, -3.083541
56.987517, 4.474663, -0.391567, -3.083575
57.087489, 4.474708, -0.391599, -3.083613
57.187487, 4.474633, -0.391533, -3.083449
57.287632, 4.474724, -0.391595, -3.083618
57.387512, 4.474732, -0.391608, -3.083452
57.487492, 4.474691, -0.391615, -3.083317
57.587536, 4.474711, -0.391617, -3.083555
57.687557, 4.474633, -0.391534, -3.083426
57.787488, 4.474602, -0.391535, -3.083291
57.895878, 4.474681, -0.391613, -3.083339
57.987499, 4.474627, -0.391520, -3.083518
58.087521, 4.474592, -0.391543, -3.083292
58.187515, 4.474730, -0.391599, -3.083541
58.287518, 4.474723, -0.391602, -3.083588
58.395848, 4.474619, -0.391539, -3.083438
58.487509, 4.474738, -0.391613, -3.083591
58.587505, 4.474623, -0.391539, -3.083485
58.687550, 4.474725, -0.391619, -3.083559
58.787489, 4.474731, -0.391614, -3.083586
58.887516, 4.474686, -0.391568, -3.083609
58.987538, 4.474697, -0.391567, -3.083585
59.087511, 4.474742, -0.391608, -3.083498
59.187475, 4.474694, -0.391562, -3.083540
59.295846, 4.474651, -0.391537, -3.083480
59.387531, 4.474739, -0.391598, -3.083548
59.487515, 4.474772, -0.391598, -3.083647
59.595838, 4.474775, -0.391612, -3.083581
59.687484, 4.474777, -0.391599, -3.083567
59.787496, 4.474782, -0.391610, -3.083508
59.887479, 4.474781, -0.391614, -3.083499
59.987476, 4.474768, -0.391608, -3.083506
60.086847, 4.474773, -0.391620, -3.083523
60.187488, 4.474712, -0.391582, -3.083578
60.287490, 4.470046, -0.391991, -3.086850
60.387481, 4.461824, -0.392868, -3.091451
60.487475, 4.451996, -0.393230, -3.095896
60.587523, 4.439202, -0.393837, -3.097109
60.687544, 4.431410, -0.394415, -3.099455
60.804178, 4.422126, -0.394643, -3.087600
60.887484, 4.410759, -0.395735, -3.073523
60.987494, 4.396226, -0.396405, -3.061703
61.087498, 4.389947, -0.396563, -3.053767
61.187477, 4.389438, -0.397086, -3.027059
61.287492, 4.388324, -0.397039, -3.012838
61.387502, 4.388328, -0.397024, -2.984856
61.487491, 4.387493, -0.397035, -2.959581
61.587494, 4.388237, -0.397017, -2.941006
61.687473, 4.388013, -0.396945, -2.907262
61.787522, 4.387767, -0.396887, -2.872936
61.887482, 4.388367, -0.396755, -2.852624
61.987530, 4.387754, -0.396812, -2.815278
62.087504, 4.388335, -0.396809, -2.782954
62.187497, 4.388101, -0.396563, -2.741276
62.287494, 4.388395, -0.396631, -2.706273
62.395827, 4.387827, -0.396401, -2.654883
62.487520, 4.388490, -0.396403, -2.629012
62.587486, 4.388136, -0.396232, -2.581707
62.687492, 4.388456, -0.395961, -2.542519
62.787492, 4.385989, -0.398146, -2.488438
62.887554, 4.385027, -0.397862, -2.456775
62.987514, 4.385739, -0.397728, -2.403871
63.087496, 4.385504, -0.397941, -2.369522
63.187479, 4.383397, -0.399977, -2.310376
63.295818, 4.382521, -0.400098, -2.269290
63.395801, 4.383114, -0.399969, -2.223147
63.487513, 4.382765, -0.399984, -2.180971
63.579158, 4.381333, -0.402380, -2.128251
63.687484, 4.380470, -0.402806, -2.084481
63.787495, 4.380715, -0.402706, -2.037637
63.887534, 4.379377, -0.406176, -1.984452
63.987532, 4.377589, -0.409953, -1.943162
64.079186, 4.377051, -0.410377, -1.899889
64.187464, 4.377312, -0.409819, -1.846057
64.295816, 4.376481, -0.414040, -1.788893
64.387484, 4.376044, -0.413825, -1.753346
64.487515, 4.375591, -0.413664, -1.697632
64.587490, 4.376568, -0.413384, -1.651166
64.687858, 4.375947, -0.413260, -1.600990
64.787501, 4.375743, -0.413410, -1.556174
64.887547, 4.375854, -0.413401, -1.503466
64.987512, 4.375377, -0.413766, -1.458415
65.087484, 4.376140, -0.411292, -1.400313
65.187492, 4.375364, -0.411544, -1.348756
65.287534, 4.376700, -0.415547, -1.299736
65.387486, 4.377876, -0.419230, -1.249902
65.487496, 4.377362, -0.419335, -1.198746
65.587517, 4.377469, -0.419589, -1.150868
65.687512, 4.379315, -0.422258, -1.091618
65.804241, 4.378932, -0.423225, -1.039556
65.887558, 4.378806, -0.423229, -0.993191
65.987508, 4.378822, -0.423575, -0.944934
66.087521, 4.378664, -0.423457, -0.894675
66.187485, 4.378434, -0.423125, -0.842471
66.287508, 4.378003, -0.423954, -0.789598
66.387517, 4.378215, -0.423309, -0.739041
66.487514, 4.377946, -0.423452, -0.685567
66.587477, 4.377365, -0.424439, -0.632515
66.687479, 4.377761, -0.423408, -0.579565
66.787527, 4.377260, -0.423603, -0.527871
66.887561, 4.376985, -0.424478, -0.473264
66.987488, 4.377371, -0.423787, -0.421345
67.087491, 4.377094, -0.423951, -0.368259
67.195805, 4.377034, -0.424669, -0.312285
67.295862, 4.376721, -0.424365, -0.256019
67.387490, 4.376518, -0.424399, -0.208344
67.487530, 4.376623, -0.424642, -0.159175
67.587489, 4.376568, -0.424612, -0.104133
67.687474, 4.376510, -0.425090, -0.052887
67.787594, 4.376352, -0.424833, -0.010299
67.895823, 4.376302, -0.424914, 0.036271
67.987474, 4.376582, -0.425386, 0.066015
68.087493, 4.376091, -0.425260, 0.110357
68.187496, 4.376473, -0.425512, 0.143085
68.287493, 4.376217, -0.425585, 0.179599
68.387546, 4.376299, -0.425702, 0.217193
68.487524, 4.376152, -0.425780, 0.253990
68.587498, 4.376597, -0.425592, 0.296044
68.687537, 4.378460, -0.425224, 0.330574
68.787513, 4.376997, -0.425568, 0.366190
68.887473, 4.377550, -0.425501, 0.398676
68.987494, 4.376890, -0.425627, 0.436573
69.087516, 4.380856, -0.423453, 0.464343
69.187507, 4.383504, -0.423189, 0.489099
69.287511, 4.383378, -0.422331, 0.517859
69.387483, 4.385023, -0.421598, 0.544901
69.487535, 4.385624, -0.421713, 0.574737
69.587489, 4.385895, -0.421163, 0.603655
69.695853, 4.386968, -0.420363, 0.639365
69.787497, 4.387847, -0.420089, 0.678852
69.887478, 4.388116, -0.419920, 0.726469
69.987485, 4.388856, -0.418953, 0.759627
70.087480, 4.389121, -0.418848, 0.803623
70.187484, 4.390336, -0.418285, 0.840782
70.295847, 4.390237, -0.417449, 0.876827
70.395833, 4.390851, -0.417262, 0.914251
70.495808, 4.391471, -0.416462, 0.943839
70.587500, 4.391969, -0.415803, 0.972630
70.687489, 4.391971, -0.415657, 1.006310
70.787508, 4.392703, -0.414862, 1.035648
70.887496, 4.392935, -0.414257, 1.062672
70.987520, 4.393295, -0.413790, 1.095997
71.095822, 4.393554, -0.413247, 1.125815
71.187496, 4.394183, -0.412289, 1.152200
71.287498, 4.394208, -0.411780, 1.181393
71.387522, 4.394661, -0.411376, 1.216287
71.487508, 4.394836, -0.410753, 1.242577
71.587530, 4.395463, -0.409931, 1.276675
71.687500, 4.395121, -0.409972, 1.314358
71.787500, 4.395709, -0.409028, 1.349711
71.895862, 4.395812, -0.408696, 1.383185
71.987482, 4.395765, -0.408271, 1.418052
72.095808, 4.396202, -0.407592, 1.447254
72.195827, 4.396244, -0.407092, 1.481729
72.287501, 4.396392, -0.406624, 1.509573
72.387512, 4.396457, -0.405346, 1.534509
72.487568, 4.396697, -0.404615, 1.564802
72.587495, 4.397022, -0.403952, 1.604626
72.687524, 4.397547, -0.404000, 1.638707
72.787482, 4.397743, -0.403881, 1.681864
72.887573, 4.397660, -0.403386, 1.728548
72.995825, 4.397403, -0.403265, 1.782144
73.087485, 4.397684, -0.402689, 1.828808
73.187693, 4.397434, -0.402580, 1.878489
73.287509, 4.397634, -0.401792, 1.930537
73.387562, 4.397043, -0.402304, 1.979020
73.487513, 4.397401, -0.401348, 2.031668
73.595819, 4.397406, -0.400796, 2.089917
73.687519, 4.396707, -0.401089, 2.137717
73.787488, 4.396998, -0.400406, 2.187952
73.887599, 4.396969, -0.400255, 2.249272
73.987494, 4.396777, -0.400062, 2.304942
74.087504, 4.396860, -0.399485, 2.357064
74.187497, 4.396542, -0.399944, 2.411232
74.295771, 4.396541, -0.399777, 2.470122
74.387488, 4.396610, -0.398735, 2.521822
74.487484, 4.396274, -0.399476, 2.576882
74.587493, 4.396288, -0.399310, 2.632031
74.687500, 4.396331, -0.398839, 2.687128
74.787513, 4.396037, -0.398977, 2.741360
74.887512, 4.396056, -0.398808, 2.797216
74.987525, 4.395767, -0.398405, 2.851041
75.087494, 4.396030, -0.399166, 2.904954
75.195826, 4.396115, -0.398627, 2.966201
75.287485, 4.395974, -0.398208, 3.017361
75.395816, 4.396140, -0.398857, 3.078141
75.487507, 4.396616, -0.398582, 3.128780
75.587509, 4.396365, -0.398149, -3.097004
75.687532, 4.396900, -0.398239, -3.041819
75.787482, 4.397144, -0.398349, -2.982359
75.887556, 4.397073, -0.397881, -2.928257
75.987726, 4.397209, -0.397801, -2.871482
76.087492, 4.397365, -0.398024, -2.814312
76.187507, 4.394260, -0.398699, -2.751309
76.287476, 4.390592, -0.400611, -2.692933
76.387493, 4.385053, -0.403338, -2.632086
76.487520, 4.379086, -0.406425, -2.573136
76.587493, 4.371325, -0.411780, -2.500794
76.687523, 4.363990, -0.415970, -2.448731
76.795822, 4.357018, -0.423131, -2.369115
76.895835, 4.347768, -0.432652, -2.306102
76.987486, 4.337569, -0.444031, -2.245851
77.095811, 4.329704, -0.453317, -2.182418
77.187509, 4.324288, -0.462660, -2.117682
77.287494, 4.319021, -0.470930, -2.055764
77.387509, 4.311814, -0.485376, -1.987188
77.487506, 4.305509, -0.500516, -1.929189
77.595807, 4.299735, -0.516547, -1.857374
77.687500, 4.295868, -0.531010, -1.798095
77.787516, 4.292445, -0.546921, -1.736435
77.887547, 4.290118, -0.562934, -1.670456
77.987474, 4.289047, -0.579197, -1.605539
78.087491, 4.288630, -0.594897, -1.539771
78.187495, 4.289463, -0.611138, -1.474215
78.295825, 4.291595, -0.629152, -1.406200
78.387480, 4.294425, -0.644306, -1.352322
78.487499, 4.298048, -0.658896, -1.293548
78.587474, 4.303422, -0.676114, -1.225435
78.687520, 4.309208, -0.691434, -1.165597
78.787474, 4.315875, -0.706381, -1.110032
78.887506, 4.323564, -0.721271, -1.062437
78.987568, 4.332287, -0.736513, -1.024488
79.087509, 4.341223, -0.751258, -0.983901
79.187518, 4.350873, -0.765294, -0.937790
79.287480, 4.361061, -0.778989, -0.899572
79.387474, 4.371771, -0.792631, -0.868274
79.487550, 4.383203, -0.805439, -0.831730
79.587491, 4.389569, -0.813655, -0.812778
79.687510, 4.388222, -0.811619, -0.812664
79.787506, 4.388964, -0.812536, -0.811438
79.887510, 4.388708, -0.812184, -0.811582
79.995826, 4.388863, -0.812412, -0.811401
80.087483, 4.388818, -0.812320, -0.811631
80.187493, 4.388893, -0.812430, -0.811518
80.287481, 4.388832, -0.812371, -0.811596
80.387512, 4.388847, -0.812385, -0.811505
80.495790, 4.388886, -0.812398, -0.811426
80.587511, 4.388888, -0.812381, -0.811494
80.695806, 4.388863, -0.812377, -0.811534
80.787508, 4.388864, -0.812361, -0.811523
80.887497, 4.388864, -0.812365, -0.811640
80.987486, 4.388867, -0.812377, -0.811578
81.087501, 4.388858, -0.812384, -0.811539
81.187477, 4.388871, -0.812379, -0.811525
81.287477, 4.388866, -0.812378, -0.811515
81.387547, 4.388851, -0.812392, -0.811567
81.487523, 4.388857, -0.812389, -0.811504
81.587502, 4.388853, -0.812374, -0.811617
81.687487, 4.388853, -0.812360, -0.811496
81.787488, 4.388863, -0.812387, -0.811493
81.887475, 4.388863, -0.812375, -0.811527
81.987535, 4.388871, -0.812379, -0.811483
82.087477, 4.388852, -0.812372, -0.811531
82.187497, 4.388865, -0.812366, -0.811602
82.287519, 4.388872, -0.812381, -0.811562
82.387481, 4.388861, -0.812363, -0.811466
82.487497, 4.388870, -0.812367, -0.811482
82.587482, 4.388866, -0.812373, -0.811428
82.687485, 4.388863, -0.812362, -0.811502
82.787490, 4.388860, -0.812349, -0.811537
82.887502, 4.388874, -0.812362, -0.811549
82.987486, 4.388853, -0.812371, -0.811528
83.087497, 4.388867, -0.812357, -0.811469
83.187505, 4.388871, -0.812360, -0.811419
83.287503, 4.388861, -0.812368, -0.811557
83.387618, 4.388858, -0.812386, -0.811583
83.487483, 4.388846, -0.812375, -0.811517
83.587476, 4.388859, -0.812368, -0.811472
83.687475, 4.388865, -0.812362, -0.811453
83.787493, 4.388864, -0.812364, -0.811492
83.887502, 4.388877, -0.812359, -0.811476
83.987435, 4.388865, -0.812362, -0.811491
84.087491, 4.388869, -0.812352, -0.811524
84.187472, 4.388859, -0.812356, -0.811537
84.287497, 4.388866, -0.812360, -0.811578
84.387484, 4.388856, -0.812358, -0.811592
84.487504, 4.388878, -0.812360, -0.811532
84.587505, 4.388857, -0.812350, -0.811558
84.687522, 4.388872, -0.812356, -0.811508
84.795811, 4.388872, -0.812369, -0.811489
84.895828, 4.388859, -0.812356, -0.811457
84.987466, 4.388852, -0.812362, -0.811575
85.095830, 4.388851, -0.812363, -0.811548
85.187474, 4.388878, -0.812354, -0.811501
85.287478, 4.388860, -0.812366, -0.811544
85.387723, 4.388847, -0.812361, -0.811506
85.487487, 4.388861, -0.812361, -0.811584
85.587797, 4.388862, -0.812366, -0.811523
85.687495, 4.388845, -0.812351, -0.811532
85.787498, 4.388858, -0.812356, -0.811467
85.887487, 4.388857, -0.812358, -0.811541
85.987475, 4.388850, -0.812345, -0.811513
86.087540, 4.388861, -0.812344, -0.811529
86.189148, 4.388886, -0.812344, -0.811539
86.287524, 4.388860, -0.812349, -0.811514
86.387484, 4.388860, -0.812366, -0.811502
86.487469, 4.388870, -0.812369, -0.811557
86.587499, 4.388857, -0.812351, -0.811482
86.687478, 4.388855, -0.812345, -0.811570
86.787503, 4.388846, -0.812343, -0.811534
86.887504, 4.388843, -0.812355, -0.811545
86.987494, 4.388870, -0.812371, -0.811473
87.087529, 4.388851, -0.812364, -0.811532
87.187486, 4.388848, -0.812376, -0.811520
87.295847, 4.388867, -0.812359, -0.811530
87.387494, 4.388853, -0.812362, -0.811516
87.487512, 4.388839, -0.812350, -0.811559
87.587516, 4.388865, -0.812351, -0.811532
87.690095, 4.388860, -0.812357, -0.811513
87.787540, 4.388870, -0.812340, -0.811532
87.887542, 4.388860, -0.812335, -0.811503
87.995823, 4.388858, -0.812355, -0.811560
88.095884, 4.388869, -0.812364, -0.811528
88.187492, 4.388851, -0.812353, -0.811525
88.287507, 4.388842, -0.812350, -0.811592
88.387505, 4.388857, -0.812350, -0.811572
88.487497, 4.388862, -0.812345, -0.811511
88.589256, 4.388865, -0.812349, -0.811521
88.687478, 4.388868, -0.812350, -0.811506
88.787498, 4.388838, -0.812345, -0.811515
88.895815, 4.388845, -0.812346, -0.811514
88.987489, 4.388849, -0.812349, -0.811524
89.087477, 4.388841, -0.812346, -0.811540
89.187480, 4.388860, -0.812340, -0.811481
89.287493, 4.388878, -0.812340, -0.811480
89.387495, 4.388860, -0.812348, -0.811547
89.495841, 4.388844, -0.812350, -0.811521
89.587479, 4.388859, -0.812349, -0.811527
89.687466, 4.388849, -0.812347, -0.811583
89.787487, 4.388840, -0.812345, -0.811585
89.887514, 4.388851, -0.812346, -0.811566
89.987468, 4.388842, -0.812346, -0.811563
90.087502, 4.388855, -0.812344, -0.811521
90.187614, 4.388856, -0.812351, -0.811513
90.287538, 4.388857, -0.812354, -0.811479
90.395827, 4.388855, -0.812365, -0.811570
90.487497, 4.388855, -0.812359, -0.811416
90.587481, 4.388846, -0.812348, -0.811505
90.687490, 4.388847, -0.812356, -0.811539
90.787485, 4.388865, -0.812358, -0.811550
90.904154, 4.388849, -0.812336, -0.811569
90.987573, 4.388860, -0.812347, -0.811488
91.087529, 4.388855, -0.812339, -0.811576
91.187474, 4.388840, -0.812332, -0.811497
91.287513, 4.388838, -0.812343, -0.811495
91.387485, 4.388855, -0.812347, -0.811601
91.487478, 4.388856, -0.812344, -0.811504
91.587480, 4.388857, -0.812344, -0.811522
91.687595, 4.388849, -0.812353, -0.811576
91.787505, 4.388841, -0.812355, -0.811543
91.887476, 4.388853, -0.812350, -0.811528
91.987495, 4.388845, -0.812345, -0.811489
92.087464, 4.388848, -0.812349, -0.811568
92.187492, 4.388858, -0.812356, -0.811538
92.287460, 4.388860, -0.812363, -0.811562
92.387470, 4.388867, -0.812347, -0.811486
92.487462, 4.388873, -0.812347, -0.811505
92.587494, 4.388861, -0.812342, -0.811518
92.687494, 4.388850, -0.812355, -0.811518
92.787496, 4.388851, -0.812352, -0.811578
92.887502, 4.388863, -0.812355, -0.811578
92.987473, 4.388855, -0.812335, -0.811540
93.087530, 4.388859, -0.812330, -0.811590
93.187481, 4.388849, -0.812324, -0.811530
93.287480, 4.388855, -0.812333, -0.811510
93.387560, 4.388857, -0.812327, -0.811578
93.487513, 4.388860, -0.812321, -0.811580
93.595834, 4.388856, -0.812324, -0.811517
93.687463, 4.388857, -0.812317, -0.811519
93.787484, 4.388865, -0.812318, -0.811561
93.887480, 4.388856, -0.812324, -0.811588
93.987473, 4.388856, -0.812333, -0.811547
94.087492, 4.388849, -0.812337, -0.811594
94.187542, 4.388860, -0.812337, -0.811517
94.287536, 4.388846, -0.812349, -0.811530
94.387479, 4.388860, -0.812326, -0.811513
94.487476, 4.388849, -0.812334, -0.811555
94.587481, 4.388836, -0.812336, -0.811535
94.687510, 4.388845, -0.812339, -0.811483
94.787472, 4.388843, -0.812338, -0.811575
94.887488, 4.388834, -0.812342, -0.811529
94.987500, 4.388852, -0.812335, -0.811476
95.087512, 4.388843, -0.812342, -0.811525
95.187521, 4.388843, -0.812344, -0.811541
95.287489, 4.388851, -0.812336, -0.811481
95.387497, 4.388837, -0.812328, -0.811531
95.487488, 4.388836, -0.812327, -0.811535
95.587519, 4.388836, -0.812329, -0.811507
95.687484, 4.388846, -0.812329, -0.811456
95.787494, 4.388855, -0.812331, -0.811500
95.895823, 4.388856, -0.812328, -0.811516
95.987495, 4.388865, -0.812331, -0.811565
96.087493, 4.388843, -0.812331, -0.811548
96.187487, 4.388857, -0.812344, -0.811539
96.287481, 4.388854, -0.812338, -0.811535
96.387558, 4.388848, -0.812317, -0.811492
96.487504, 4.388842, -0.812324, -0.811488
96.587506, 4.388832, -0.812338, -0.811497
96.687517, 4.388848, -0.812336, -0.811509
96.787510, 4.388842, -0.812329, -0.811508
96.887491, 4.388849, -0.812335, -0.811486
96.987491, 4.388841, -0.812334, -0.811526
97.087494, 4.388820, -0.812316, -0.811549
97.187476, 4.388858, -0.812326, -0.811539
97.287505, 4.388848, -0.812334, -0.811513
97.387534, 4.388830, -0.812310, -0.811521
97.487512, 4.388839, -0.812324, -0.811503
97.587524, 4.388821, -0.812308, -0.811533
97.687503, 4.388841, -0.812321, -0.811493
97.795836, 4.388809, -0.812308, -0.811545
97.887483, 4.388825, -0.812312, -0.811466
97.987493, 4.388832, -0.812301, -0.811514
98.088691, 4.388828, -0.812309, -0.811480
98.187501, 4.388835, -0.812295, -0.811495
98.287543, 4.388831, -0.812303, -0.811501
98.387477, 4.388837, -0.812298, -0.811471
98.487479, 4.388834, -0.812302, -0.811467
98.587497, 4.388833, -0.812290, -0.811433
98.687485, 4.388830, -0.812299, -0.811408
98.787496, 4.388837, -0.812304, -0.811457
98.887484, 4.388821, -0.812289, -0.811449
98.987516, 4.388821, -0.812299, -0.811418
99.087494, 4.388817, -0.812296, -0.811464
99.187492, 4.388412, -0.812564, -0.792085
99.287486, 4.388141, -0.811638, -0.719490
99.387479, 4.387521, -0.812127, -0.656063
99.487474, 4.387219, -0.812219, -0.590068
99.587478, 4.386946, -0.811976, -0.523435
99.687487, 4.386648, -0.812064, -0.457846
99.787622, 4.385906, -0.811887, -0.387997
99.887490, 4.385563, -0.811836, -0.318515
99.987475, 4.384993, -0.811775, -0.248616
100.087540, 4.384286, -0.812028, -0.178722
100.187497, 4.383857, -0.812093, -0.109255
100.287485, 4.383274, -0.812190, -0.039093
100.387475, 4.382819, -0.812346, 0.030799
100.487519, 4.382444, -0.811925, 0.043161
100.587474, 4.382596, -0.812378, 0.050350
100.687476, 4.382330, -0.812213, 0.049876
100.787487, 4.382493, -0.812120, 0.049544
100.904156, 4.382446, -0.812204, 0.050625
100.995814, 4.385870, -0.812036, 0.067859
101.087468, 4.392152, -0.811757, 0.093930
101.187517, 4.394077, -0.811572, 0.099583
101.287494, 4.393279, -0.811962, 0.105247
101.387488, 4.393357, -0.811764, 0.122855
101.495818, 4.392801, -0.811558, 0.128583
101.587490, 4.392944, -0.811807, 0.135190
101.687488, 4.393439, -0.811744, 0.154307
101.787500, 4.396174, -0.811100, 0.176660
101.887473, 4.397642, -0.811474, 0.191273
101.987511, 4.397651, -0.811419, 0.216368
102.087492, 4.397542, -0.811030, 0.239877
102.187518, 4.397656, -0.811372, 0.265006
102.287508, 4.398407, -0.811528, 0.287523
102.387484, 4.398124, -0.811323, 0.308097
102.487465, 4.397756, -0.811444, 0.331783
102.587488, 4.398163, -0.811686, 0.354662
102.687482, 4.398233, -0.811558, 0.372229
102.787473, 4.397939, -0.811595, 0.393711
102.887521, 4.397893, -0.811689, 0.418997
102.987588, 4.398638, -0.811670, 0.437442
103.087476, 4.398592, -0.811601, 0.466344
103.187478, 4.398134, -0.811877, 0.501455
103.287478, 4.398553, -0.811733, 0.520115
103.387487, 4.398648, -0.811900, 0.556897
103.487495, 4.398598, -0.812133, 0.595023
103.587519, 4.398594, -0.811907, 0.614043
103.695850, 4.398382, -0.812212, 0.664260
103.787496, 4.398083, -0.812509, 0.684308
103.887503, 4.398434, -0.812263, 0.721393
103.987478, 4.397863, -0.812663, 0.751956
104.087493, 4.398174, -0.812619, 0.784684
104.187487, 4.398069, -0.813141, 0.829041
104.287466, 4.398175, -0.813043, 0.870932
104.387490, 4.397596, -0.813305, 0.917074
104.487520, 4.398225, -0.813472, 0.961582
104.587511, 4.397786, -0.813752, 1.005056
104.687480, 4.397796, -0.813980, 1.053147
104.787500, 4.398192, -0.814063, 1.097054
104.887427, 4.397535, -0.814316, 1.146019
104.987485, 4.398102, -0.814539, 1.188244
105.087490, 4.397517, -0.815124, 1.238563
105.187490, 4.397560, -0.815086, 1.287008
105.287512, 4.398231, -0.815421, 1.332445
105.387510, 4.397581, -0.815668, 1.380043
105.487499, 4.398297, -0.815876, 1.427674
105.587531, 4.397904, -0.816302, 1.473867
105.695798, 4.397849, -0.816689, 1.527650
105.787478, 4.398490, -0.816667, 1.572755
105.887501, 4.397816, -0.817675, 1.619972
105.987462, 4.398917, -0.817535, 1.669273
106.087479, 4.399068, -0.818047, 1.722165
106.187495, 4.398205, -0.818887, 1.767413
106.287497, 4.399271, -0.818871, 1.823805
106.387522, 4.399140, -0.819297, 1.872784
106.487480, 4.398931, -0.820348, 1.922619
106.587486, 4.400179, -0.819777, 1.977007
106.687465, 4.399583, -0.820837, 2.027105
106.787473, 4.399716, -0.821324, 2.075786
106.887495, 4.400921, -0.820542, 2.124014
106.987506, 4.398506, -0.818946, 2.183872
107.087477, 4.396475, -0.815279, 2.230777
107.187493, 4.393165, -0.811165, 2.287286
107.287498, 4.393491, -0.810780, 2.335616
107.395824, 4.390236, -0.807949, 2.407830
107.487492, 4.386947, -0.804759, 2.448201
107.595833, 4.380366, -0.800119, 2.525590
107.687496, 4.370738, -0.793253, 2.578569
107.787494, 4.357864, -0.785838, 2.642660
107.887509, 4.344252, -0.778184, 2.700724
107.987495, 4.331656, -0.772495, 2.759701
108.087466, 4.315948, -0.766416, 2.827154
108.187525, 4.301048, -0.762006, 2.884876
108.287486, 4.285503, -0.758178, 2.935337
108.387510, 4.270261, -0.755294, 2.986295
108.487519, 4.254330, -0.753046, 3.039462
108.587498, 4.238712, -0.751666, 3.087653
108.687521, 4.222729, -0.750871, 3.132478
108.787513, 4.206615, -0.751198, -3.112986
108.895859, 4.188823, -0.752015, -3.080336
108.995839, 4.172696, -0.753036, -3.055969
109.087498, 4.157472, -0.754529, -3.034339
109.187478, 4.140747, -0.756393, -3.011528
109.287570, 4.124586, -0.758894, -2.988332
109.387489, 4.114663, -0.759495, -2.963951
109.487496, 4.110875, -0.761200, -2.926544
109.587524, 4.109237, -0.760827, -2.891942
109.687498, 4.108226, -0.760997, -2.851456
109.795824, 4.107324, -0.761640, -2.803300
109.895825, 4.105923, -0.762183, -2.768076
109.987499, 4.104410, -0.762812, -2.718014
110.087542, 4.102486, -0.762936, -2.690208
110.195811, 4.101952, -0.764009, -2.660779
110.287523, 4.100896, -0.763898, -2.615510
110.387504, 4.099624, -0.764437, -2.572326
110.487512, 4.099218, -0.765474, -2.529950
110.587482, 4.098138, -0.765579, -2.487240
110.687544, 4.096691, -0.766378, -2.454944
110.787487, 4.096697, -0.767328, -2.419816
110.887527, 4.095531, -0.767641, -2.386470
110.987491, 4.094772, -0.768589, -2.357753
111.087517, 4.093954, -0.769510, -2.326609
111.187493, 4.093693, -0.769774, -2.291479
111.287518, 4.093005, -0.770737, -2.259478
111.395840, 4.092051, -0.771509, -2.222878
111.487483, 4.092125, -0.772044, -2.192372
111.587492, 4.091222, -0.772647, -2.156150
111.687525, 4.091001, -0.773722, -2.130371
111.787534, 4.090221, -0.774577, -2.090839
111.887524, 4.090105, -0.775002, -2.058231
111.987477, 4.089298, -0.776214, -2.026875
112.087490, 4.089176, -0.776726, -1.993184
112.195856, 4.088901, -0.777433, -1.955644
112.287503, 4.088394, -0.778206, -1.931023
112.387489, 4.088177, -0.778964, -1.877981
112.487504, 4.087243, -0.782332, -1.834091
112.587523, 4.086136, -0.784832, -1.795678
112.687511, 4.086190, -0.785477, -1.761038
112.787532, 4.086208, -0.786878, -1.732607
112.887550, 4.085400, -0.788104, -1.689106
112.995806, 4.085525, -0.789854, -1.655951
113.087495, 4.085749, -0.790606, -1.608315
113.187514, 4.085468, -0.791421, -1.570601
113.287495, 4.085667, -0.792736, -1.527924
113.387493, 4.085529, -0.793634, -1.467442
113.487493, 4.084977, -0.794428, -1.428056
113.587502, 4.085584, -0.795020, -1.372647
113.687520, 4.085533, -0.796248, -1.330535
113.795862, 4.086043, -0.796814, -1.273315
113.887511, 4.085943, -0.798353, -1.239745
113.987489, 4.085981, -0.798751, -1.184711
114.087486, 4.086360, -0.799894, -1.134448
114.187495, 4.087096, -0.799794, -1.084709
114.287502, 4.086999, -0.801409, -1.039711
114.387500, 4.087299, -0.801769, -0.992384
114.487558, 4.088256, -0.802755, -0.954606
114.587520, 4.088602, -0.803162, -0.914858
114.687496, 4.088749, -0.804612, -0.873327
114.787488, 4.089847, -0.805068, -0.838550
114.887499, 4.090183, -0.805285, -0.800079
114.987500, 4.090503, -0.806602, -0.765973
115.095859, 4.091428, -0.806930, -0.734440
115.187471, 4.091624, -0.807401, -0.697285
115.287510, 4.092455, -0.808138, -0.666909
115.395813, 4.093370, -0.808937, -0.631035
115.487482, 4.093427, -0.808924, -0.599982
115.587501, 4.094093, -0.809526, -0.564728
115.687518, 4.094829, -0.810038, -0.532866
115.787494, 4.095096, -0.809938, -0.497059
115.895811, 4.095718, -0.810649, -0.459800
115.987509, 4.096163, -0.810779, -0.416015
116.087491, 4.096185, -0.811002, -0.362451
116.187479, 4.096625, -0.811135, -0.308345
116.287526, 4.096686, -0.811292, -0.254870
116.387503, 4.096985, -0.810994, -0.202409
116.487483, 4.097561, -0.812084, -0.147700
116.587536, 4.097791, -0.811804, -0.091436
116.695799, 4.098051, -0.811646, -0.032686
116.787492, 4.098465, -0.812245, 0.015731
116.895834, 4.098556, -0.812040, 0.076427
116.995828, 4.099267, -0.811989, 0.133055
117.087553, 4.099451, -0.812628, 0.183725
117.187480, 4.099540, -0.811969, 0.241280
117.287553, 4.099977, -0.812207, 0.296331
117.395835, 4.100480, -0.812716, 0.356512
117.487511, 4.100641, -0.812324, 0.409815
117.587503, 4.101291, -0.812570, 0.465787
117.687485, 4.101588, -0.812515, 0.521613
117.795818, 4.101288, -0.812201, 0.576763
117.887493, 4.102319, -0.812575, 0.631399
117.987481, 4.102336, -0.812432, 0.689156
118.087504, 4.102268, -0.812078, 0.745976
118.187490, 4.102978, -0.812206, 0.801464
118.287515, 4.102674, -0.812160, 0.858107
118.387498, 4.102552, -0.812221, 0.913938
118.487499, 4.103668, -0.812478, 0.971516
118.587477, 4.103220, -0.812113, 1.028691
118.687490, 4.102817, -0.812181, 1.084961
118.787486, 4.103752, -0.812258, 1.141760
118.887531, 4.103801, -0.811791, 1.197722
118.987489, 4.103781, -0.811403, 1.254263
119.095816, 4.104381, -0.811322, 1.315215
119.187495, 4.104309, -0.811129, 1.366411
119.295830, 4.104019, -0.811026, 1.426292
119.387475, 4.105032, -0.807647, 1.479809
119.487474, 4.105280, -0.799159, 1.550604
119.587482, 4.104841, -0.787302, 1.612580
119.687523, 4.104230, -0.772589, 1.681182
119.787474, 4.102341, -0.757763, 1.736369
119.895859, 4.098563, -0.739362, 1.812138
119.987499, 4.095044, -0.725064, 1.871130
120.095853, 4.091082, -0.712092, 1.941453
120.187550, 4.086143, -0.701219, 2.002394
120.287486, 4.079273, -0.686328, 2.068058
120.387510, 4.071265, -0.672232, 2.127884
120.487484, 4.063274, -0.659777, 2.189682
120.595828, 4.051584, -0.644186, 2.262994
120.687525, 4.042086, -0.632887, 2.321718
120.787491, 4.030647, -0.621345, 2.385228
120.887496, 4.018430, -0.610433, 2.449831
120.987502, 4.005753, -0.600206, 2.511751
121.087517, 3.991927, -0.590596, 2.573456
121.187498, 3.977502, -0.581583, 2.629384
121.287474, 3.962712, -0.573674, 2.681824
121.387500, 3.947443, -0.566412, 2.727851
121.487475, 3.932148, -0.559849, 2.770012
121.587528, 3.916602, -0.553994, 2.807671
121.687494, 3.900504, -0.548665, 2.844566
121.787478, 3.884005, -0.543725, 2.875371
121.887466, 3.867548, -0.539574, 2.907804
121.987549, 3.850831, -0.535954, 2.933788
122.087523, 3.833970, -0.532351, 2.958585
122.187700, 3.817276, -0.529781, 2.980342
122.287523, 3.799456, -0.527493, 2.997477
122.387466, 3.781622, -0.524887, 3.012870
122.487521, 3.764232, -0.522654, 3.029395
122.595818, 3.745394, -0.520763, 3.045953
122.687464, 3.730826, -0.519469, 3.056013
122.787515, 3.713131, -0.518048, 3.068105
122.887503, 3.693751, -0.516986, 3.084459
122.987498, 3.675931, -0.516065, 3.102144
123.095819, 3.658284, -0.515485, 3.118939
123.187468, 3.640733, -0.515439, 3.127542
123.287518, 3.623282, -0.515193, 3.137257
123.387465, 3.605278, -0.515374, -3.135386
123.487617, 3.586998, -0.515552, -3.127682
123.587498, 3.569200, -0.516148, -3.119866
123.687509, 3.551070, -0.516719, -3.114184
123.787500, 3.533050, -0.517267, -3.107011
123.895844, 3.513808, -0.518282, -3.097128
123.995824, 3.497223, -0.519105, -3.091970
124.087474, 3.480349, -0.520098, -3.086498
124.187505, 3.460428, -0.521576, -3.079237
124.287514, 3.442274, -0.522927, -3.073722
124.387476, 3.424730, -0.524166, -3.064563
124.487527, 3.406598, -0.525876, -3.052459
124.595832, 3.386791, -0.528030, -3.045581
124.687509, 3.370225, -0.530038, -3.041280
124.787506, 3.352114, -0.531883, -3.034849
124.887559, 3.334514, -0.534093, -3.024502
124.987477, 3.318382, -0.535980, -3.014190
125.087505, 3.298437, -0.538583, -3.004035
125.187476, 3.282012, -0.541404, -2.993357
125.287584, 3.262367, -0.544969, -2.986436
125.387548, 3.244027, -0.547995, -2.981707
125.487502, 3.225743, -0.551260, -2.972050
125.587487, 3.207382, -0.554880, -2.961226
125.687492, 3.189270, -0.558410, -2.950401
125.787483, 3.172981, -0.561876, -2.939076
125.887516, 3.153580, -0.564926, -2.916763
125.987508, 3.135730, -0.569401, -2.911424
126.087475, 3.117592, -0.573711, -2.894628
126.187509, 3.099764, -0.578380, -2.882072
126.287523, 3.082075, -0.583191, -2.868168
126.387496, 3.064202, -0.588394, -2.855597
126.479179, 3.047995, -0.593215, -2.841943
126.587481, 3.029170, -0.599440, -2.829970
126.704180, 3.007977, -0.606171, -2.818761
126.787508, 2.993581, -0.611411, -2.816286
126.887527, 2.975753, -0.617853, -2.811462
126.987473, 2.958121, -0.623862, -2.804373
127.087532, 2.940937, -0.630228, -2.798463
127.187494, 2.923185, -0.636780, -2.793325
127.287462, 2.906712, -0.642811, -2.785524
127.395832, 2.889200, -0.649800, -2.775222
127.487503, 2.873046, -0.656225, -2.774025
127.587531, 2.855861, -0.663272, -2.773358
127.687502, 2.838307, -0.670322, -2.773070
127.787483, 2.820472, -0.677407, -2.770951
127.887503, 2.803810, -0.684005, -2.768445
127.987503, 2.787372, -0.690785, -2.767055
128.087475, 2.771062, -0.697746, -2.769295
128.187500, 2.756183, -0.703671, -2.770236
128.287498, 2.738655, -0.710651, -2.767530
128.387476, 2.723060, -0.717139, -2.768272
128.487467, 2.707950, -0.723234, -2.768345
128.587473, 2.692771, -0.729508, -2.771730
128.687604, 2.678228, -0.735502, -2.770237
128.787510, 2.664156, -0.741356, -2.773669
128.887547, 2.649457, -0.747211, -2.772229
128.987505, 2.635293, -0.753140, -2.775517
129.087492, 2.621401, -0.758702, -2.775233
129.187516, 2.606959, -0.764443, -2.776353
129.287474, 2.593012, -0.770200, -2.776689
129.387472, 2.579388, -0.775776, -2.778681
129.487531, 2.565522, -0.781327, -2.788005
129.595826, 2.550823, -0.787286, -2.799290
129.687503, 2.537424, -0.792273, -2.808282
129.787671, 2.523393, -0.797242, -2.808423
129.887525, 2.515075, -0.801005, -2.824302
129.987478, 2.510723, -0.802156, -2.835633
130.087550, 2.507262, -0.803124, -2.823228
130.187505, 2.505515, -0.803696, -2.774810
130.287508, 2.504167, -0.803831, -2.736677
130.387495, 2.502148, -0.804793, -2.688242
130.495837, 2.500894, -0.805619, -2.626399
130.587466, 2.499239, -0.806272, -2.576886
130.687471, 2.497735, -0.807111, -2.520883
130.787554, 2.496440, -0.808026, -2.465866
130.887490, 2.495135, -0.808918, -2.409650
130.987499, 2.493654, -0.809905, -2.356655
131.087518, 2.492911, -0.810890, -2.299834
131.187485, 2.491609, -0.812085, -2.244437
131.287484, 2.490814, -0.812996, -2.187188
131.395884, 2.489419, -0.814344, -2.132723
131.487491, 2.489150, -0.815226, -2.086290
131.587479, 2.488470, -0.816562, -2.043946
131.687500, 2.488000, -0.817753, -2.006756
131.787465, 2.487294, -0.818533, -1.963884
131.887582, 2.486694, -0.820128, -1.929598
131.987493, 2.486727, -0.821406, -1.897332
132.087507, 2.485924, -0.822532, -1.857631
132.187491, 2.485453, -0.824017, -1.823638
132.287487, 2.485776, -0.824846, -1.816997
132.387481, 2.485601, -0.824625, -1.818353
132.487507, 2.485560, -0.824542, -1.818204
132.587494, 2.485577, -0.824498, -1.818377
132.687553, 2.485573, -0.824512, -1.818334
132.787493, 2.485576, -0.824479, -1.818082
132.895826, 2.485590, -0.824540, -1.818438
132.987500, 2.485581, -0.824547, -1.818373
133.087473, 2.485595, -0.824539, -1.818457
133.187512, 2.485584, -0.824539, -1.818391
133.287484, 2.485573, -0.824534, -1.818435
133.379331, 2.485585, -0.824543, -1.818391
133.487506, 2.485613, -0.824530, -1.818511
133.587491, 2.485615, -0.824527, -1.818444
133.695829, 2.485606, -0.824527, -1.818457
133.787504, 2.485594, -0.824539, -1.818372
133.887487, 2.485589, -0.824530, -1.818397
133.987537, 2.485595, -0.824533, -1.818337
134.087498, 2.485587, -0.824536, -1.818390
134.187500, 2.485580, -0.824523, -1.818442
134.287493, 2.485588, -0.824527, -1.818472
134.387497, 2.485571, -0.824476, -1.818123
134.495826, 2.485576, -0.824527, -1.818448
134.595797, 2.485579, -0.824526, -1.818380
134.687488, 2.485582, -0.824532, -1.818430
134.787472, 2.485592, -0.824539, -1.818419
134.887504, 2.485599, -0.824525, -1.818468
134.987504, 2.485580, -0.824529, -1.818440
135.087523, 2.485596, -0.824531, -1.818403
135.187476, 2.485605, -0.824531, -1.818381
135.287468, 2.485602, -0.824523, -1.818394
135.387486, 2.485612, -0.824525, -1.818418
135.487476, 2.485608, -0.824522, -1.818456
135.587519, 2.485595, -0.824529, -1.818391
135.687546, 2.485595, -0.824524, -1.818412
135.787509, 2.485596, -0.824516, -1.818483
135.887537, 2.485596, -0.824526, -1.818481
135.987497, 2.485599, -0.824521, -1.818412
136.087479, 2.485602, -0.824523, -1.818446
136.187461, 2.485592, -0.824523, -1.818472
136.287498, 2.485589, -0.824532, -1.818438
136.387513, 2.485598, -0.824527, -1.818450
136.495841, 2.485599, -0.824528, -1.818386
136.587695, 2.485596, -0.824533, -1.818496
136.687532, 2.485595, -0.824524, -1.818422
136.787518, 2.485605, -0.824534, -1.818448
136.887494, 2.485605, -0.824534, -1.818428
136.987494, 2.485602, -0.824531, -1.818435
137.087485, 2.485593, -0.824535, -1.818441
137.195825, 2.485590, -0.824483, -1.818086
137.287497, 2.485608, -0.824532, -1.818396
137.387495, 2.485627, -0.824533, -1.818441
137.487495, 2.485635, -0.824542, -1.818412
137.587496, 2.485583, -0.824469, -1.818085
137.695830, 2.485602, -0.824528, -1.818432
137.787461, 2.485608, -0.824526, -1.818385
137.887509, 2.485612, -0.824512, -1.818456
137.987513, 2.485609, -0.824513, -1.818433
138.087517, 2.485598, -0.824522, -1.818431
138.187509, 2.485606, -0.824508, -1.818353
138.287521, 2.485602, -0.824519, -1.818420
138.387511, 2.485591, -0.824518, -1.818461
138.487492, 2.485604, -0.824527, -1.818396
138.595819, 2.485616, -0.824531, -1.818403
138.687463, 2.485610, -0.824508, -1.818386
138.787483, 2.485630, -0.824525, -1.818431
138.887474, 2.485605, -0.824515, -1.818443
138.987545, 2.485609, -0.824507, -1.818468
139.087562, 2.485605, -0.824518, -1.818391
139.187474, 2.485603, -0.824515, -1.818383
139.287492, 2.485614, -0.824512, -1.818390
139.387502, 2.485605, -0.824517, -1.818402
139.487521, 2.485593, -0.824524, -1.818374
139.587491, 2.485605, -0.824519, -1.818404
139.687526, 2.485598, -0.824508, -1.818440
139.787593, 2.485597, -0.824516, -1.818391
139.887523, 2.485601, -0.824516, -1.818409
139.995822, 2.485591, -0.824515, -1.818378
140.087462, 2.485591, -0.824517, -1.818472
140.187500, 2.485605, -0.824511, -1.818381
140.287488, 2.485589, -0.824512, -1.818362
140.387470, 2.485597, -0.824512, -1.818415
140.495836, 2.485605, -0.824528, -1.818418
140.595820, 2.485609, -0.824526, -1.818371
140.687520, 2.485594, -0.824517, -1.818421
140.787496, 2.485604, -0.824521, -1.818438
140.887468, 2.485613, -0.824514, -1.818484
140.987490, 2.485598, -0.824511, -1.818420
141.087484, 2.485589, -0.824507, -1.818370
141.187494, 2.485612, -0.824530, -1.818449
141.287484, 2.485604, -0.824518, -1.818453
141.395841, 2.485612, -0.824514, -1.818375
141.504150, 2.485592, -0.824505, -1.818465
141.587484, 2.485592, -0.824510, -1.818459
141.695839, 2.485580, -0.824521, -1.818417
141.787534, 2.485588, -0.824521, -1.818372
141.887513, 2.485595, -0.824518, -1.818371
141.995834, 2.485610, -0.824520, -1.818373
142.087498, 2.485590, -0.824525, -1.818417
142.187487, 2.485580, -0.824520, -1.818375
142.287643, 2.485577, -0.824513, -1.818378
142.387473, 2.485590, -0.824532, -1.818400
142.487504, 2.485599, -0.824505, -1.818466
142.587463, 2.485589, -0.824503, -1.818467
142.687499, 2.485579, -0.824516, -1.818435
142.787574, 2.485589, -0.824511, -1.818425
142.887517, 2.485598, -0.824508, -1.818476
142.987509, 2.485584, -0.824515, -1.818426
143.087526, 2.485590, -0.824517, -1.818424
143.187493, 2.485606, -0.824515, -1.818420
143.287488, 2.485601, -0.824517, -1.818472
143.387491, 2.485604, -0.824518, -1.818429
143.487509, 2.485614, -0.824534, -1.818341
143.587482, 2.485611, -0.824519, -1.818436
143.687491, 2.485607, -0.824526, -1.818427
143.795851, 2.485617, -0.824524, -1.818411
143.887496, 2.485609, -0.824519, -1.818413
