0.287539, 2.400257, -0.005005, -1.547281
0.395908, 2.400306, -0.004919, -1.547057
0.487515, 2.400269, -0.004996, -1.547325
0.587691, 2.400325, -0.004930, -1.547017
0.687589, 2.400334, -0.004917, -1.546984
0.787570, 2.400317, -0.004936, -1.546933
0.887570, 2.400258, -0.004999, -1.547241
0.995884, 2.400315, -0.004917, -1.547004
1.087549, 2.400312, -0.004934, -1.546935
1.187568, 2.400307, -0.004930, -1.547128
1.287530, 2.400252, -0.004989, -1.547207
1.387533, 2.400298, -0.004930, -1.547048
1.487570, 2.400309, -0.004930, -1.546989
1.587554, 2.400259, -0.005015, -1.547367
1.687528, 2.400248, -0.005000, -1.547160
1.787538, 2.400239, -0.005001, -1.547207
1.887609, 2.400289, -0.004936, -1.547009
1.987600, 2.400276, -0.004934, -1.547031
2.087589, 2.400297, -0.004932, -1.546986
2.187529, 2.400242, -0.004976, -1.547230
2.287494, 2.400297, -0.004928, -1.547054
2.387541, 2.400282, -0.004933, -1.546954
2.487521, 2.400241, -0.005015, -1.547275
2.587539, 2.400252, -0.005007, -1.547338
2.687492, 2.400251, -0.005006, -1.547302
2.787517, 2.400246, -0.005012, -1.547365
2.887541, 2.400283, -0.004931, -1.546989
2.987543, 2.400252, -0.005019, -1.547333
3.087523, 2.400297, -0.004930, -1.547054
3.187524, 2.400241, -0.005002, -1.547279
3.287625, 2.400247, -0.005011, -1.547162
3.387484, 2.400243, -0.005008, -1.547249
3.487513, 2.400289, -0.004934, -1.547072
3.587510, 2.400302, -0.004930, -1.547000
3.687503, 2.400301, -0.004912, -1.546953
3.787583, 2.400307, -0.004929, -1.546995
3.887511, 2.400271, -0.004990, -1.547285
3.987515, 2.400324, -0.004922, -1.546991
4.087569, 2.400307, -0.004918, -1.547044
4.187513, 2.400258, -0.004995, -1.547306
4.287774, 2.400300, -0.004935, -1.547037
4.387515, 2.400229, -0.004981, -1.547249
4.487805, 2.400299, -0.004948, -1.547091
4.587560, 2.400233, -0.004997, -1.547220
4.687561, 2.400285, -0.004946, -1.546967
4.787550, 2.400295, -0.004941, -1.546986
4.887604, 2.400238, -0.004999, -1.547198
4.987539, 2.400244, -0.005002, -1.547259
5.087515, 2.400281, -0.004916, -1.546914
5.187642, 2.400228, -0.004995, -1.547361
5.287513, 2.400270, -0.004923, -1.547012
5.387574, 2.400288, -0.004912, -1.547057
5.487523, 2.400286, -0.004932, -1.547020
5.587556, 2.400276, -0.004943, -1.546985
5.687526, 2.400209, -0.005016, -1.547128
5.787630, 2.400287, -0.004943, -1.546986
5.887516, 2.400272, -0.005035, -1.547313
5.987534, 2.400245, -0.005004, -1.547193
6.087488, 2.400267, -0.004910, -1.547169
6.187564, 2.400266, -0.004919, -1.547031
6.287532, 2.400281, -0.004932, -1.547036
6.387526, 2.400284, -0.004964, -1.547084
6.487529, 2.400242, -0.005002, -1.547239
6.587510, 2.400298, -0.004942, -1.547063
6.687566, 2.400261, -0.005004, -1.547176
6.787519, 2.400315, -0.004953, -1.547029
6.887563, 2.400247, -0.005017, -1.547290
6.987565, 2.400256, -0.005009, -1.547305
7.087569, 2.400306, -0.004954, -1.546972
7.187548, 2.400299, -0.004933, -1.546948
7.287539, 2.400307, -0.004936, -1.547135
7.387592, 2.400302, -0.004940, -1.547018
7.487593, 2.400248, -0.005002, -1.547362
7.587497, 2.400250, -0.005025, -1.547179
7.687487, 2.400262, -0.005040, -1.547219
7.787557, 2.400252, -0.005024, -1.547320
7.887601, 2.400311, -0.004944, -1.547000
7.987581, 2.400300, -0.004937, -1.547042
8.087499, 2.400321, -0.004964, -1.546993
8.187498, 2.400282, -0.005054, -1.547410
8.287534, 2.400270, -0.005040, -1.547289
8.387618, 2.400321, -0.004982, -1.547136
8.487524, 2.400310, -0.004950, -1.547057
8.587573, 2.400302, -0.004945, -1.547030
8.687509, 2.400291, -0.004937, -1.547016
8.787512, 2.400232, -0.004995, -1.547256
8.887543, 2.400225, -0.005006, -1.547202
8.987537, 2.400282, -0.004917, -1.546959
9.087575, 2.400273, -0.004921, -1.547005
9.187572, 2.400243, -0.005002, -1.547221
9.287530, 2.400296, -0.004920, -1.547019
9.387605, 2.400255, -0.005019, -1.547343
9.487541, 2.400294, -0.004920, -1.547041
9.587575, 2.400297, -0.004921, -1.547042
9.687488, 2.400298, -0.004912, -1.546990
9.787505, 2.400231, -0.004992, -1.547258
9.887507, 2.400273, -0.004931, -1.547019
9.987513, 2.400283, -0.004931, -1.546925
10.087565, 2.400268, -0.004949, -1.546977
10.187523, 2.400272, -0.004955, -1.547016
10.287562, 2.400260, -0.004947, -1.547043
10.387537, 2.400280, -0.004934, -1.547033
10.495882, 2.400241, -0.004999, -1.547267
10.587516, 2.400290, -0.004932, -1.547056
10.687545, 2.400233, -0.004999, -1.547284
10.787528, 2.400279, -0.004924, -1.546915
10.887559, 2.400293, -0.004907, -1.547100
10.987540, 2.400237, -0.005011, -1.547204
11.087539, 2.400286, -0.004945, -1.546957
11.187504, 2.400292, -0.004929, -1.547080
11.287570, 2.400251, -0.005006, -1.547271
11.387507, 2.400259, -0.005007, -1.547277
11.487588, 2.400248, -0.004999, -1.547310
11.587512, 2.400247, -0.005013, -1.547217
11.687541, 2.400227, -0.004999, -1.547256
11.787537, 2.400223, -0.004998, -1.547122
11.887577, 2.400267, -0.004932, -1.547002
11.987526, 2.400276, -0.004943, -1.547106
12.087531, 2.400278, -0.004938, -1.547146
12.187603, 2.400232, -0.005025, -1.547227
12.287543, 2.400228, -0.005009, -1.547179
12.387522, 2.400280, -0.004941, -1.547010
12.487557, 2.400298, -0.004925, -1.547008
12.587513, 2.400286, -0.004927, -1.547062
12.687702, 2.400236, -0.005013, -1.547344
12.787500, 2.400283, -0.004951, -1.547062
12.887573, 2.400275, -0.004961, -1.546947
12.987548, 2.400293, -0.004947, -1.546997
13.087507, 2.400234, -0.005002, -1.547212
13.187536, 2.400234, -0.005007, -1.547193
13.287594, 2.400238, -0.004997, -1.547357
13.387530, 2.400287, -0.004935, -1.547046
13.487512, 2.400291, -0.004937, -1.547100
13.587521, 2.400233, -0.005010, -1.547205
13.687507, 2.400266, -0.004926, -1.546941
13.787558, 2.400225, -0.005015, -1.547242
13.887510, 2.400285, -0.004937, -1.547115
13.987562, 2.400268, -0.004950, -1.547031
14.087590, 2.400262, -0.004949, -1.546992
14.187509, 2.400256, -0.004995, -1.547393
14.287640, 2.400252, -0.004991, -1.547238
14.387521, 2.400239, -0.004995, -1.547290
14.487602, 2.400241, -0.005000, -1.547235
14.587559, 2.400287, -0.004933, -1.547051
14.687519, 2.400213, -0.004988, -1.547164
14.787507, 2.400278, -0.004914, -1.547074
14.887573, 2.400261, -0.004918, -1.547036
14.987546, 2.400294, -0.004937, -1.547145
15.087657, 2.400277, -0.004935, -1.547021
15.187534, 2.400281, -0.004937, -1.547150
15.287553, 2.400235, -0.004991, -1.547176
15.387561, 2.400289, -0.004926, -1.546996
15.487506, 2.400287, -0.004930, -1.547070
15.587537, 2.400245, -0.005000, -1.547231
15.687582, 2.400277, -0.004930, -1.547012
15.787602, 2.400243, -0.005008, -1.547183
15.887637, 2.400285, -0.004930, -1.546971
15.987478, 2.400264, -0.004940, -1.546984
16.087515, 2.400282, -0.004931, -1.547117
16.187603, 2.400281, -0.004937, -1.547033
16.287509, 2.400286, -0.004920, -1.547062
16.387526, 2.400257, -0.005003, -1.547308
16.487530, 2.400250, -0.005001, -1.547234
16.587781, 2.400294, -0.004919, -1.546932
16.687614, 2.400260, -0.004926, -1.546928
16.787555, 2.400260, -0.004917, -1.547035
16.887538, 2.400206, -0.004995, -1.547136
16.987499, 2.400228, -0.005003, -1.547322
17.087534, 2.400292, -0.004932, -1.547008
17.187594, 2.400296, -0.004923, -1.546984
17.287536, 2.400243, -0.004996, -1.547262
17.387793, 2.400282, -0.004923, -1.547011
17.487560, 2.400260, -0.004974, -1.547272
17.587514, 2.400239, -0.004988, -1.547222
17.687498, 2.400248, -0.005004, -1.547301
17.787614, 2.400234, -0.005004, -1.547283
17.887541, 2.400291, -0.004921, -1.547077
17.987491, 2.400278, -0.004927, -1.547088
18.087550, 2.400284, -0.004913, -1.547059
18.187495, 2.400286, -0.004928, -1.547056
18.287588, 2.400292, -0.004932, -1.547005
18.387513, 2.400282, -0.004942, -1.547108
18.487512, 2.400281, -0.004928, -1.547098
18.587557, 2.400290, -0.004933, -1.547076
18.687525, 2.400279, -0.004916, -1.547108
18.787544, 2.400276, -0.004935, -1.546994
18.887545, 2.400224, -0.004999, -1.547207
18.987551, 2.400628, -0.008963, -1.556458
19.087568, 2.400944, -0.014159, -1.562424
19.187515, 2.400799, -0.026539, -1.570692
19.287586, 2.401218, -0.041109, -1.579714
19.387533, 2.400711, -0.057752, -1.586489
19.487512, 2.400016, -0.071824, -1.594911
19.587507, 2.399271, -0.088208, -1.598681
19.687531, 2.398836, -0.103228, -1.606862
19.787555, 2.398259, -0.118300, -1.617308
19.887539, 2.397420, -0.133722, -1.622532
19.987525, 2.396425, -0.148970, -1.627558
20.087499, 2.395274, -0.164686, -1.645220
20.187483, 2.393784, -0.179619, -1.667757
20.287495, 2.392163, -0.195644, -1.677584
20.387528, 2.390422, -0.210874, -1.680093
20.487550, 2.388606, -0.226280, -1.687005
20.587557, 2.386844, -0.242313, -1.694488
20.687503, 2.384766, -0.256501, -1.701194
20.788835, 2.382688, -0.273137, -1.714006
20.888069, 2.380402, -0.288600, -1.723126
20.987510, 2.377885, -0.304849, -1.734046
21.087494, 2.374508, -0.324116, -1.743949
21.187500, 2.371166, -0.343161, -1.748592
21.287513, 2.368270, -0.358810, -1.752011
21.387559, 2.365266, -0.374938, -1.755279
21.487566, 2.362334, -0.391172, -1.759154
21.587496, 2.361498, -0.407520, -1.769477
21.687589, 2.357466, -0.423151, -1.773629
21.787499, 2.354577, -0.439380, -1.773114
21.879188, 2.350074, -0.453845, -1.769314
21.987592, 2.346754, -0.470507, -1.770985
22.095975, 2.342255, -0.488181, -1.785093
22.187525, 2.338843, -0.502938, -1.812892
22.287552, 2.334576, -0.519709, -1.819102
22.387540, 2.330425, -0.535955, -1.820092
22.487616, 2.326179, -0.552073, -1.819198
22.587494, 2.321874, -0.568491, -1.815591
22.687525, 2.317635, -0.584860, -1.810314
22.787499, 2.313415, -0.601275, -1.805342
22.887582, 2.309239, -0.617827, -1.799594
22.987520, 2.305407, -0.634627, -1.793070
23.087567, 2.301475, -0.651148, -1.785812
23.187529, 2.297828, -0.667979, -1.781387
23.287499, 2.294245, -0.684488, -1.777148
23.387480, 2.290445, -0.701075, -1.773369
23.487499, 2.286758, -0.718453, -1.764372
23.587508, 2.283273, -0.735170, -1.753946
23.687629, 2.280058, -0.751942, -1.742878
23.787556, 2.276959, -0.768611, -1.732249
23.887523, 2.273945, -0.785383, -1.722742
23.979218, 2.272033, -0.801213, -1.717710
24.087564, 2.268694, -0.819740, -1.705644
24.187598, 2.266418, -0.837244, -1.696670
24.287493, 2.264119, -0.854842, -1.690223
24.387525, 2.261955, -0.872495, -1.685274
24.487493, 2.260016, -0.890132, -1.680602
24.587595, 2.258035, -0.907560, -1.673687
24.687537, 2.256416, -0.923792, -1.662080
24.787572, 2.254561, -0.942757, -1.649955
24.879220, 2.253310, -0.958908, -1.642483
24.987500, 2.251944, -0.978073, -1.630673
25.079168, 2.250954, -0.994362, -1.614828
25.187657, 2.250204, -1.013510, -1.601446
25.290712, 2.249659, -1.031772, -1.590298
25.387544, 2.249227, -1.050163, -1.577862
25.487569, 2.248920, -1.067602, -1.563231
25.587507, 2.248961, -1.083061, -1.546012
25.687502, 2.249405, -1.098183, -1.520627
25.787477, 2.249917, -1.107507, -1.501996
25.887569, 2.250557, -1.121964, -1.468098
25.987501, 2.250685, -1.130870, -1.451466
26.087569, 2.252485, -1.134556, -1.403133
26.187559, 2.252190, -1.139706, -1.365459
26.287585, 2.252346, -1.139353, -1.330458
26.387507, 2.253117, -1.141460, -1.298111
26.487517, 2.253189, -1.143120, -1.267576
26.587497, 2.254608, -1.146165, -1.229335
26.687518, 2.257294, -1.153883, -1.186035
26.787497, 2.258532, -1.158786, -1.162571
26.887495, 2.258651, -1.156887, -1.137112
26.987497, 2.259616, -1.157237, -1.116827
27.087518, 2.261106, -1.160358, -1.085454
27.187599, 2.262239, -1.162621, -1.056644
27.287511, 2.262306, -1.162611, -1.044693
27.387535, 2.262367, -1.162376, -1.051024
27.487647, 2.262418, -1.162549, -1.050950
27.587546, 2.262366, -1.162619, -1.050924
27.687484, 2.262358, -1.162598, -1.050948
27.787545, 2.262358, -1.162572, -1.050993
27.887860, 2.262369, -1.162537, -1.050992
27.987514, 2.262384, -1.162543, -1.050989
28.087508, 2.262392, -1.162555, -1.050998
28.187517, 2.262389, -1.162552, -1.050918
28.287518, 2.262403, -1.162555, -1.050908
28.387520, 2.262384, -1.162550, -1.050957
28.487502, 2.262372, -1.162540, -1.051037
28.587567, 2.262365, -1.162533, -1.050984
28.687527, 2.262381, -1.162534, -1.050990
28.787536, 2.262398, -1.162543, -1.050927
28.887564, 2.262371, -1.162530, -1.051006
28.987504, 2.262365, -1.162531, -1.050925
29.087512, 2.262382, -1.162532, -1.051054
29.187577, 2.262373, -1.162533, -1.050979
29.287516, 2.262377, -1.162534, -1.050977
29.387517, 2.262362, -1.162516, -1.050997
29.487518, 2.262355, -1.162506, -1.051054
29.587510, 2.262364, -1.162520, -1.050878
29.687524, 2.262366, -1.162518, -1.050920
29.787580, 2.262360, -1.162518, -1.050985
29.887579, 2.262364, -1.162516, -1.050935
29.987507, 2.262368, -1.162513, -1.050895
30.087552, 2.262365, -1.162513, -1.050895
30.187591, 2.262344, -1.162515, -1.050904
30.287621, 2.262347, -1.162516, -1.050976
30.387499, 2.262354, -1.162514, -1.050898
30.487503, 2.262356, -1.162494, -1.050972
30.587506, 2.262360, -1.162514, -1.050998
30.687698, 2.262360, -1.162513, -1.050945
30.787501, 2.262356, -1.162516, -1.050909
30.887601, 2.263843, -1.165038, -1.065407
30.987550, 2.268338, -1.173343, -1.073790
31.087603, 2.271868, -1.179931, -1.063840
31.187531, 2.274686, -1.185213, -1.046063
31.287543, 2.275792, -1.187422, -1.035018
31.387519, 2.275314, -1.186087, -1.008513
31.487496, 2.275449, -1.186239, -0.989789
31.587528, 2.275562, -1.186597, -0.973633
31.687509, 2.275681, -1.187008, -0.948591
31.787519, 2.275527, -1.186414, -0.923283
31.887541, 2.275201, -1.186064, -0.888533
31.987492, 2.275327, -1.186566, -0.861105
32.087530, 2.275233, -1.185905, -0.833708
32.187487, 2.275387, -1.186451, -0.808070
32.304199, 2.275562, -1.186608, -0.781566
32.387512, 2.275467, -1.186422, -0.759738
32.487571, 2.275310, -1.186306, -0.731409
32.587507, 2.275588, -1.186580, -0.711578
32.687585, 2.275691, -1.186617, -0.691092
32.787638, 2.275274, -1.186338, -0.661763
32.887575, 2.275094, -1.186105, -0.635903
32.987571, 2.275324, -1.186263, -0.616342
33.087534, 2.275074, -1.186112, -0.588462
33.187501, 2.274688, -1.185897, -0.560126
33.287652, 2.274991, -1.185995, -0.543468
33.387549, 2.275109, -1.186153, -0.515600
33.487600, 2.274677, -1.185738, -0.488573
33.587558, 2.274818, -1.185793, -0.468500
33.687517, 2.274901, -1.186044, -0.443332
33.787558, 2.274565, -1.185523, -0.416900
33.887691, 2.274177, -1.185361, -0.389641
33.987530, 2.274527, -1.185684, -0.362432
34.087517, 2.273970, -1.185236, -0.335291
34.187535, 2.273886, -1.185187, -0.306531
34.287655, 2.274116, -1.185414, -0.279584
34.387501, 2.273341, -1.185018, -0.251447
34.487524, 2.273485, -1.185148, -0.222119
34.587499, 2.273528, -1.185121, -0.197584
34.687579, 2.273092, -1.184695, -0.168254
34.787485, 2.273893, -1.185134, -0.136234
34.887553, 2.275170, -1.184946, -0.110005
34.987506, 2.274724, -1.184697, -0.077562
35.087549, 2.274893, -1.184880, -0.049673
35.187509, 2.274435, -1.184778, -0.023908
35.287610, 2.274090, -1.184558, 0.011436
35.387595, 2.274015, -1.184430, 0.036598
35.487520, 2.273633, -1.184458, 0.067498
35.587507, 2.273398, -1.184365, 0.104141
35.687524, 2.273140, -1.184309, 0.136539
35.787598, 2.272854, -1.184102, 0.175414
35.887505, 2.272781, -1.184029, 0.201931
35.987529, 2.272358, -1.184307, 0.236888
36.087499, 2.271961, -1.184171, 0.265771
36.179184, 2.272157, -1.184172, 0.297955
36.287500, 2.271209, -1.184130, 0.341017
36.387537, 2.271345, -1.184342, 0.387816
36.487511, 2.270217, -1.184298, 0.438319
36.587557, 2.269888, -1.184457, 0.489873
36.689119, 2.270067, -1.184837, 0.538682
36.787533, 2.268736, -1.184788, 0.590258
36.887602, 2.268580, -1.185149, 0.642134
36.987523, 2.268330, -1.185544, 0.689767
37.087547, 2.267075, -1.185712, 0.734684
37.187499, 2.267370, -1.185887, 0.785100
37.287551, 2.266422, -1.186508, 0.833402
37.387533, 2.265698, -1.186777, 0.884600
37.487528, 2.265895, -1.187338, 0.938398
37.587527, 2.264993, -1.187788, 0.990654
37.687605, 2.264265, -1.188150, 1.044483
37.795862, 2.264484, -1.188915, 1.102390
37.887569, 2.264246, -1.189163, 1.149472
37.987523, 2.263123, -1.189680, 1.203427
38.087523, 2.264000, -1.190271, 1.258785
38.187517, 2.263320, -1.191222, 1.312954
38.287637, 2.262087, -1.191929, 1.366106
38.387530, 2.264076, -1.192514, 1.429432
38.487483, 2.263065, -1.193934, 1.474337
38.587494, 2.262703, -1.194747, 1.530429
38.687525, 2.263161, -1.195452, 1.574681
38.787590, 2.263035, -1.195982, 1.629356
38.887516, 2.262515, -1.197152, 1.682158
38.987528, 2.263215, -1.195996, 1.721090
39.087507, 2.263065, -1.194416, 1.765591
39.187543, 2.263182, -1.194311, 1.816355
39.287522, 2.263680, -1.194034, 1.867899
39.387509, 2.263602, -1.194961, 1.920902
39.487539, 2.264046, -1.194847, 1.977779
39.587525, 2.264074, -1.195571, 2.032977
39.687528, 2.263882, -1.196603, 2.087635
39.787782, 2.263748, -1.195065, 2.149649
39.887523, 2.263290, -1.194195, 2.200305
39.987629, 2.262703, -1.194467, 2.264250
40.087497, 2.259929, -1.191284, 2.323115
40.187566, 2.258695, -1.189012, 2.374397
40.287520, 2.259289, -1.190490, 2.435031
40.387552, 2.259118, -1.190871, 2.490747
40.487533, 2.259534, -1.190757, 2.545390
40.587592, 2.259797, -1.190654, 2.602514
40.687522, 2.260081, -1.191255, 2.661708
40.787532, 2.260578, -1.191883, 2.718580
40.887538, 2.261086, -1.192061, 2.774211
40.987537, 2.261364, -1.191994, 2.831892
41.087483, 2.261717, -1.192388, 2.890837
41.187483, 2.262116, -1.192962, 2.947313
41.287479, 2.262649, -1.192893, 3.003801
41.387725, 2.262496, -1.193170, 3.072643
41.487527, 2.258227, -1.193143, 3.132058
41.587511, 2.250966, -1.193493, -3.090243
41.687497, 2.246089, -1.194168, -3.033288
41.787523, 2.239918, -1.195049, -2.972381
41.887498, 2.231943, -1.196780, -2.905013
41.987473, 2.220630, -1.199476, -2.836526
42.087510, 2.207059, -1.203718, -2.768409
42.187518, 2.191158, -1.209910, -2.699469
42.287513, 2.176980, -1.216727, -2.636256
42.387530, 2.163963, -1.223828, -2.568720
42.487529, 2.151151, -1.231880, -2.502490
42.587514, 2.139089, -1.241346, -2.437522
42.687518, 2.127551, -1.251079, -2.372190
42.787530, 2.116709, -1.261492, -2.305566
42.887529, 2.106373, -1.272760, -2.242012
42.987579, 2.096357, -1.284904, -2.188697
43.087611, 2.088661, -1.299352, -2.138752
43.187591, 2.079074, -1.313370, -2.089402
43.287508, 2.071110, -1.327170, -2.044515
43.387510, 2.064082, -1.341790, -2.001091
43.487571, 2.057462, -1.356578, -1.959218
43.587533, 2.051312, -1.371797, -1.926694
43.687563, 2.045494, -1.387683, -1.901220
43.787586, 2.040227, -1.403597, -1.874463
43.887528, 2.035317, -1.419405, -1.848183
43.987530, 2.030718, -1.435383, -1.822801
44.087534, 2.026576, -1.451414, -1.800955
44.187505, 2.022862, -1.467976, -1.780105
44.287501, 2.019394, -1.484367, -1.762830
44.387503, 2.015786, -1.501544, -1.749686
44.487560, 2.012331, -1.521243, -1.737925
44.587533, 2.009281, -1.538718, -1.730083
44.687550, 2.006614, -1.555155, -1.722642
44.787591, 2.003964, -1.572380, -1.713949
44.887540, 2.001372, -1.589794, -1.706272
44.987602, 1.999631, -1.607430, -1.702548
45.087481, 1.997526, -1.623067, -1.695510
45.187494, 1.995403, -1.638396, -1.682536
45.287502, 1.992803, -1.652888, -1.679415
45.387533, 1.990797, -1.667414, -1.675453
45.487548, 1.989453, -1.683144, -1.675885
45.587530, 1.988331, -1.696120, -1.671152
45.687520, 1.987117, -1.708953, -1.659402
45.787508, 1.985527, -1.725280, -1.662287
45.887504, 1.984666, -1.737686, -1.655094
45.987526, 1.983005, -1.756442, -1.658703
46.087541, 1.981515, -1.773203, -1.657156
46.187521, 1.980456, -1.786459, -1.656788
46.287533, 1.979275, -1.799201, -1.656386
46.387511, 1.978305, -1.812236, -1.658343
46.487510, 1.977254, -1.824032, -1.660031
46.587500, 1.976131, -1.834344, -1.659188
46.687506, 1.975206, -1.845280, -1.664785
46.787523, 1.974301, -1.855413, -1.666038
46.887609, 1.973050, -1.867657, -1.662150
46.987529, 1.971744, -1.881836, -1.660827
47.087648, 1.971030, -1.893349, -1.658897
47.187488, 1.969305, -1.909090, -1.654804
47.287495, 1.968616, -1.917249, -1.661878
47.387503, 1.967651, -1.926899, -1.662897
47.487552, 1.966377, -1.941136, -1.673383
47.587500, 1.963998, -1.962587, -1.674777
47.687876, 1.962109, -1.979974, -1.676015
47.787499, 1.960210, -1.994903, -1.678082
47.887556, 1.958059, -2.009555, -1.675749
47.987517, 1.955424, -2.024418, -1.677284
48.087544, 1.955004, -2.036973, -1.687954
48.187543, 1.953702, -2.048349, -1.709053
48.287534, 1.951536, -2.063722, -1.712716
48.387490, 1.950314, -2.074217, -1.714757
48.479254, 1.948780, -2.083209, -1.711397
48.587557, 1.946875, -2.096223, -1.714366
48.687548, 1.945541, -2.102801, -1.704264
48.787606, 1.946190, -2.102441, -1.672674
48.887530, 1.945206, -2.105482, -1.640712
48.987602, 1.945231, -2.106971, -1.594321
49.087585, 1.945598, -2.107838, -1.537599
49.187491, 1.945500, -2.109631, -1.487009
49.287510, 1.945649, -2.110290, -1.429845
49.387527, 1.945828, -2.111850, -1.378669
49.487602, 1.946216, -2.112605, -1.322033
49.587595, 1.946338, -2.114448, -1.271643
49.687507, 1.946824, -2.115322, -1.214330
49.787484, 1.947271, -2.116822, -1.163232
49.887515, 1.947912, -2.117231, -1.111628
49.987525, 1.948568, -2.118626, -1.061156
50.087531, 1.949113, -2.119055, -0.998820
50.189726, 1.949716, -2.120327, -0.945402
50.287601, 1.950198, -2.120715, -0.891380
50.387518, 1.951058, -2.121786, -0.844462
50.487561, 1.951597, -2.122426, -0.795624
50.587533, 1.952793, -2.123030, -0.759381
50.687503, 1.953444, -2.123296, -0.720413
50.787537, 1.954068, -2.124465, -0.684381
50.887519, 1.955344, -2.124852, -0.655552
50.987507, 1.956255, -2.125357, -0.617519
51.087613, 1.956753, -2.125955, -0.577874
51.187527, 1.957911, -2.126208, -0.550048
51.287504, 1.958546, -2.126816, -0.533370
51.387774, 1.958825, -2.126877, -0.536367
51.487557, 1.958896, -2.126788, -0.536658
51.587533, 1.958833, -2.126796, -0.536543
51.687519, 1.958798, -2.126804, -0.536378
51.787985, 1.958769, -2.126801, -0.536320
51.887623, 1.958752, -2.126797, -0.536382
51.987517, 1.958787, -2.126779, -0.536483
52.087497, 1.958807, -2.126797, -0.536336
52.187508, 1.958795, -2.126790, -0.536476
52.287503, 1.958778, -2.126790, -0.536400
52.387616, 1.958796, -2.126802, -0.536428
52.487510, 1.958791, -2.126779, -0.536513
52.587518, 1.958773, -2.126801, -0.536453
52.687653, 1.958805, -2.126789, -0.536468
52.787508, 1.958800, -2.126793, -0.536466
52.887535, 1.958812, -2.126774, -0.536388
52.987509, 1.958800, -2.126790, -0.536389
53.087500, 1.958817, -2.126786, -0.536316
53.187620, 1.958803, -2.126803, -0.536442
53.287621, 1.958779, -2.126794, -0.536456
53.387564, 1.958802, -2.126811, -0.536395
53.487584, 1.958760, -2.126800, -0.536398
53.587533, 1.958751, -2.126798, -0.536416
53.687522, 1.958762, -2.126819, -0.536436
53.787496, 1.958780, -2.126812, -0.536397
53.887500, 1.958793, -2.126812, -0.536439
53.987527, 1.958793, -2.126786, -0.536396
54.087616, 1.958773, -2.126799, -0.536404
54.187534, 1.958785, -2.126809, -0.536405
54.287533, 1.958783, -2.126795, -0.536428
54.387515, 1.958777, -2.126798, -0.536395
54.487568, 1.958774, -2.126796, -0.536447
54.587493, 1.958783, -2.126782, -0.536415
54.687506, 1.958780, -2.126785, -0.536360
54.787510, 1.958770, -2.126790, -0.536426
54.887559, 1.958778, -2.126791, -0.536401
54.987532, 1.958767, -2.126790, -0.536370
55.087528, 1.958781, -2.126783, -0.536362
55.187540, 1.958776, -2.126799, -0.536390
55.287509, 1.958787, -2.126803, -0.536308
55.387506, 1.958773, -2.126808, -0.536443
55.487480, 1.958791, -2.126775, -0.536422
55.587512, 1.958785, -2.126781, -0.536335
55.687612, 1.958783, -2.126801, -0.536549
55.804234, 1.958785, -2.126781, -0.536511
55.887648, 1.958794, -2.126792, -0.536359
55.987560, 1.958785, -2.126791, -0.536330
56.087523, 1.958771, -2.126788, -0.536416
56.187511, 1.958773, -2.126789, -0.536452
56.287600, 1.958776, -2.126786, -0.536349
56.387565, 1.958769, -2.126783, -0.536371
56.487672, 1.958783, -2.126793, -0.536415
56.587503, 1.958789, -2.126786, -0.536397
56.687546, 1.958786, -2.126799, -0.536448
56.787550, 1.958770, -2.126782, -0.536476
56.887494, 1.958768, -2.126780, -0.536464
56.987597, 1.958761, -2.126789, -0.536413
57.087550, 1.958771, -2.126794, -0.536447
57.187503, 1.958763, -2.126788, -0.536370
57.287662, 1.958776, -2.126785, -0.536349
57.387546, 1.958763, -2.126792, -0.536264
57.487513, 1.958774, -2.126780, -0.536433
57.587562, 1.958767, -2.126766, -0.536487
57.687583, 1.958773, -2.126774, -0.536360
57.787558, 1.958758, -2.126759, -0.536473
57.887600, 1.958766, -2.126766, -0.536328
57.987519, 1.958773, -2.126763, -0.536366
58.087555, 1.958748, -2.126779, -0.536325
58.187613, 1.958751, -2.126775, -0.536350
58.287553, 1.958741, -2.126774, -0.536359
58.387525, 1.958741, -2.126794, -0.536343
58.487540, 1.958753, -2.126774, -0.536351
58.587571, 1.958756, -2.126759, -0.536417
58.687585, 1.958754, -2.126776, -0.536376
58.787514, 1.958766, -2.126776, -0.536329
58.887557, 1.958774, -2.126764, -0.536434
58.987565, 1.958753, -2.126775, -0.536414
59.087595, 1.958741, -2.126775, -0.536322
59.187595, 1.958748, -2.126776, -0.536403
59.287531, 1.958757, -2.126779, -0.536356
59.387558, 1.958755, -2.126765, -0.536288
59.487534, 1.958756, -2.126783, -0.536429
59.587519, 1.958776, -2.126780, -0.536370
59.687539, 1.958777, -2.126776, -0.536383
59.787560, 1.958780, -2.126772, -0.536319
59.887494, 1.958764, -2.126768, -0.536466
59.987494, 1.958757, -2.126782, -0.536396
60.086869, 1.958754, -2.126774, -0.536443
60.187505, 1.960247, -2.127439, -0.513041
60.287584, 1.965113, -2.130293, -0.483391
60.387493, 1.971709, -2.134218, -0.453732
60.487491, 1.971142, -2.133321, -0.417366
60.587554, 1.970849, -2.133579, -0.389207
60.687651, 1.970772, -2.133547, -0.344990
60.804203, 1.970816, -2.133495, -0.315429
60.887503, 1.970872, -2.133219, -0.275312
60.987507, 1.970581, -2.133151, -0.240173
61.087533, 1.972575, -2.133299, -0.187330
61.187494, 1.973917, -2.134245, -0.155592
61.287522, 1.971655, -2.132814, -0.108612
61.387525, 1.977140, -2.133579, -0.080587
61.487511, 1.978495, -2.134062, -0.056912
61.587523, 1.976638, -2.133479, -0.034763
61.687540, 1.977640, -2.133489, 0.001209
61.787561, 1.976990, -2.133354, 0.037356
61.887534, 1.976559, -2.133467, 0.078949
61.987560, 1.976299, -2.133138, 0.121464
62.087528, 1.976730, -2.133278, 0.168701
62.187529, 1.979832, -2.132946, 0.214661
62.287517, 1.977514, -2.132438, 0.261754
62.387510, 1.984596, -2.130812, 0.324310
62.487618, 1.997069, -2.126923, 0.387366
62.587506, 2.012120, -2.119977, 0.447150
62.687522, 2.026889, -2.112392, 0.502813
62.787508, 2.038677, -2.105787, 0.559106
62.887702, 2.050798, -2.098401, 0.620098
62.987604, 2.062523, -2.089987, 0.672521
63.087747, 2.073912, -2.081053, 0.724596
63.187502, 2.086707, -2.069961, 0.773779
63.287506, 2.097049, -2.060252, 0.809368
63.387607, 2.106601, -2.050092, 0.843639
63.487537, 2.117683, -2.037944, 0.881997
63.579180, 2.126888, -2.027007, 0.916063
63.687508, 2.137067, -2.013540, 0.951283
63.787518, 2.146126, -2.001025, 0.987545
63.887578, 2.154555, -1.987889, 1.013461
63.987549, 2.163115, -1.974499, 1.036514
64.079212, 2.170528, -1.961731, 1.058843
64.187476, 2.179464, -1.947063, 1.085562
64.287508, 2.186691, -1.932679, 1.104115
64.387556, 2.193514, -1.919141, 1.116747
64.487626, 2.201375, -1.903144, 1.124991
64.587507, 2.208618, -1.888102, 1.133181
64.688281, 2.215490, -1.872859, 1.143931
64.787526, 2.222285, -1.857845, 1.160481
64.887571, 2.228749, -1.842473, 1.171108
64.987601, 2.235520, -1.826930, 1.180082
65.087507, 2.242001, -1.811257, 1.184272
65.187521, 2.248299, -1.795485, 1.186246
65.287560, 2.254736, -1.780053, 1.189037
65.387726, 2.260795, -1.764164, 1.190062
65.487511, 2.267522, -1.748546, 1.189939
65.587596, 2.274334, -1.733083, 1.193946
65.687532, 2.281427, -1.717527, 1.195535
65.804342, 2.291949, -1.699626, 1.199180
65.887582, 2.295698, -1.686361, 1.195086
65.987530, 2.302235, -1.670190, 1.190267
66.087548, 2.309346, -1.653807, 1.183842
66.187558, 2.315995, -1.636978, 1.176064
66.287539, 2.322876, -1.620797, 1.170589
66.387644, 2.329583, -1.604444, 1.160308
66.487533, 2.336730, -1.587831, 1.150204
66.587492, 2.343620, -1.571374, 1.142334
66.687502, 2.350627, -1.554734, 1.127245
66.787561, 2.358129, -1.537974, 1.117634
66.887598, 2.366315, -1.521828, 1.113065
66.987513, 2.374262, -1.506109, 1.104833
67.087506, 2.382416, -1.490166, 1.094364
67.195823, 2.391394, -1.472802, 1.082555
67.295884, 2.399881, -1.457109, 1.071895
67.387509, 2.407872, -1.442488, 1.065361
67.487558, 2.416730, -1.426858, 1.056400
67.587507, 2.425681, -1.411089, 1.050088
67.687494, 2.434687, -1.395617, 1.042872
67.787603, 2.443986, -1.379560, 1.036006
67.887542, 2.453086, -1.364477, 1.027409
67.987492, 2.461779, -1.350680, 1.019896
68.087518, 2.472091, -1.333632, 1.013548
68.187578, 2.481898, -1.318174, 1.006425
68.287515, 2.491862, -1.302840, 1.001830
68.387597, 2.502459, -1.286214, 0.996362
68.487543, 2.512040, -1.270734, 0.988775
68.587521, 2.522119, -1.255758, 0.977542
68.687581, 2.532111, -1.240425, 0.973651
68.787535, 2.542674, -1.225203, 0.964743
68.887487, 2.552826, -1.211185, 0.942952
68.987508, 2.562436, -1.198471, 0.910601
69.087545, 2.573093, -1.185001, 0.903354
69.187531, 2.584182, -1.171189, 0.900898
69.287533, 2.595784, -1.156728, 0.899731
69.387555, 2.608238, -1.141335, 0.898939
69.487577, 2.620003, -1.127323, 0.898471
69.587505, 2.631683, -1.113821, 0.897857
69.687494, 2.643175, -1.100370, 0.891377
69.787524, 2.654868, -1.085732, 0.888282
69.887494, 2.666558, -1.071526, 0.886456
69.987504, 2.678379, -1.057257, 0.882154
70.087497, 2.690175, -1.042972, 0.880556
70.187503, 2.702084, -1.029151, 0.880147
70.287552, 2.714088, -1.014929, 0.875515
70.387524, 2.726093, -1.000956, 0.871740
70.487486, 2.738229, -0.986786, 0.869452
70.587601, 2.750553, -0.972606, 0.869235
70.687507, 2.762561, -0.958434, 0.865711
70.787531, 2.774763, -0.944542, 0.860910
70.887525, 2.787046, -0.930364, 0.854966
70.987561, 2.799797, -0.916196, 0.853709
71.087513, 2.812314, -0.902070, 0.848325
71.187559, 2.824632, -0.888186, 0.846531
71.287561, 2.836456, -0.874181, 0.841927
71.387545, 2.848811, -0.860316, 0.840613
71.487543, 2.861522, -0.846641, 0.838277
71.587554, 2.873943, -0.832595, 0.821637
71.687516, 2.886000, -0.820356, 0.790436
71.787534, 2.893886, -0.811949, 0.753229
71.887595, 2.894204, -0.811810, 0.696525
71.987502, 2.896452, -0.810408, 0.640480
72.087517, 2.904148, -0.804767, 0.574913
72.187505, 2.917045, -0.796638, 0.507288
72.287519, 2.934743, -0.787270, 0.434614
72.387536, 2.951357, -0.780124, 0.372221
72.487598, 2.966856, -0.774506, 0.299324
72.587516, 2.982740, -0.769861, 0.246696
72.687560, 2.999924, -0.766098, 0.200579
72.787502, 3.016770, -0.763115, 0.148633
72.887598, 3.035166, -0.760395, 0.102772
72.987506, 3.052802, -0.758751, 0.050019
73.087502, 3.070198, -0.758301, 0.003344
73.187787, 3.089557, -0.758714, -0.042067
73.287541, 3.108167, -0.759796, -0.078145
73.387601, 3.123734, -0.761100, -0.118791
73.487600, 3.141355, -0.763712, -0.155447
73.587574, 3.158466, -0.766819, -0.181690
73.687548, 3.175873, -0.769238, -0.217280
73.787508, 3.193504, -0.773873, -0.239924
73.887604, 3.212717, -0.779033, -0.260293
73.987521, 3.230351, -0.784144, -0.283418
74.087600, 3.247401, -0.789409, -0.306588
74.187512, 3.264377, -0.795121, -0.329048
74.287567, 3.281408, -0.801171, -0.347176
74.387518, 3.298398, -0.807765, -0.363534
74.487499, 3.315133, -0.814299, -0.377817
74.587512, 3.331984, -0.821104, -0.386070
74.687568, 3.348569, -0.828165, -0.394903
74.787530, 3.365359, -0.835240, -0.409965
74.887541, 3.381525, -0.842657, -0.420853
74.987562, 3.398298, -0.850323, -0.429670
75.087557, 3.414689, -0.858057, -0.433068
75.187503, 3.431270, -0.865902, -0.436782
75.287510, 3.447522, -0.873790, -0.440202
75.387537, 3.464101, -0.881684, -0.448032
75.487524, 3.480452, -0.889891, -0.449912
75.587535, 3.496721, -0.897685, -0.451786
75.687560, 3.512998, -0.905414, -0.455070
75.787502, 3.529251, -0.913208, -0.458446
75.887678, 3.545675, -0.921345, -0.462842
75.987734, 3.561958, -0.929763, -0.470331
76.087505, 3.578442, -0.938382, -0.465787
76.187525, 3.594687, -0.946654, -0.461157
76.287493, 3.610895, -0.954757, -0.454813
76.387516, 3.627108, -0.962879, -0.449105
76.487545, 3.643501, -0.971030, -0.443652
76.587512, 3.659933, -0.979004, -0.437486
76.687557, 3.676554, -0.986946, -0.430422
76.787490, 3.693106, -0.994548, -0.421007
76.887495, 3.709561, -1.001995, -0.415261
76.987507, 3.726169, -1.009338, -0.401962
77.087502, 3.742810, -1.016472, -0.393067
77.187537, 3.759882, -1.023609, -0.385568
77.287518, 3.777151, -1.030811, -0.382621
77.387595, 3.794513, -1.037905, -0.377999
77.487524, 3.811207, -1.044572, -0.367892
77.587564, 3.828118, -1.051114, -0.356226
77.687520, 3.845385, -1.057723, -0.348159
77.787535, 3.862975, -1.064129, -0.337742
77.887569, 3.880380, -1.070196, -0.329650
77.987490, 3.897582, -1.076336, -0.318047
78.087513, 3.914721, -1.081992, -0.309676
78.187525, 3.932177, -1.087732, -0.297505
78.287550, 3.949821, -1.093331, -0.287058
78.387539, 3.967814, -1.098990, -0.280603
78.487523, 3.984114, -1.103950, -0.273733
78.587486, 4.002979, -1.109516, -0.261474
78.687536, 4.020898, -1.114487, -0.254191
78.787488, 4.038751, -1.119512, -0.247196
78.887532, 4.056826, -1.124314, -0.243493
78.987588, 4.074893, -1.129124, -0.237614
79.087534, 4.092513, -1.133618, -0.232026
79.187579, 4.110702, -1.137984, -0.223294
79.287497, 4.128770, -1.142096, -0.217026
79.387536, 4.147078, -1.146582, -0.212573
79.487570, 4.165446, -1.150572, -0.208606
79.587515, 4.183774, -1.154904, -0.204164
79.687538, 4.202346, -1.158851, -0.201184
79.787541, 4.220805, -1.162931, -0.199637
79.887537, 4.239616, -1.166985, -0.198545
79.987752, 4.258972, -1.171229, -0.190765
80.087498, 4.279880, -1.175391, -0.182720
80.187576, 4.299136, -1.179337, -0.178397
80.287498, 4.316923, -1.182418, -0.173942
80.387530, 4.335742, -1.186109, -0.166333
80.487474, 4.354461, -1.189137, -0.160329
80.587544, 4.372824, -1.192396, -0.151591
80.687530, 4.391364, -1.195377, -0.142930
80.787601, 4.410157, -1.198047, -0.137403
80.887606, 4.429092, -1.200931, -0.131624
80.987503, 4.448024, -1.203509, -0.124667
81.087517, 4.466892, -1.205900, -0.119677
81.187498, 4.485638, -1.208211, -0.107913
81.287493, 4.503646, -1.210310, -0.102442
81.387577, 4.522137, -1.212158, -0.089543
81.487553, 4.541229, -1.213794, -0.074749
81.587522, 4.559412, -1.215196, -0.071439
81.687506, 4.572197, -1.216384, -0.056918
81.787511, 4.580011, -1.216404, -0.020263
81.887496, 4.591675, -1.216771, 0.010908
81.987928, 4.592735, -1.216692, 0.060214
82.087498, 4.594140, -1.216830, 0.114080
82.187518, 4.595808, -1.216224, 0.166587
82.287541, 4.596504, -1.216011, 0.220767
82.387504, 4.594921, -1.216019, 0.271755
82.487517, 4.595915, -1.216058, 0.331869
82.587499, 4.605015, -1.213206, 0.356479
82.687577, 4.616431, -1.208848, 0.399091
82.787516, 4.622225, -1.206028, 0.432734
82.887523, 4.632473, -1.202518, 0.457353
82.987521, 4.633777, -1.200788, 0.490673
83.087517, 4.641349, -1.197330, 0.508284
83.187635, 4.652602, -1.192291, 0.533075
83.287519, 4.653478, -1.190017, 0.558627
83.387643, 4.658769, -1.187475, 0.590565
83.487499, 4.660250, -1.186565, 0.622599
83.587492, 4.661440, -1.185744, 0.660788
83.687495, 4.662181, -1.184753, 0.694987
83.787513, 4.662974, -1.184071, 0.731274
83.887524, 4.664539, -1.183218, 0.764984
83.987456, 4.664906, -1.182101, 0.797544
84.087551, 4.665912, -1.181069, 0.832898
84.187488, 4.667330, -1.180048, 0.868726
84.287517, 4.668030, -1.178701, 0.904158
84.387504, 4.668752, -1.177847, 0.948933
84.487527, 4.669645, -1.177039, 0.989732
84.587528, 4.670130, -1.175444, 1.017327
84.687547, 4.670901, -1.174444, 1.053966
84.787529, 4.671302, -1.173803, 1.093160
84.887523, 4.671591, -1.172735, 1.127961
84.987521, 4.672471, -1.171473, 1.164328
85.087494, 4.673140, -1.169585, 1.204097
85.187495, 4.674388, -1.166456, 1.235135
85.287527, 4.674422, -1.165352, 1.270790
85.387759, 4.675267, -1.162745, 1.300309
85.487510, 4.676455, -1.158112, 1.325735
85.587811, 4.676347, -1.156200, 1.358912
85.687511, 4.676803, -1.154396, 1.391461
85.787519, 4.677151, -1.153243, 1.438467
85.887506, 4.676934, -1.152240, 1.486843
85.987492, 4.677057, -1.150519, 1.519070
86.087586, 4.677503, -1.149422, 1.562012
86.189217, 4.677078, -1.148450, 1.600096
86.287559, 4.676753, -1.147386, 1.611183
86.387505, 4.677207, -1.147680, 1.615456
86.487481, 4.677054, -1.147381, 1.617129
86.587527, 4.677138, -1.147616, 1.620271
86.687499, 4.676921, -1.147362, 1.622239
86.787519, 4.677081, -1.147646, 1.619950
86.887524, 4.677089, -1.147715, 1.620187
86.987513, 4.677102, -1.147734, 1.620151
87.087553, 4.677066, -1.147714, 1.620063
87.187544, 4.677037, -1.147704, 1.619978
87.287539, 4.677039, -1.147698, 1.620001
87.387511, 4.677047, -1.147697, 1.620000
87.487527, 4.677052, -1.147705, 1.620044
87.587534, 4.677079, -1.147705, 1.620035
87.690109, 4.677087, -1.147710, 1.620145
87.787652, 4.677090, -1.147694, 1.620094
87.887654, 4.677088, -1.147695, 1.620095
87.987520, 4.677068, -1.147708, 1.620077
88.087619, 4.677061, -1.147714, 1.620054
88.187519, 4.677079, -1.147710, 1.620050
88.287579, 4.677053, -1.147699, 1.619954
88.387532, 4.677061, -1.147696, 1.620078
88.487570, 4.677075, -1.147712, 1.620092
88.589279, 4.677059, -1.147685, 1.620077
88.687493, 4.677071, -1.147702, 1.620061
88.787517, 4.677058, -1.147695, 1.620006
88.887523, 4.677057, -1.147711, 1.620045
88.987567, 4.677067, -1.147707, 1.620094
89.087493, 4.677043, -1.147705, 1.620019
89.187496, 4.677077, -1.147707, 1.620086
89.287512, 4.677101, -1.147710, 1.620137
89.387514, 4.677067, -1.147717, 1.620097
89.487512, 4.677069, -1.147718, 1.620091
89.587494, 4.677061, -1.147702, 1.620037
89.687482, 4.677067, -1.147716, 1.620063
89.787505, 4.677051, -1.147715, 1.620058
89.887546, 4.677074, -1.147717, 1.620024
89.987482, 4.677046, -1.147723, 1.620053
90.087523, 4.677056, -1.147704, 1.619977
90.187652, 4.677056, -1.147716, 1.620081
90.287575, 4.677055, -1.147730, 1.620050
90.387610, 4.677061, -1.147724, 1.620023
90.487617, 4.677070, -1.147711, 1.620045
90.587583, 4.677056, -1.147706, 1.620027
90.687505, 4.677048, -1.147722, 1.619997
90.787502, 4.677060, -1.147716, 1.619988
90.904180, 4.677071, -1.147723, 1.620037
90.987613, 4.677061, -1.147727, 1.619997
91.087564, 4.677059, -1.147719, 1.620027
91.187508, 4.677044, -1.147715, 1.620062
91.287546, 4.677054, -1.147722, 1.620065
91.387500, 4.677052, -1.147732, 1.620112
91.487492, 4.677057, -1.147720, 1.620036
91.587497, 4.677059, -1.147728, 1.620000
91.687615, 4.677062, -1.147717, 1.620022
91.787528, 4.677050, -1.147734, 1.620027
91.887541, 4.677073, -1.147731, 1.620122
91.987513, 4.677068, -1.147735, 1.620050
92.087481, 4.677063, -1.147727, 1.620008
92.187512, 4.677065, -1.147736, 1.620081
92.287475, 4.677067, -1.147742, 1.620038
92.387489, 4.677070, -1.147727, 1.620027
92.487514, 4.677075, -1.147734, 1.620050
92.587522, 4.677063, -1.147724, 1.620154
92.687515, 4.677060, -1.147721, 1.620037
92.787510, 4.677062, -1.147735, 1.620074
92.887533, 4.677061, -1.147735, 1.620105
92.987489, 4.677073, -1.147706, 1.619988
93.087558, 4.677066, -1.147712, 1.620095
93.187497, 4.677064, -1.147710, 1.620019
93.287495, 4.677052, -1.147714, 1.620007
93.387611, 4.677067, -1.147721, 1.620062
93.487537, 4.677078, -1.147707, 1.620107
93.587498, 4.677081, -1.147727, 1.620029
93.687476, 4.677061, -1.147710, 1.620102
93.787504, 4.677090, -1.147717, 1.620036
93.887497, 4.677083, -1.147718, 1.620057
93.987490, 4.677058, -1.147722, 1.620025
94.087514, 4.677064, -1.147721, 1.620048
94.187579, 4.677060, -1.147731, 1.620024
94.287553, 4.677060, -1.147727, 1.620055
94.387538, 4.677068, -1.147734, 1.620082
94.487493, 4.677064, -1.147734, 1.620007
94.587503, 4.677068, -1.147732, 1.620057
94.687531, 4.677053, -1.147734, 1.620090
94.787487, 4.677058, -1.147737, 1.620100
94.887511, 4.677056, -1.147733, 1.619979
94.987523, 4.677053, -1.147736, 1.620036
95.087544, 4.677055, -1.147720, 1.620039
95.187557, 4.677044, -1.147731, 1.620044
95.287548, 4.677058, -1.147720, 1.620115
95.387509, 4.677057, -1.147714, 1.620102
95.487509, 4.677058, -1.147715, 1.620004
95.587541, 4.677056, -1.147712, 1.619994
95.687511, 4.677060, -1.147725, 1.619994
95.787516, 4.677064, -1.147727, 1.620090
95.887535, 4.677071, -1.147724, 1.620139
95.987582, 4.677065, -1.147728, 1.619961
96.087512, 4.677069, -1.147723, 1.620061
96.187504, 4.677069, -1.147730, 1.619963
96.287535, 4.677065, -1.147727, 1.620025
96.387582, 4.677072, -1.147726, 1.620074
96.487531, 4.677056, -1.147717, 1.620032
96.587536, 4.677060, -1.147727, 1.620102
96.687648, 4.677060, -1.147738, 1.619965
96.787619, 4.677089, -1.147730, 1.620095
96.887511, 4.677074, -1.147731, 1.620046
96.987511, 4.677060, -1.147725, 1.620088
97.087513, 4.677028, -1.147720, 1.620083
97.187495, 4.677080, -1.147726, 1.620138
97.287596, 4.677078, -1.147728, 1.620045
97.387569, 4.677037, -1.147712, 1.620084
97.487613, 4.677063, -1.147712, 1.620019
97.587633, 4.677048, -1.147713, 1.620029
97.687573, 4.677080, -1.147727, 1.620070
97.787501, 4.677053, -1.147719, 1.620023
97.887499, 4.677066, -1.147738, 1.619964
97.987509, 4.677049, -1.147732, 1.620054
98.088820, 4.677058, -1.147737, 1.620046
98.187522, 4.677068, -1.147724, 1.620017
98.287583, 4.677045, -1.147722, 1.619964
98.387496, 4.677044, -1.147725, 1.620015
98.487539, 4.677054, -1.147727, 1.620067
98.587523, 4.677058, -1.147731, 1.620026
98.687510, 4.677046, -1.147727, 1.620076
98.787509, 4.677046, -1.147722, 1.620006
98.887540, 4.677046, -1.147711, 1.619946
98.987546, 4.677029, -1.147720, 1.620065
99.087512, 4.677022, -1.147713, 1.620032
99.187512, 4.677037, -1.147701, 1.620003
99.287569, 4.677044, -1.147713, 1.620138
99.387494, 4.677041, -1.147716, 1.620074
99.487489, 4.677030, -1.147717, 1.620033
99.587548, 4.677032, -1.147724, 1.619962
99.687511, 4.677051, -1.147722, 1.620050
99.787645, 4.677053, -1.147728, 1.620012
99.887518, 4.677043, -1.147730, 1.620005
99.987491, 4.677035, -1.147730, 1.620041
100.087558, 4.677025, -1.147732, 1.620003
100.187511, 4.677033, -1.147728, 1.620011
100.287498, 4.677039, -1.147740, 1.620021
100.387491, 4.677038, -1.147733, 1.620008
100.487544, 4.677037, -1.147742, 1.620026
100.587490, 4.677054, -1.147741, 1.620044
100.687494, 4.677051, -1.147742, 1.620050
100.787511, 4.677044, -1.147741, 1.620080
100.904178, 4.677045, -1.147738, 1.620042
100.987515, 4.677052, -1.147727, 1.620082
101.087482, 4.677056, -1.147732, 1.620065
101.187536, 4.677072, -1.147735, 1.619991
101.287518, 4.677057, -1.147742, 1.620010
101.387508, 4.677063, -1.147741, 1.620073
101.495837, 4.677063, -1.147741, 1.620023
101.587513, 4.677049, -1.147741, 1.619960
101.687518, 4.677060, -1.147750, 1.620064
101.787522, 4.677051, -1.147739, 1.620087
101.887529, 4.677040, -1.147749, 1.620066
101.987528, 4.677068, -1.147747, 1.620111
102.087522, 4.677062, -1.147749, 1.620001
102.187604, 4.677027, -1.147741, 1.620074
102.287638, 4.677047, -1.147759, 1.620064
102.387549, 4.677040, -1.147756, 1.620048
102.487479, 4.677049, -1.147758, 1.620061
102.587503, 4.677047, -1.147756, 1.620077
102.687503, 4.677054, -1.147764, 1.620062
102.787494, 4.677062, -1.147751, 1.620101
102.887622, 4.677064, -1.147756, 1.625829
102.987593, 4.677073, -1.148608, 1.708442
103.087540, 4.677218, -1.149172, 1.766175
103.187498, 4.677282, -1.149223, 1.833304
103.287549, 4.677216, -1.149763, 1.901374
103.387504, 4.677245, -1.150227, 1.969238
103.487569, 4.676931, -1.152416, 2.043723
103.587599, 4.677657, -1.157634, 2.131542
103.687516, 4.680827, -1.159599, 2.202771
103.787517, 4.679474, -1.158511, 2.273422
103.887525, 4.678254, -1.157558, 2.344243
103.987535, 4.679563, -1.158521, 2.416323
104.087586, 4.679680, -1.158478, 2.494667
104.187505, 4.680145, -1.158933, 2.561306
104.287478, 4.680856, -1.159356, 2.639666
104.387508, 4.680905, -1.159680, 2.654351
104.487545, 4.682210, -1.160199, 2.674810
104.587741, 4.682066, -1.160035, 2.681019
104.687546, 4.682196, -1.160073, 2.680258
104.787522, 4.682182, -1.160197, 2.680164
104.887442, 4.682180, -1.160200, 2.680202
104.987511, 4.682218, -1.160130, 2.680511
105.087507, 4.682198, -1.160125, 2.680567
105.187511, 4.682211, -1.160163, 2.680446
105.287545, 4.682192, -1.160163, 2.680492
105.387544, 4.682193, -1.160151, 2.680521
105.487518, 4.682202, -1.160142, 2.680488
105.587554, 4.682187, -1.160146, 2.680508
105.687491, 4.682205, -1.160143, 2.680455
105.787496, 4.682209, -1.160166, 2.680454
105.887560, 4.682196, -1.160168, 2.680405
105.987513, 4.682210, -1.160159, 2.680448
106.087550, 4.682191, -1.160157, 2.680514
106.187527, 4.682203, -1.160159, 2.680457
106.287516, 4.682205, -1.160163, 2.680441
106.387552, 4.682202, -1.160165, 2.680441
106.487503, 4.682202, -1.160156, 2.680502
106.587503, 4.682218, -1.160156, 2.680487
106.687477, 4.682202, -1.160157, 2.680506
106.787488, 4.682211, -1.160168, 2.680474
106.887517, 4.682224, -1.160158, 2.680450
106.987536, 4.682214, -1.160168, 2.680447
107.087493, 4.682229, -1.160157, 2.680508
107.187579, 4.682218, -1.160171, 2.680466
107.287525, 4.682213, -1.160164, 2.680463
107.387525, 4.682233, -1.160170, 2.680505
107.487511, 4.682227, -1.160166, 2.680482
107.595857, 4.682227, -1.160183, 2.680375
107.687529, 4.682224, -1.160166, 2.680526
107.787518, 4.682236, -1.160169, 2.680495
107.887526, 4.682222, -1.160181, 2.680477
107.987516, 4.682217, -1.160180, 2.680462
108.087479, 4.679891, -1.159195, 2.700031
108.187545, 4.674613, -1.156697, 2.703478
108.287503, 4.676530, -1.157037, 2.708308
108.387543, 4.676400, -1.157447, 2.734654
108.487547, 4.676256, -1.157274, 2.752607
108.587515, 4.676238, -1.157096, 2.781081
108.687552, 4.676517, -1.157308, 2.808232
108.787541, 4.675712, -1.157149, 2.849953
108.887537, 4.673349, -1.155820, 2.878845
108.987524, 4.674008, -1.156520, 2.916926
109.087517, 4.674253, -1.156418, 2.947795
109.187549, 4.674161, -1.156345, 2.977833
109.287602, 4.674639, -1.156373, 3.027303
109.387510, 4.673015, -1.156577, 3.073099
109.487513, 4.666562, -1.155851, 3.118177
109.587560, 4.662623, -1.156052, -3.114441
109.687511, 4.654325, -1.156332, -3.054949
109.779161, 4.643445, -1.156963, -3.001331
109.887478, 4.628334, -1.159261, -2.940654
109.987517, 4.613894, -1.162445, -2.887991
110.087570, 4.599838, -1.166038, -2.828543
110.187683, 4.585847, -1.170480, -2.770434
110.287556, 4.569417, -1.177229, -2.714719
110.387567, 4.553546, -1.184570, -2.669284
110.487530, 4.541177, -1.191023, -2.626817
110.587500, 4.527577, -1.198900, -2.585985
110.687562, 4.514208, -1.207431, -2.569112
110.787507, 4.500806, -1.216243, -2.560320
110.887560, 4.487358, -1.225222, -2.560124
110.987510, 4.473704, -1.233942, -2.565368
111.087535, 4.459922, -1.242803, -2.567374
111.187515, 4.446522, -1.251572, -2.575429
111.287536, 4.432603, -1.260274, -2.583146
111.395869, 4.417328, -1.269950, -2.586229
111.487499, 4.404517, -1.277861, -2.587783
111.587517, 4.390211, -1.286671, -2.590415
111.687550, 4.377169, -1.294459, -2.594043
111.787569, 4.361852, -1.303783, -2.598342
111.887560, 4.347469, -1.312391, -2.608184
111.987490, 4.333249, -1.319877, -2.619207
112.087508, 4.318893, -1.327000, -2.620615
112.187500, 4.304363, -1.335276, -2.629875
112.287521, 4.290785, -1.342599, -2.637242
112.387511, 4.275014, -1.351519, -2.646162
112.487532, 4.260061, -1.359493, -2.653977
112.587560, 4.245074, -1.367581, -2.662243
112.687538, 4.229874, -1.375320, -2.682671
112.787635, 4.215669, -1.382116, -2.692253
112.887635, 4.199401, -1.389878, -2.695196
112.987490, 4.183986, -1.397058, -2.704439
113.087521, 4.168109, -1.404006, -2.715306
113.187535, 4.152174, -1.410884, -2.728870
113.287575, 4.138481, -1.416800, -2.759949
113.387579, 4.124204, -1.421998, -2.767903
113.487516, 4.106721, -1.428584, -2.776238
113.587519, 4.092628, -1.434170, -2.790882
113.687587, 4.080407, -1.438511, -2.791009
113.787499, 4.066629, -1.443449, -2.805913
113.887529, 4.061961, -1.444898, -2.824647
113.987516, 4.047860, -1.449692, -2.834133
114.087509, 4.027744, -1.455604, -2.852227
114.187517, 4.012078, -1.460256, -2.868110
114.287576, 3.998575, -1.464029, -2.888485
114.387537, 3.985451, -1.467170, -2.902606
114.487577, 3.973897, -1.469919, -2.911740
114.587543, 3.963052, -1.472314, -2.923325
114.687520, 3.951349, -1.474789, -2.937085
114.787508, 3.940289, -1.476955, -2.948619
114.887522, 3.930457, -1.478805, -2.952273
114.987523, 3.920438, -1.480676, -2.959671
115.087701, 3.911290, -1.482426, -2.977060
115.187483, 3.901597, -1.483834, -2.994273
115.287542, 3.891989, -1.484964, -3.005617
115.387492, 3.882181, -1.486370, -3.014672
115.487507, 3.865491, -1.488716, -3.005050
115.587525, 3.847412, -1.491189, -3.002629
115.687550, 3.835057, -1.492931, -3.002562
115.787510, 3.824071, -1.494536, -2.993746
115.887568, 3.805563, -1.497030, -2.992853
115.987535, 3.794823, -1.498407, -2.992751
116.087561, 3.786450, -1.499497, -2.994906
116.187490, 3.768503, -1.501964, -2.988130
116.287552, 3.747072, -1.505171, -2.984078
116.387547, 3.729588, -1.507878, -2.982798
116.487499, 3.712681, -1.510582, -2.981391
116.587579, 3.695849, -1.513032, -2.979453
116.695815, 3.678172, -1.516264, -2.984126
116.787509, 3.663312, -1.518601, -2.979144
116.887519, 3.649561, -1.521344, -2.982314
116.987525, 3.635939, -1.523259, -2.995582
117.087576, 3.621529, -1.525436, -3.001064
117.187559, 3.612043, -1.526861, -3.021094
117.287580, 3.607437, -1.526939, -3.049698
117.387514, 3.597545, -1.529060, -3.075231
117.487586, 3.597293, -1.528133, -3.115702
117.587524, 3.594519, -1.528868, 3.122155
117.687504, 3.591376, -1.528833, 3.074192
117.787488, 3.587314, -1.528128, 3.042489
117.887512, 3.585230, -1.527587, 2.992451
117.987499, 3.578948, -1.527176, 2.942279
118.087528, 3.578068, -1.526442, 2.890306
118.187557, 3.576281, -1.525734, 2.837761
118.287552, 3.573796, -1.524749, 2.783940
118.387518, 3.571558, -1.524682, 2.732176
118.487518, 3.570132, -1.523178, 2.678561
118.587499, 3.567887, -1.522020, 2.627931
118.687519, 3.566850, -1.520683, 2.574976
118.787557, 3.564734, -1.519582, 2.521423
118.887565, 3.563976, -1.518203, 2.468803
118.987508, 3.562223, -1.516695, 2.413403
119.087678, 3.561039, -1.515392, 2.359469
119.187508, 3.560319, -1.513766, 2.309212
119.287492, 3.559196, -1.512557, 2.260480
119.387487, 3.558076, -1.511307, 2.214521
119.487545, 3.556951, -1.509856, 2.163597
119.587501, 3.556495, -1.508222, 2.121357
119.687549, 3.555952, -1.507028, 2.079431
119.787489, 3.554564, -1.505500, 2.043449
119.887563, 3.554648, -1.504333, 1.993726
119.987523, 3.553936, -1.502606, 1.951404
120.087504, 3.553412, -1.501249, 1.903912
120.187572, 3.552855, -1.499561, 1.865463
120.287505, 3.552858, -1.498222, 1.828046
120.387522, 3.552373, -1.496631, 1.779807
120.487500, 3.552142, -1.495182, 1.744141
120.587506, 3.552301, -1.493650, 1.682538
120.687551, 3.551703, -1.491800, 1.641761
120.787508, 3.551819, -1.490808, 1.587936
120.887572, 3.552150, -1.488882, 1.535404
120.987534, 3.552295, -1.487584, 1.484123
121.087599, 3.552406, -1.485777, 1.426864
121.187586, 3.552233, -1.483919, 1.370635
121.287490, 3.553241, -1.482646, 1.312256
121.387607, 3.553763, -1.480961, 1.255835
121.487490, 3.554208, -1.479660, 1.196778
121.587563, 3.555131, -1.478591, 1.140959
121.687512, 3.555590, -1.476757, 1.084833
121.787501, 3.556465, -1.475425, 1.026976
121.887479, 3.557650, -1.474329, 0.968479
121.987570, 3.558462, -1.472865, 0.912141
122.087547, 3.559669, -1.472227, 0.853053
122.187736, 3.560773, -1.471101, 0.796142
122.287614, 3.561595, -1.469561, 0.739746
122.387479, 3.563110, -1.468958, 0.679171
122.487538, 3.564481, -1.467951, 0.622353
122.587476, 3.565507, -1.467012, 0.564196
122.687476, 3.566863, -1.467107, 0.509435
122.787533, 3.567905, -1.466061, 0.452367
122.887518, 3.569435, -1.465148, 0.390123
122.987534, 3.570902, -1.465204, 0.330568
123.079219, 3.572338, -1.464449, 0.277251
123.187481, 3.573802, -1.464082, 0.213264
123.287542, 3.575271, -1.464762, 0.154170
123.387478, 3.576803, -1.464268, 0.095745
123.487740, 3.578296, -1.463833, 0.037157
123.587519, 3.579664, -1.464366, -0.022155
123.687533, 3.581230, -1.464299, -0.080090
123.787518, 3.582682, -1.464337, -0.138274
123.887515, 3.583638, -1.465262, -0.197944
123.987534, 3.584919, -1.465201, -0.251202
124.087532, 3.586441, -1.465341, -0.310522
124.187537, 3.587510, -1.466267, -0.375408
124.287534, 3.588820, -1.466948, -0.435809
124.387492, 3.590347, -1.467205, -0.495497
124.487556, 3.590997, -1.468349, -0.555870
124.587580, 3.591649, -1.469323, -0.615159
124.687581, 3.593265, -1.469494, -0.674230
124.787566, 3.594257, -1.470557, -0.733073
124.887583, 3.594708, -1.471841, -0.793123
124.987488, 3.596075, -1.472381, -0.848223
125.087527, 3.596688, -1.473296, -0.914138
125.187529, 3.596438, -1.474478, -0.968555
125.287610, 3.597350, -1.475422, -1.033778
125.387579, 3.599191, -1.477543, -1.098095
125.487535, 3.601834, -1.484346, -1.164074
125.587507, 3.602886, -1.486140, -1.218526
125.687511, 3.602727, -1.486583, -1.280776
125.787497, 3.603180, -1.488027, -1.333916
125.887534, 3.603679, -1.491077, -1.406860
125.987544, 3.604445, -1.495973, -1.464915
126.087560, 3.603917, -1.496410, -1.528563
126.187539, 3.604272, -1.506756, -1.588969
126.287556, 3.603789, -1.521334, -1.662219
126.387530, 3.602555, -1.534943, -1.717835
126.479201, 3.600891, -1.540857, -1.779759
126.587499, 3.598519, -1.552057, -1.854319
126.704204, 3.593959, -1.568051, -1.932733
126.787532, 3.588308, -1.581513, -1.989192
126.887647, 3.579601, -1.600630, -2.057505
126.987489, 3.571085, -1.616613, -2.121926
127.087563, 3.561939, -1.630545, -2.191153
127.187516, 3.551256, -1.644951, -2.259127
127.287480, 3.539743, -1.658024, -2.325806
127.387507, 3.527567, -1.670061, -2.390097
127.487520, 3.514202, -1.681779, -2.445412
127.587553, 3.500515, -1.692884, -2.501185
127.687521, 3.486189, -1.702987, -2.554489
127.787497, 3.471187, -1.712414, -2.596325
127.887528, 3.455880, -1.720895, -2.635039
127.987524, 3.440468, -1.728499, -2.669140
128.087497, 3.424641, -1.735465, -2.705056
128.187515, 3.410161, -1.741662, -2.738077
128.287578, 3.392091, -1.748832, -2.770348
128.387498, 3.375532, -1.754800, -2.796286
128.487497, 3.359033, -1.760503, -2.822023
128.587495, 3.342173, -1.765525, -2.841448
128.687721, 3.325115, -1.770751, -2.859513
128.787533, 3.308209, -1.775164, -2.874874
128.887580, 3.291078, -1.779973, -2.892587
128.987530, 3.273797, -1.784032, -2.908963
129.087511, 3.258120, -1.787434, -2.912069
129.187536, 3.243819, -1.790633, -2.912684
129.287500, 3.227312, -1.794310, -2.924925
129.387489, 3.211571, -1.797370, -2.924659
129.487569, 3.197395, -1.800373, -2.927356
129.587541, 3.179914, -1.803898, -2.923284
129.687527, 3.163251, -1.807584, -2.914137
129.787679, 3.150486, -1.810296, -2.921300
129.887544, 3.139175, -1.812788, -2.921829
129.987495, 3.127138, -1.815365, -2.925790
130.087571, 3.115036, -1.817916, -2.926527
130.187533, 3.103487, -1.820338, -2.925952
130.287587, 3.091745, -1.822931, -2.931399
130.387561, 3.080089, -1.825323, -2.935874
130.487533, 3.068697, -1.827472, -2.941718
130.587484, 3.057423, -1.829377, -2.947287
130.687484, 3.047379, -1.831425, -2.952557
130.787575, 3.036872, -1.833172, -2.962343
130.887577, 3.024312, -1.835690, -2.970196
130.987524, 3.011735, -1.837340, -2.974980
131.087562, 2.997384, -1.839694, -2.983702
131.187544, 2.984619, -1.841483, -2.990734
131.287502, 2.968503, -1.843726, -2.998127
131.387519, 2.954079, -1.845817, -3.000941
131.487518, 2.941935, -1.847368, -3.008267
131.587501, 2.928978, -1.849211, -3.013752
131.687528, 2.916962, -1.850714, -3.018129
131.787711, 2.904965, -1.852004, -3.019989
131.887610, 2.894019, -1.853339, -3.022711
131.987516, 2.883032, -1.854564, -3.026109
132.087523, 2.871425, -1.855884, -3.027012
132.187510, 2.860368, -1.857114, -3.027661
132.287503, 2.849805, -1.858481, -3.029972
132.387496, 2.838860, -1.859635, -3.030595
132.487535, 2.827559, -1.860654, -3.026155
132.587514, 2.812845, -1.862327, -3.011309
132.687593, 2.802322, -1.863954, -3.013415
132.787512, 2.800561, -1.863598, -3.041406
132.887501, 2.798495, -1.863817, -3.082983
132.987520, 2.795665, -1.864087, -3.132638
133.087489, 2.793350, -1.864009, 3.095865
133.187536, 2.791075, -1.863515, 3.040873
133.287511, 2.788860, -1.863211, 2.985561
133.379338, 2.786754, -1.862974, 2.932818
133.487581, 2.784290, -1.862043, 2.872207
133.587518, 2.782030, -1.861436, 2.817509
133.687506, 2.780489, -1.860533, 2.758011
133.787519, 2.778102, -1.859776, 2.702986
133.887554, 2.776557, -1.858481, 2.647248
133.987566, 2.774400, -1.857531, 2.597846
134.087520, 2.773247, -1.856325, 2.551817
134.187523, 2.771750, -1.855168, 2.516239
134.287559, 2.770108, -1.854162, 2.478546
134.387519, 2.769117, -1.853145, 2.436828
134.487501, 2.767804, -1.851515, 2.405799
134.587515, 2.765956, -1.850335, 2.364725
134.687509, 2.765123, -1.849197, 2.327015
134.787489, 2.764633, -1.848309, 2.316021
134.887531, 2.764835, -1.848723, 2.316102
134.987525, 2.764848, -1.848705, 2.315971
135.087564, 2.764873, -1.848720, 2.315973
135.187497, 2.764903, -1.848711, 2.315948
135.287484, 2.764895, -1.848714, 2.315971
135.387508, 2.764911, -1.848719, 2.316002
135.487492, 2.764913, -1.848700, 2.315965
135.587552, 2.764899, -1.848720, 2.316013
135.687587, 2.764896, -1.848717, 2.315956
135.787593, 2.764889, -1.848715, 2.315922
135.887580, 2.764889, -1.848718, 2.315922
135.987516, 2.764889, -1.848721, 2.316048
136.087495, 2.764900, -1.848729, 2.316032
136.187477, 2.764955, -1.848768, 2.316334
136.287514, 2.764899, -1.848730, 2.316027
136.387531, 2.764894, -1.848734, 2.316001
136.487525, 2.764907, -1.848741, 2.315953
136.587728, 2.764906, -1.848733, 2.315986
136.687647, 2.764902, -1.848733, 2.315904
136.787530, 2.764929, -1.848740, 2.315946
136.887519, 2.764903, -1.848741, 2.315964
136.987515, 2.764956, -1.848792, 2.316406
137.087502, 2.764881, -1.848756, 2.316028
137.187527, 2.764900, -1.848747, 2.316061
137.287519, 2.764903, -1.848736, 2.315976
137.387606, 2.764913, -1.848731, 2.315926
137.487525, 2.764919, -1.848745, 2.315895
137.587514, 2.764927, -1.848733, 2.315986
137.687509, 2.764904, -1.848742, 2.316000
137.787479, 2.764904, -1.848734, 2.315925
137.887531, 2.764906, -1.848740, 2.315942
137.987532, 2.764905, -1.848744, 2.315974
138.087544, 2.764898, -1.848742, 2.315983
138.187539, 2.764901, -1.848734, 2.316007
138.287762, 2.764940, -1.848779, 2.316421
138.387526, 2.764954, -1.848783, 2.316450
138.487513, 2.764908, -1.848745, 2.316008
138.587642, 2.764909, -1.848737, 2.316038
138.687476, 2.764953, -1.848781, 2.316458
138.787499, 2.764976, -1.848799, 2.316438
138.887496, 2.764956, -1.848798, 2.316420
138.987589, 2.764911, -1.848749, 2.315974
139.087675, 2.764891, -1.848748, 2.315994
139.187489, 2.764907, -1.848747, 2.316090
139.287518, 2.764964, -1.848786, 2.316416
139.387522, 2.764943, -1.848794, 2.316440
139.487546, 2.764896, -1.848756, 2.316059
139.587515, 2.764899, -1.848760, 2.315910
139.687549, 2.764891, -1.848746, 2.315959
139.787630, 2.764900, -1.848740, 2.315911
139.887569, 2.764889, -1.848738, 2.316002
139.987606, 2.764902, -1.848739, 2.315966
140.087473, 2.764898, -1.848744, 2.315942
140.187517, 2.764904, -1.848744, 2.315996
140.287570, 2.764912, -1.848747, 2.315975
140.387484, 2.764895, -1.848748, 2.315949
140.487493, 2.764957, -1.848776, 2.316410
140.587585, 2.764903, -1.848736, 2.315953
140.687556, 2.764896, -1.848739, 2.315894
140.787519, 2.764910, -1.848739, 2.315921
140.887654, 2.764903, -1.848746, 2.316011
140.987566, 2.764916, -1.848751, 2.315996
141.087502, 2.764907, -1.848750, 2.315999
141.187512, 2.764904, -1.848753, 2.315980
141.287502, 2.764903, -1.848750, 2.315959
141.387572, 2.764904, -1.848753, 2.316071
141.504165, 2.764898, -1.848752, 2.315975
141.587510, 2.764951, -1.848796, 2.316473
141.687499, 2.764948, -1.848793, 2.316467
141.787551, 2.764895, -1.848768, 2.315917
141.887542, 2.764895, -1.848762, 2.315922
141.995878, 2.764882, -1.848753, 2.315887
142.087656, 2.764930, -1.848783, 2.316495
142.187554, 2.764887, -1.848748, 2.315950
142.287660, 2.764898, -1.848744, 2.315994
142.387531, 2.764913, -1.848756, 2.315923
142.487614, 2.764889, -1.848757, 2.315948
142.587480, 2.764894, -1.848752, 2.315913
142.687516, 2.764886, -1.848755, 2.315910
142.787596, 2.764953, -1.848813, 2.316447
142.887539, 2.764902, -1.848751, 2.315912
142.987528, 2.764897, -1.848757, 2.315944
143.087553, 2.764889, -1.848765, 2.315938
143.187511, 2.764948, -1.848800, 2.316398
143.287553, 2.764947, -1.848794, 2.316431
143.387514, 2.764918, -1.848766, 2.315964
143.487534, 2.764910, -1.848768, 2.315991
143.587504, 2.764901, -1.848766, 2.315901
143.687510, 2.764906, -1.848776, 2.316007
143.787532, 2.764910, -1.848777, 2.316006
143.887587, 2.764890, -1.848765, 2.315970
